5000
2282 169
169 63
63 3262
3262 1556
1556 442
442 3039
3039 4821
4821 2357
2357 543
543 1028
1028 3986
3986 2595
2595 1988
1988 3314
3314 3662
3662 713
713 3378
3378 2811
2811 1903
1903 2231
2231 597
597 719
719 697
697 4720
4720 804
804 2280
2280 2338
2338 675
675 3078
3078 2234
2234 488
488 3832
3832 2045
2045 667
667 2382
2382 2150
2150 3256
3256 3431
3431 809
809 4413
4413 3434
3434 309
309 4180
4180 4347
4347 2961
2961 992
992 217
217 791
791 1568
1568 1722
1722 2024
2024 1571
1571 2545
2545 230
230 3294
3294 2002
2002 3785
3785 3566
3566 1831
1831 3958
3958 3304
3304 315
315 962
962 1947
1947 3056
3056 3355
3355 2104
2104 4568
4568 825
825 4027
4027 4567
4567 1590
1590 150
150 4229
4229 3810
3810 1630
1630 2436
2436 3403
3403 3758
3758 2096
2096 3241
3241 4991
4991 1293
1293 4346
4346 1456
1456 1835
1835 2322
2322 404
404 120
120 1434
1434 4243
4243 3912
3912 1473
1473 2197
2197 568
568 590
590 4838
4838 273
273 4132
4132 3280
3280 3124
3124 3093
3093 3347
3347 1076
1076 3947
3947 3475
3475 869
869 1072
1072 3554
3554 2275
2275 1018
1018 468
468 2513
2513 3904
3904 1248
1248 146
146 1498
1498 224
224 1935
1935 2846
2846 1049
1049 4453
4453 3094
3094 3084
3084 1407
1407 40
40 1715
1715 3425
3425 755
755 300
300 4869
4869 1445
1445 4642
4642 1652
1652 2220
2220 1761
1761 3888
3888 3656
3656 3512
3512 2193
2193 3985
3985 1415
1415 2044
2044 4148
4148 379
379 3415
3415 475
475 4307
4307 1648
1648 4928
4928 344
344 3602
3602 3511
3511 3125
3125 304
304 391
391 3824
3824 700
700 2266
2266 2665
2665 510
510 4092
4092 2138
2138 929
929 4796
4796 4530
4530 2268
2268 4886
4886 341
341 560
560 3983
3983 461
461 4338
4338 647
647 4513
4513 4833
4833 1341
1341 3029
3029 2422
2422 1504
1504 3344
3344 3461
3461 1624
1624 1833
1833 3959
3959 4519
4519 3402
3402 2511
2511 998
998 1777
1777 1507
1507 3769
3769 1941
1941 1782
1782 4946
4946 1401
1401 476
476 2817
2817 1526
1526 486
486 1512
1512 1963
1963 3101
3101 698
698 96
96 3828
3828 2032
2032 2025
2025 1574
1574 1026
1026 3541
3541 1255
1255 1086
1086 830
830 117
117 4689
4689 4443
4443 2670
2670 4181
4181 3193
3193 4458
4458 3725
3725 4011
4011 76
76 1201
1201 1926
1926 1942
1942 4912
4912 1250
1250 2069
2069 1876
1876 872
872 2570
2570 3386
3386 4461
4461 2690
2690 885
885 2700
2700 2887
2887 452
452 4436
4436 648
648 731
731 2622
2622 4962
4962 3814
3814 792
792 1002
1002 4402
4402 3646
3646 599
599 4806
4806 4068
4068 2894
2894 959
959 98
98 2242
2242 2730
2730 1917
1917 1487
1487 4583
4583 1809
1809 666
666 2340
2340 598
598 1047
1047 2812
2812 1150
1150 1544
1544 1744
1744 1509
1509 248
248 3455
3455 2490
2490 533
533 3235
3235 2651
2651 984
984 70
70 3466
3466 3286
3286 1692
1692 3700
3700 546
546 2608
2608 1287
1287 1391
1391 2434
2434 747
747 654
654 3562
3562 693
693 3787
3787 886
886 4375
4375 2504
2504 726
726 4274
4274 4329
4329 2519
2519 2532
2532 254
254 2235
2235 1077
1077 1897
1897 4234
4234 4097
4097 2830
2830 1587
1587 1869
1869 780
780 4066
4066 154
154 2731
2731 359
359 1328
1328 2687
2687 487
487 610
610 3343
3343 615
615 4309
4309 1486
1486 1124
1124 3248
3248 786
786 1870
1870 507
507 702
702 4389
4389 3954
3954 651
651 3537
3537 861
861 2898
2898 3598
3598 2990
2990 2126
2126 3569
3569 3682
3682 4621
4621 3395
3395 4502
4502 360
360 2537
2537 22
22 2524
2524 1801
1801 1898
1898 3830
3830 2188
2188 3895
3895 1252
1252 3201
3201 3859
3859 3151
3151 314
314 2689
2689 2017
2017 1930
1930 3624
3624 4516
4516 103
103 3795
3795 976
976 4547
4547 4388
4388 3238
3238 36
36 4782
4782 3436
3436 2176
2176 3117
3117 2850
2850 2047
2047 4366
4366 4110
4110 1795
1795 4004
4004 3740
3740 4017
4017 1399
1399 2125
2125 879
879 3719
3719 4645
4645 2886
2886 2911
2911 1730
1730 1135
1135 3773
3773 1549
1549 586
586 741
741 2155
2155 4177
4177 1433
1433 2319
2319 2406
2406 2668
2668 1403
1403 436
436 3665
3665 3869
3869 4295
4295 674
674 4275
4275 870
870 684
684 1396
1396 1581
1581 4040
4040 2558
2558 4010
4010 701
701 1085
1085 27
27 1522
1522 2225
2225 3797
3797 2903
2903 1779
1779 1104
1104 1617
1617 4551
4551 4446
4446 1592
1592 2510
2510 3533
3533 2084
2084 717
717 321
321 3099
3099 3185
3185 1802
1802 255
255 527
527 2749
2749 1171
1171 4761
4761 594
594 2529
2529 2800
2800 1613
1613 1351
1351 414
414 3051
3051 3880
3880 2977
2977 1959
1959 3012
3012 935
935 2909
2909 1050
1050 1740
1740 883
883 1697
1697 92
92 3493
3493 1733
1733 2457
2457 3702
3702 3187
3187 2822
2822 4489
4489 2295
2295 3190
3190 4762
4762 588
588 247
247 3001
3001 1275
1275 3556
3556 1329
1329 467
467 835
835 4142
4142 202
202 2164
2164 1537
1537 2238
2238 1660
1660 4330
4330 2915
2915 604
604 3939
3939 2844
2844 418
418 1438
1438 3163
3163 1466
1466 1306
1306 1405
1405 3424
3424 1247
1247 317
317 1128
1128 3756
3756 985
985 2418
2418 2408
2408 2194
2194 972
972 1021
1021 3414
3414 3836
3836 1623
1623 4156
4156 2962
2962 48
48 4841
4841 1548
1548 4222
4222 1502
1502 2293
2293 955
955 3118
3118 3400
3400 3032
3032 3098
3098 3295
3295 2790
2790 2224
2224 158
158 390
390 4536
4536 376
376 3309
3309 4532
4532 1039
1039 3189
3189 548
548 3899
3899 1793
1793 2402
2402 2154
2154 1622
1622 3636
3636 1151
1151 964
964 4808
4808 3215
3215 460
460 1882
1882 1239
1239 1120
1120 3557
3557 603
603 37
37 1408
1408 1849
1849 1906
1906 4003
4003 716
716 2160
2160 1991
1991 2478
2478 721
721 3313
3313 2022
2022 1758
1758 1228
1228 492
492 1230
1230 3319
3319 4613
4613 3964
3964 4199
4199 938
938 4803
4803 4447
4447 1547
1547 2239
2239 4391
4391 930
930 4134
4134 1167
1167 2250
2250 3042
3042 1565
1565 2179
2179 3851
3851 4769
4769 2379
2379 3406
3406 982
982 296
296 1632
1632 2776
2776 1510
1510 3292
3292 2596
2596 398
398 728
728 4254
4254 517
517 194
194 2604
2604 4922
4922 3021
3021 1967
1967 2792
2792 1494
1494 3033
3033 1943
1943 3563
3563 1999
1999 1219
1219 526
526 1311
1311 2327
2327 2007
2007 3627
3627 1170
1170 2714
2714 1883
1883 2952
2952 4058
4058 2991
2991 531
531 24
24 2046
2046 1904
1904 4313
4313 93
93 2367
2367 3483
3483 173
173 2460
2460 2409
2409 1390
1390 20
20 2970
2970 1154
1154 129
129 243
243 1173
1173 4416
4416 1852
1852 655
655 2236
2236 4029
4029 1065
1065 3070
3070 451
451 1789
1789 4662
4662 1975
1975 99
99 201
201 1980
1980 1382
1382 320
320 641
641 2910
2910 4867
4867 1067
1067 3035
3035 2403
2403 2833
2833 1233
1233 1797
1797 3651
3651 3357
3357 33
33 1589
1589 1100
1100 1369
1369 1004
1004 2500
2500 3203
3203 1573
1573 567
567 4130
4130 368
368 125
125 867
867 3430
3430 1091
1091 4947
4947 1271
1271 335
335 3783
3783 3610
3610 289
289 447
447 1754
1754 2407
2407 2100
2100 3463
3463 4892
4892 3826
3826 3861
3861 3269
3269 1699
1699 703
703 3494
3494 918
918 4438
4438 2669
2669 524
524 735
735 3009
3009 1270
1270 3148
3148 836
836 4284
4284 17
17 362
362 1914
1914 1610
1610 3594
3594 2642
2642 3902
3902 4387
4387 3328
3328 898
898 1452
1452 2541
2541 3438
3438 1603
1603 140
140 2405
2405 2260
2260 1422
1422 3840
3840 790
790 3819
3819 1784
1784 547
547 4035
4035 3586
3586 1450
1450 989
989 4064
4064 3708
3708 433
433 625
625 454
454 4008
4008 3120
3120 2300
2300 539
539 3354
3354 116
116 200
200 3709
3709 2038
2038 851
851 1474
1474 34
34 2299
2299 231
231 3875
3875 2148
2148 148
148 1745
1745 4195
4195 3348
3348 1615
1615 1551
1551 2591
2591 3311
3311 2392
2392 3837
3837 2071
2071 2202
2202 1303
1303 816
816 4424
4424 891
891 3934
3934 3069
3069 796
796 2937
2937 2978
2978 2832
2832 3258
3258 349
349 4098
4098 3327
3327 3397
3397 1497
1497 2211
2211 4206
4206 3577
3577 2734
2734 328
328 4523
4523 1500
1500 2363
2363 1580
1580 4809
4809 3677
3677 2976
2976 2553
2553 3885
3885 1519
1519 1116
1116 3946
3946 50
50 4450
4450 1349
1349 3640
3640 408
408 3477
3477 4479
4479 1284
1284 1843
1843 4277
4277 2050
2050 1121
1121 4159
4159 4765
4765 2826
2826 2925
2925 185
185 3957
3957 2559
2559 181
181 1586
1586 824
824 496
496 2075
2075 1695
1695 4072
4072 3429
3429 9
9 3972
3972 1520
1520 2172
2172 919
919 855
855 147
147 1666
1666 1260
1260 3642
3642 4659
4659 2899
2899 1661
1661 1465
1465 352
352 887
887 4929
4929 2904
2904 845
845 2503
2503 3681
3681 1268
1268 2237
2237 4034
4034 1979
1979 4459
4459 572
572 3390
3390 1112
1112 4304
4304 3805
3805 2566
2566 1388
1388 637
637 2983
2983 2049
2049 2771
2771 305
305 3663
3663 2439
2439 3141
3141 2582
2582 3584
3584 2674
2674 166
166 1931
1931 1427
1427 3653
3653 978
978 1234
1234 3142
3142 2258
2258 493
493 1421
1421 1685
1685 3597
3597 1267
1267 2487
2487 4179
4179 2005
2005 354
354 3087
3087 407
407 2715
2715 4144
4144 4310
4310 3127
3127 1101
1101 215
215 696
696 4430
4430 2343
2343 3749
3749 1563
1563 571
571 4840
4840 3941
3941 1481
1481 4172
4172 2989
2989 2775
2775 4766
4766 536
536 3748
3748 1621
1621 4823
4823 3068
3068 2153
2153 172
172 4013
4013 3014
3014 4467
4467 2130
2130 2907
2907 4755
4755 2763
2763 4037
4037 2053
2053 1863
1863 4843
4843 1185
1185 1705
1705 2765
2765 2685
2685 2329
2329 4927
4927 1511
1511 854
854 1199
1199 4168
4168 4290
4290 873
873 1164
1164 3173
3173 2101
2101 3008
3008 58
58 668
668 3534
3534 4336
4336 1891
1891 121
121 182
182 1057
1057 3704
3704 3366
3366 3926
3926 2794
2794 2536
2536 4625
4625 477
477 3237
3237 1960
1960 2368
2368 1889
1889 532
532 1106
1106 144
144 1258
1258 1768
1768 1325
1325 2281
2281 771
771 4184
4184 3381
3381 2733
2733 2810
2810 578
578 2573
2573 958
958 801
801 2624
2624 902
902 3177
3177 4260
4260 2494
2494 712
712 387
387 3516
3516 4227
4227 1242
1242 2874
2874 3856
3856 196
196 4504
4504 4093
4093 331
331 609
609 1014
1014 4697
4697 987
987 4652
4652 1746
1746 516
516 2184
2184 3374
3374 4036
4036 233
233 3080
3080 424
424 4880
4880 4794
4794 3043
3043 4846
4846 1886
1886 2974
2974 2132
2132 1176
1176 2515
2515 2890
2890 4879
4879 3754
3754 1343
1343 3510
3510 4814
4814 1015
1015 2662
2662 1042
1042 2472
2472 160
160 3762
3762 4032
4032 757
757 2011
2011 1854
1854 1899
1899 4629
4629 2629
2629 3059
3059 3497
3497 1984
1984 2087
2087 4677
4677 1934
1934 3218
3218 4460
4460 1672
1672 4858
4858 4396
4396 4773
4773 1633
1633 3140
3140 4358
4358 2601
2601 3318
3318 723
723 2762
2762 2916
2916 2111
2111 4569
4569 551
551 2769
2769 4959
4959 1927
1927 2035
2035 2009
2009 3361
3361 808
808 351
351 110
110 2609
2609 2640
2640 3416
3416 2115
2115 141
141 4421
4421 3585
3585 2777
2777 2992
2992 2671
2671 4744
4744 3882
3882 743
743 163
163 4116
4116 2540
2540 2477
2477 3368
3368 3255
3255 2542
2542 1263
1263 3544
3544 2538
2538 1153
1153 1027
1027 2097
2097 2298
2298 1693
1693 1387
1387 622
622 205
205 3730
3730 4600
4600 3729
3729 505
505 3848
3848 3933
3933 2052
2052 4198
4198 14
14 3839
3839 3994
3994 1068
1068 1276
1276 4865
4865 4984
4984 1732
1732 3501
3501 1180
1180 4557
4557 2423
2423 3625
3625 4202
4202 2901
2901 1288
1288 1240
1240 1326
1326 3987
3987 4768
4768 4726
4726 1555
1555 3535
3535 2029
2029 1054
1054 773
773 262
262 118
118 4279
4279 1305
1305 1948
1948 306
306 75
75 2501
2501 3767
3767 4701
4701 4813
4813 4380
4380 4363
4363 2066
2066 206
206 4825
4825 2572
2572 1915
1915 1585
1585 3119
3119 375
375 1483
1483 1706
1706 198
198 4724
4724 911
911 1604
1604 4756
4756 2374
2374 2814
2814 3161
3161 4225
4225 623
623 3356
3356 4798
4798 2789
2789 3452
3452 3524
3524 3693
3693 1285
1285 2303
2303 3443
3443 3751
3751 4950
4950 1251
1251 4574
4574 4420
4420 1117
1117 2546
2546 1005
1005 1301
1301 410
410 56
56 3812
3812 3775
3775 52
52 714
714 990
990 1858
1858 186
186 2556
2556 4722
4722 4672
4672 853
853 326
326 3901
3901 3639
3639 3446
3446 4529
4529 21
21 4456
4456 3759
3759 3018
3018 4255
4255 2377
2377 4152
4152 3661
3661 3456
3456 4774
4774 3616
3616 1373
1373 4683
4683 4103
4103 234
234 2089
2089 1588
1588 3002
3002 380
380 133
133 2263
2263 2128
2128 4083
4083 1517
1517 4969
4969 4737
4737 2163
2163 3468
3468 1162
1162 1471
1471 1832
1832 12
12 3966
3966 3818
3818 290
290 1178
1178 1602
1602 2488
2488 4715
4715 3476
3476 3997
3997 312
312 193
193 1223
1223 1394
1394 2297
2297 1299
1299 4789
4789 4826
4826 2821
2821 175
175 4627
4627 3465
3465 4287
4287 1561
1561 2586
2586 2751
2751 3426
3426 2058
2058 2913
2913 2222
2222 3936
3936 307
307 2362
2362 2336
2336 1429
1429 3486
3486 2010
2010 4668
4668 448
448 2709
2709 999
999 405
405 2702
2702 4670
4670 245
245 2073
2073 2141
2141 3655
3655 3622
3622 1848
1848 104
104 1665
1665 484
484 1681
1681 785
785 4731
4731 2995
2995 2380
2380 4049
4049 1997
1997 4942
4942 3404
3404 3034
3034 4022
4022 2835
2835 3698
3698 3955
3955 100
100 2872
2872 1458
1458 4451
4451 3680
3680 1060
1060 3782
3782 1955
1955 155
155 607
607 3863
3863 2919
2919 2355
2355 4214
4214 1946
1946 3659
3659 2210
2210 358
358 1748
1748 1678
1678 3037
3037 1485
1485 221
221 3579
3579 3979
3979 858
858 1725
1725 1397
1397 1956
1956 2845
2845 3211
3211 445
445 2361
2361 563
563 1330
1330 1900
1900 364
364 2117
2117 4906
4906 2520
2520 4269
4269 1676
1676 3130
3130 4240
4240 2437
2437 4425
4425 2975
2975 3552
3552 908
908 974
974 1261
1261 538
538 3993
3993 4730
4730 4410
4410 3088
3088 1936
1936 2928
2928 4442
4442 888
888 1872
1872 3604
3604 4332
4332 2251
2251 1179
1179 3922
3922 969
969 3047
3047 303
303 1523
1523 4437
4437 2345
2345 4143
4143 1993
1993 3507
3507 2943
2943 3711
3711 3635
3635 2994
2994 4708
4708 3650
3650 4411
4411 4099
4099 2484
2484 2560
2560 3412
3412 1012
1012 4932
4932 3015
3015 2766
2766 1282
1282 951
951 2598
2598 1971
1971 1716
1716 346
346 1089
1089 1155
1155 167
167 1816
1816 65
65 2398
2398 988
988 2334
2334 1567
1567 770
770 2967
2967 4395
4395 241
241 3714
3714 2471
2471 2764
2764 1017
1017 4580
4580 2344
2344 4964
4964 3214
3214 986
986 3306
3306 2061
2061 1478
1478 3192
3192 4219
4219 3398
3398 644
644 4439
4439 4795
4795 3809
3809 3470
3470 850
850 4475
4475 2584
2584 4147
4147 528
528 3020
3020 1905
1905 2627
2627 4063
4063 1992
1992 734
734 3995
3995 2641
2641 4980
4980 653
653 878
878 4133
4133 852
852 2825
2825 2785
2785 2019
2019 3988
3988 4241
4241 3694
3694 638
638 1862
1862 2644
2644 139
139 4772
4772 1974
1974 183
183 4200
4200 1861
1861 5000
5000 1593
1593 1133
1133 450
450 3413
3413 474
474 764
764 361
361 3900
3900 2645
2645 2372
2372 776
776 170
170 1041
1041 4960
4960 4440
4440 2809
2809 1774
1774 2712
2712 291
291 1358
1358 3550
3550 1994
1994 3290
3290 2518
2518 2316
2316 3777
3777 3953
3953 1536
1536 837
837 74
74 1664
1664 2004
2004 1583
1583 3405
3405 2447
2447 1136
1136 4764
4764 971
971 3418
3418 2144
2144 3595
3595 4949
4949 4231
4231 605
605 1205
1205 2679
2679 3420
3420 2815
2815 2955
2955 3667
3667 4727
4727 1969
1969 2021
2021 1690
1690 817
817 2931
2931 704
704 3503
3503 2400
2400 710
710 3980
3980 2657
2657 926
926 3940
3940 4943
4943 4643
4643 3199
3199 3611
3611 2881
2881 2554
2554 2493
2493 432
432 2360
2360 2528
2528 2696
2696 4319
4319 4089
4089 3914
3914 3641
3641 1472
1472 3847
3847 2285
2285 1901
1901 2375
2375 2442
2442 2370
2370 1412
1412 4738
4738 4503
4503 3135
3135 1562
1562 2563
2563 1105
1105 4495
4495 2057
2057 544
544 1424
1424 4752
4752 2918
2918 4998
4998 2760
2760 348
348 209
209 1749
1749 4914
4914 53
53 3321
3321 108
108 1063
1063 1829
1829 1393
1393 1778
1778 1977
1977 1710
1710 1689
1689 3923
3923 6
6 860
860 4563
4563 933
933 3407
3407 3394
3394 3040
3040 1214
1214 431
431 1752
1752 2876
2876 4885
4885 191
191 1982
1982 1066
1066 1314
1314 4630
4630 997
997 3154
3154 4626
4626 1322
1322 724
724 839
839 2737
2737 4831
4831 534
534 2056
2056 2421
2421 2837
2837 2950
2950 1736
1736 3492
3492 1281
1281 2279
2279 2463
2463 4790
4790 2000
2000 2761
2761 4735
4735 2196
2196 3643
3643 3855
3855 2060
2060 3784
3784 2946
2946 3732
3732 562
562 2401
2401 4994
4994 2139
2139 4087
4087 793
793 1859
1859 2782
2782 4575
4575 1534
1534 1577
1577 2464
2464 2259
2259 85
85 1360
1360 101
101 3264
3264 3257
3257 2166
2166 4121
4121 3621
3621 4972
4972 3297
3297 4169
4169 761
761 2728
2728 4233
4233 2884
2884 1762
1762 2203
2203 396
396 1785
1785 1053
1053 3690
3690 4849
4849 4386
4386 2438
2438 4477
4477 4811
4811 2386
2386 4753
4753 2784
2784 1885
1885 4208
4208 3399
3399 1867
1867 1731
1731 423
423 1598
1598 1156
1156 371
371 671
671 4435
4435 4916
4916 1729
1729 456
456 1160
1160 3071
3071 4931
4931 3898
3898 394
394 3210
3210 3487
3487 1986
1986 946
946 5
5 3332
3332 4211
4211 3491
3491 2133
2133 944
944 1759
1759 4101
4101 1092
1092 2136
2136 1824
1824 2331
2331 3761
3761 751
751 392
392 4002
4002 2719
2719 499
499 4900
4900 3259
3259 2667
2667 542
542 3271
3271 1518
1518 4653
4653 4428
4428 3908
3908 4075
4075 2219
2219 2241
2241 3720
3720 2094
2094 2417
2417 2923
2923 3273
3273 3672
3672 1875
1875 4663
4663 3126
3126 3046
3046 2385
2385 3570
3570 3790
3790 4193
4193 2756
2756 4014
4014 4936
4936 3919
3919 57
57 2684
2684 1796
1796 966
966 1383
1383 4608
4608 863
863 2020
2020 3578
3578 1996
1996 282
282 1757
1757 1479
1479 591
591 2175
2175 3377
3377 1794
1794 1821
1821 4859
4859 4703
4703 1771
1771 1607
1607 2433
2433 3350
3350 2882
2882 3230
3230 3030
3030 2778
2778 772
772 993
993 3162
3162 4973
4973 4232
4232 1356
1356 2806
2806 3670
3670 4902
4902 2041
2041 1819
1819 3921
3921 2413
2413 849
849 2273
2273 2347
2347 2859
2859 2722
2722 1702
1702 774
774 2365
2365 1038
1038 419
419 4894
4894 1764
1764 4120
4120 2124
2124 4644
4644 3973
3973 373
373 1727
1727 2076
2076 272
272 250
250 1704
1704 2192
2192 4080
4080 4016
4016 1970
1970 356
356 664
664 1569
1569 1576
1576 3247
3247 3000
3000 4559
4559 2440
2440 4138
4138 917
917 3942
3942 2912
2912 240
240 2127
2127 779
779 4883
4883 1973
1973 279
279 109
109 490
490 4528
4528 1932
1932 2594
2594 3515
3515 950
950 2314
2314 2933
2933 924
924 2383
2383 4767
4767 1739
1739 3428
3428 2653
2653 2498
2498 135
135 3674
3674 3283
3283 4434
4434 4582
4582 188
188 4500
4500 2585
2585 2574
2574 630
630 3474
3474 1874
1874 2162
2162 4299
4299 2965
2965 83
83 2708
2708 3811
3811 857
857 3553
3553 2265
2265 171
171 595
595 3615
3615 3589
3589 892
892 2656
2656 1701
1701 2824
2824 3417
3417 258
258 658
658 1995
1995 157
157 176
176 3239
3239 330
330 4490
4490 1853
1853 650
650 4135
4135 881
881 4941
4941 256
256 3134
3134 3713
3713 2801
2801 271
271 4312
4312 3110
3110 1197
1197 2253
2253 3334
3334 2459
2459 2896
2896 3165
3165 1417
1417 1203
1203 1377
1377 2481
2481 1083
1083 3224
3224 4485
4485 1625
1625 3367
3367 298
298 3668
3668 3529
3529 1535
1535 4604
4604 2517
2517 3480
3480 4301
4301 535
535 1800
1800 4966
4966 3136
3136 756
756 2037
2037 4431
4431 3245
3245 2376
2376 4071
4071 2706
2706 541
541 681
681 1830
1830 1174
1174 1546
1546 3171
3171 2092
2092 2450
2450 1031
1031 1220
1220 765
765 4246
4246 4372
4372 4562
4562 4595
4595 3911
3911 204
204 3026
3026 4316
4316 1236
1236 2455
2455 1307
1307 1805
1805 585
585 232
232 3617
3617 3564
3564 4114
4114 28
28 4555
4555 3866
3866 2165
2165 3695
3695 1265
1265 2632
2632 4308
4308 1229
1229 2480
2480 2855
2855 73
73 4896
4896 954
954 1763
1763 1636
1636 2288
2288 2310
2310 1827
1827 281
281 3781
3781 537
537 2174
2174 1222
1222 2191
2191 4046
4046 960
960 3076
3076 3965
3965 2091
2091 2461
2461 1543
1543 4632
4632 2048
2048 4009
4009 1122
1122 3365
3365 2727
2727 3111
3111 1404
1404 3688
3688 2875
2875 4165
4165 3967
3967 1658
1658 3186
3186 1928
1928 1595
1595 4205
4205 2496
2496 3384
3384 3089
3089 3555
3555 4857
4857 1463
1463 1584
1584 2077
2077 4581
4581 3770
3770 3017
3017 1020
1020 3131
3131 2732
2732 2228
2228 338
338 2269
2269 4775
4775 4196
4196 4095
4095 1965
1965 79
79 4939
4939 1634
1634 564
564 3285
3285 1966
1966 1215
1215 2249
2249 4745
4745 2626
2626 1933
1933 2941
2941 1319
1319 1075
1075 428
428 438
438 3860
3860 1212
1212 1207
1207 2143
2143 3380
3380 2742
2742 3774
3774 1559
1559 2308
2308 608
608 3393
3393 618
618 30
30 3626
3626 2779
2779 2081
2081 1036
1036 745
745 2543
2543 1770
1770 4748
4748 896
896 2865
2865 856
856 3025
3025 2939
2939 669
669 2956
2956 583
583 827
827 1814
1814 2621
2621 3753
3753 3234
3234 3806
3806 3359
3359 3198
3198 820
820 3048
3048 3326
3326 1318
1318 2829
2829 2090
2090 522
522 345
345 3735
3735 1244
1244 621
621 3324
3324 4405
4405 1840
1840 678
678 2161
2161 497
497 2467
2467 4153
4153 611
611 1776
1776 4102
4102 3296
3296 1735
1735 4427
4427 324
324 2672
2672 2304
2304 2618
2618 1078
1078 2531
2531 1
1 4373
4373 2256
2256 805
805 720
720 1059
1059 4992
4992 4482
4482 1978
1978 3121
3121 4109
4109 1703
1703 3182
3182 4236
4236 2395
2395 4082
4082 3505
3505 2741
2741 947
947 114
114 4025
4025 2118
2118 601
601 1416
1416 2388
2388 4791
4791 1129
1129 2981
2981 2986
2986 3460
3460 2988
2988 4106
4106 4692
4692 4944
4944 4145
4145 2935
2935 2625
2625 1641
1641 1976
1976 2324
2324 1828
1828 3546
3546 1043
1043 4292
4292 2839
2839 3791
3791 877
877 3779
3779 3489
3489 2698
2698 4986
4986 707
707 2610
2610 1489
1489 1989
1989 4432
4432 4601
4601 3630
3630 1668
1668 1321
1321 589
589 2171
2171 2257
2257 882
882 3440
3440 2177
2177 2
2 1714
1714 2892
2892 3379
3379 2514
2514 4059
4059 782
782 2287
2287 3145
3145 4361
4361 2364
2364 1368
1368 4376
4376 2836
2836 3590
3590 1597
1597 1202
1202 3105
3105 2936
2936 1274
1274 3727
3727 471
471 1482
1482 1531
1531 2445
2445 1961
1961 2214
2214 2597
2597 3300
3300 1649
1649 511
511 1743
1743 843
843 3054
3054 1402
1402 3160
3160 4835
4835 4633
4633 370
370 2116
2116 910
910 1505
1505 4320
4320 249
249 336
336 3618
3618 3442
3442 2703
2703 1495
1495 4422
4422 3250
3250 2292
2292 4971
4971 1528
1528 1893
1893 1650
1650 2758
2758 3010
3010 374
374 3989
3989 2870
2870 1440
1440 3275
3275 485
485 3897
3897 2473
2473 1338
1338 1097
1097 759
759 2634
2634 2852
2852 2646
2646 4852
4852 4829
4829 1579
1579 2479
2479 3464
3464 1237
1237 2305
2305 4251
4251 4525
4525 2678
2678 3345
3345 3222
3222 4055
4055 54
54 2619
2619 3780
3780 3197
3197 1783
1783 1082
1082 2098
2098 3977
3977 264
264 3644
3644 153
153 4792
4792 1127
1127 3233
3233 2996
2996 3445
3445 322
322 3097
3097 2026
2026 2169
2169 1803
1803 4215
4215 3485
3485 927
927 2982
2982 3857
3857 549
549 1700
1700 2816
2816 1679
1679 2391
2391 443
443 4628
4628 4550
4550 1040
1040 3752
3752 4890
4890 3609
3609 682
682 4216
4216 513
513 4288
4288 981
981 2834
2834 4354
4354 4031
4031 606
606 82
82 4543
4543 4507
4507 1345
1345 3792
3792 3478
3478 35
35 4441
4441 401
401 1540
1540 3574
3574 3331
3331 115
115 3432
3432 3421
3421 2747
2747 4863
4863 3883
3883 1409
1409 802
802 2725
2725 4907
4907 4188
4188 2693
2693 3027
3027 1545
1545 2123
2123 3757
3757 3928
3928 1728
2432 586
4232 4333
2342 4133
648 2735
4071 2840
1582 1086
891 227
767 4857
972 2592
4410 102
1941 1811
2271 1794
467 3799
1610 2968
2752 30
3399 2863
3869 3771
314 4426
2669 124
3636 4469
1536 1600
3120 4610
3183 1583
4299 656
4434 1455
3047 4192
2780 1710
3648 2749
1248 2309
1104 4925
3748 4328
3737 4604
3108 4098
1162 3823
1873 3797
4127 4246
3216 1285
2164 3307
322 4119
2495 2022
1446 4727
2234 1608
2550 786
4461 4522
3375 1017
516 2390
3259 2791
3710 930
687 3040
1142 2250
1506 2380
1102 1976
1923 4998
4473 3046
1394 3115
551 983
3132 1978
3212 1828
1312 4626
1770 4901
3524 1484
163 4985
4868 3108
3837 4860
3586 1788
851 219
399 4046
1107 186
1534 4646
3749 3944
1571 4167
2850 4552
3687 3216
1623 3969
95 638
4533 4072
227 2841
2493 3065
3767 313
4589 1660
786 1987
1999 4057
1541 3590
1466 500
375 592
303 1316
467 936
3297 1125
3004 5
3477 10
1934 2754
3752 2611
1205 1834
2893 511
2006 698
541 222
3003 4308
3209 1316
94 1882
2502 510
4917 167
3353 3541
3775 3822
505 64
2852 2384
1789 1019
3442 89
4777 4689
2726 845
4817 1303
4509 2224
189 3537
3686 3080
2718 52
2181 3719
1091 1895
1507 4137
2256 3396
3747 1239
2702 3721
2535 1946
1422 3703
3945 3589
2716 2222
4381 3035
4214 4392
4704 2316
2046 1786
3687 2628
1691 1526
3701 3758
3621 3340
2809 1453
2616 4461
3521 1789
1262 4482
4937 1965
4590 1329
2667 4335
3692 1576
4358 2917
403 1162
658 2296
1750 2540
1273 2316
4285 1408
3497 3738
4201 3758
3334 777
3119 3457
2113 1202
3804 3569
500 4006
1156 270
3452 137
2655 2917
2327 4560
2802 2380
946 2571
3769 107
944 1428
4295 3231
2318 4071
1914 4988
4982 452
4115 4629
3579 4360
3892 1883
1677 3616
2936 3763
4629 1711
95 2926
4237 2881
4318 4495
3848 1355
1844 776
2306 3626
3067 3273
2344 4463
4134 3086
3593 158
2976 1925
2691 3257
4105 726
299 2472
126 986
888 1096
4854 535
2056 3364
429 2937
475 3722
1771 4244
3613 3730
4451 1336
4076 1861
1467 3668
3324 4974
428 4317
2960 2901
4491 4177
2838 3201
4223 4901
2443 3040
349 2134
3723 2005
3278 1930
266 4724
3227 3406
2883 171
2131 1382
3367 635
845 4007
854 2284
3371 1434
1610 2333
3123 1689
2498 2871
2513 112
813 1848
929 1317
1108 872
3272 2758
2972 1975
2224 4294
1597 261
4533 466
3071 179
2784 1911
3370 240
4073 2678
4431 3664
4458 3560
2757 2881
2512 836
4350 2263
667 2396
3055 1715
2751 4739
1639 4590
2324 365
3662 4754
4423 1997
105 917
3956 2937
1109 2293
2331 1295
4600 1601
4356 227
4075 1320
3190 3739
4872 3067
2206 3898
1414 4475
3103 3000
4563 4553
2659 684
2436 1460
2893 3444
2693 3194
3675 4551
4557 151
1662 851
3968 1934
3171 4051
1462 1014
2090 1131
1675 601
4717 1329
4964 3072
1271 4713
3146 608
3987 4682
2138 3907
2163 4785
2659 3188
4575 3013
743 4919
1301 1435
3005 1036
557 4821
2852 4624
1497 4247
2248 1387
1431 836
4754 1812
3064 1901
3454 4447
4474 103
4185 2383
1913 3135
4523 2827
720 912
54 4520
1603 2476
115 4449
3830 3352
2715 4258
4162 2376
198 2276
2844 3608
1941 1359
2063 4192
2046 498
3250 991
3214 4355
2299 4161
1149 1535
1325 2441
237 2403
3900 649
4413 1818
4337 1716
2717 4863
445 829
3974 1947
3024 3883
3167 4745
867 3050
1258 1769
1662 1476
4769 3041
3964 3499
4159 4483
167 1376
2523 4950
711 4135
156 2535
2720 109
6 3531
3253 2761
1640 3442
4653 426
2527 2541
1574 3587
2483 34
2214 1937
4654 2392
257 3055
4829 593
596 4865
4299 3530
4576 4232
4357 2069
3379 1894
2960 834
2154 4315
1977 4129
2925 2738
4952 4290
2788 261
2836 97
807 4424
41 1325
3467 460
1999 2255
4130 216
4951 2380
4044 1282
2509 3334
3320 2826
3990 3313
1331 3183
873 905
3437 4613
4 1212
1338 242
2425 3556
320 2786
4663 1799
4845 4172
3959 4455
2758 1877
2421 3815
1145 4806
3251 171
4042 2537
4314 4317
4426 4805
3371 3423
4892 3473
3916 121
245 2337
715 731
17 1357
1171 39
449 2632
3843 2936
3383 4162
4777 2449
3372 3682
1513 1730
2587 4885
3823 1370
2806 2120
1902 3211
2721 2310
2402 1406
4639 3222
2254 3326
331 1372
887 2820
2443 4457
4410 90
3431 3905
137 4210
2846 2170
596 4690
1779 584
582 1041
4203 4229
3686 3764
236 3711
3581 3764
3205 2776
1751 4894
2918 1490
260 1748
556 3309
2116 2122
1401 3305
8 4775
4813 197
3158 3233
113 3753
1964 3897
3677 4866
4914 1951
386 4459
2848 3001
2866 4037
4304 4131
928 1268
3401 1898
2900 2782
4048 785
3128 485
1003 1131
133 1990
2736 1150
2924 2734
3681 2767
4837 281
3932 1068
3920 373
2507 3128
318 4031
270 2013
1697 1380
4915 4964
1562 1480
900 3423
4001 2532
3184 1625
4392 3582
162 1050
3218 3240
1374 1244
1028 3568
2841 343
1949 1066
2558 3448
2394 3968
1693 3249
652 1020
1817 4231
2199 1583
1813 4583
2720 38
471 4870
3273 3028
4824 1082
978 1436
1165 1434
103 3833
4611 3535
1698 4775
1790 1153
2272 852
2684 3284
367 2794
458 2655
639 2450
3245 1939
4323 3055
2488 3699
431 3435
992 3044
4584 1786
412 38
182 4718
3047 4052
4430 1367
324 4217
228 2011
1647 630
978 2247
3212 915
767 4024
3385 693
4995 929
2464 1013
3748 2799
1924 3158
4975 4645
4886 3206
2851 1974
208 2962
2969 774
3750 2989
535 4617
2434 2311
923 426
3418 3542
94 1670
4092 921
4160 3777
1580 3525
581 4435
952 3681
2868 3818
84 1601
4865 4572
3978 2769
4937 4999
2179 1962
462 3923
1647 389
164 1473
3627 2953
717 797
3867 2345
1113 1771
1950 703
1569 213
4109 744
1226 2598
3559 202
35 4881
3226 510
3070 3802
1988 4635
1062 2338
3714 3951
735 2533
1269 1697
1929 998
3041 2963
3733 1520
3573 1759
1047 440
3840 4349
184 1355
1935 4045
4201 3724
1809 4158
1548 1189
4414 4057
4390 4205
170 3741
4803 2567
747 1181
4317 2945
402 304
440 1726
203 1165
485 2301
4062 1725
2696 4412
1298 1446
1018 1718
2556 4874
3219 3814
1792 4841
3472 4814
1428 4612
4018 1969
833 2596
411 816
688 2550
1983 1383
3240 4096
4174 4316
2831 3146
3864 1305
692 2309
3173 4709
4210 1432
546 1300
2232 328
2033 886
457 4160
3909 454
4626 3924
1031 815
4138 3572
3463 3691
274 1242
2096 1069
514 4568
243 3107
2739 1705
2132 2934
3157 4629
3389 2776
2007 4989
149 2202
195 1237
3386 4631
3684 4337
2236 3558
2390 3066
978 2862
1600 2252
886 1398
3577 3265
1422 3628
13 4236
4501 1801
2702 2805
900 1392
3666 4205
3527 572
45 3306
1357 3600
4827 3101
3635 1609
2922 1082
1158 4868
4009 2947
2425 2387
578 60
4013 718
226 4018
350 1733
2742 1719
203 2557
3330 588
1157 4051
3511 1148
4995 2320
2483 1045
1110 1970
3215 1194
1918 1789
3414 4128
3934 3139
2481 2539
2147 1793
2989 1550
3250 3821
3898 4369
4055 4465
4518 3420
646 1758
4631 4100
2761 4028
3461 2929
124 2856
1069 1048
1399 3976
742 2513
2000 277
1045 473
2808 1483
3345 2121
4416 342
877 2724
363 3847
232 2216
919 1837
4648 2484
3277 4838
1020 218
789 4883
1641 3351
2531 1780
3722 2043
3762 1119
2280 831
2965 1663
2980 3292
2524 2652
3482 4196
2664 1785
3154 278
4416 378
2251 665
4238 1526
3551 4416
1331 478
4255 4226
3925 1898
2023 2784
567 1141
1792 3236
4419 1555
3299 4229
3116 3167
3092 2625
3977 968
3049 3616
3949 186
439 1102
3445 2262
4097 1034
244 2841
3705 4316
4775 434
4997 3187
942 2598
1429 1516
2629 509
1721 4422
2207 3013
571 4661
4225 823
2894 422
842 390
4085 4227
2957 354
1375 1119
4749 1829
3243 4543
2892 223
3792 4091
4918 978
2539 561
168 827
4548 4630
2450 7
253 4046
3175 2775
4844 1951
3158 2068
1426 3902
1719 1810
4296 984
2427 2132
206 4565
2787 1446
4696 3909
781 4068
1246 1082
567 980
1154 2415
1954 971
3156 3740
4075 3411
2189 4390
1396 1724
752 2374
1845 4852
4157 3094
2764 2426
244 4122
4758 39
1019 3333
2515 2435
4189 4028
1084 2044
4019 4422
4807 170
388 4052
3881 4881
763 4003
1501 113
1362 1718
2267 4290
23 3965
1331 4578
1176 2261
2764 4527
3534 2773
4107 4386
3529 957
93 4597
1146 3379
3864 3889
3296 1224
88 3472
2208 3897
3314 1061
1978 4876
4951 1353
4848 3771
1044 2566
1455 4207
106 1369
3860 409
3210 239
4079 2835
4136 3713
812 3026
4010 2650
1638 2934
4037 4334
2332 3624
4150 4075
4038 4446
2408 673
1976 1560
1673 3415
1256 3979
2072 3024
1392 62
4616 2996
317 4385
4985 4665
1294 1003
261 941
3491 4664
3016 10
4889 1167
2440 4484
3519 3241
4456 3657
2601 3057
2424 1785
3643 3490
415 21
384 1704
3715 1751
703 4182
1006 711
263 4629
3544 2743
124 3170
2176 1807
1112 3169
3190 3469
3543 1690
3348 2198
4670 4614
3902 4398
4293 4396
1284 2948
1001 1078
3082 476
2295 3419
2660 1374
1596 641
4972 4747
2585 2240
4415 3499
1375 1694
2034 4939
4422 4352
374 3952
2747 3073
1734 3319
1070 4489
3346 3811
2575 578
1437 56
2510 265
2925 3718
1125 3363
1675 3528
4714 1942
2878 4753
3047 2798
3425 119
1965 3217
3070 1444
380 4406
3614 1733
3143 1587
388 3196
1874 3803
2244 944
3513 2177
2489 4601
3176 3595
289 2873
2753 281
1872 134
2002 2168
4360 3696
613 4601
4269 508
4342 1724
2569 3711
3632 4880
1480 4012
3702 1245
2548 1262
4930 2653
4186 3643
3096 2693
3754 1627
662 1256
935 3479
4281 1889
50 4981
943 39
3320 2428
3317 3628
533 3689
3486 2530
1746 1033
4887 842
4348 1336
4558 2757
2354 3693
1760 2396
1661 4546
4599 4436
595 3913
4853 3317
2729 3711
4855 1472
2676 3123
3599 1069
1884 752
2204 1928
4250 330
4143 2431
3825 3779
2558 4108
4 4888
2191 2682
4700 2936
4798 3508
4655 4058
2488 3310
2832 2114
3138 2338
1950 323
928 1277
2441 4126
178 1065
1601 1344
2123 4351
3661 3409
3467 340
4241 4538
4251 1118
3673 3103
3660 290
1499 2288
1868 618
2768 1287
3825 3109
4652 1346
3950 75
1692 2522
1867 4020
3091 37
4625 4499
2394 2803
1084 768
3500 1501
3244 1082
3308 272
3786 4555
332 433
658 1464
2023 297
172 4904
1327 870
3384 4781
3743 4881
528 909
1441 3055
3298 4749
3412 620
4975 259
4470 537
2475 2268
1562 4266
2725 4638
1981 1858
97 51
358 2373
2477 4903
1224 2600
1105 122
1877 3449
4364 2931
1594 3482
629 3139
817 552
4403 3531
2150 2452
2115 3755
2615 4395
1889 1195
2103 850
377 1230
4138 1756
2302 30
4148 818
620 691
3785 1011
2243 35
3049 4603
2588 1700
4106 2633
4055 679
4448 1546
4030 422
4862 2021
100 1280
4641 1965
1358 4637
3394 4408
1559 3606
983 778
3654 793
351 180
1618 4879
3587 3410
441 1509
4415 4856
4417 4199
535 463
2549 2464
931 4040
1388 1190
2300 530
3529 4492
4878 4896
4812 2779
3052 4202
4956 3472
1188 3093
4378 613
740 1437
1243 2365
4982 4891
3987 4487
4147 3387
4321 773
1664 311
3229 2367
1080 4136
899 158
4000 228
3781 4712
1282 1643
3267 4227
3389 165
3554 3179
2536 2516
2112 3987
1073 1754
1221 341
4681 4115
4602 3577
3965 1290
1079 823
4112 4036
2515 4725
3212 3649
2015 213
2234 2389
3575 3071
3998 3589
2636 3972
1792 2593
975 4294
1850 1698
1996 2003
1565 3576
1467 1865
3958 4978
3968 1296
2723 2207
3619 1017
467 3561
1438 4117
552 1218
4793 741
1364 2013
4924 998
2027 4346
242 948
2722 3506
1722 4948
4613 284
1612 4055
2404 2368
1761 4732
1095 1465
2719 4322
4937 963
4975 1575
2074 4200
2109 4525
359 1765
3622 2218
2042 3370
4335 42
3004 3450
1828 2149
1538 4627
3615 636
4834 4055
1090 781
4531 3296
2944 4794
4703 3287
1952 917
4569 495
2693 995
1751 3870
3873 4858
1088 3965
1664 4740
2958 3118
172 3532
1092 659
2109 4707
3100 1636
3302 3512
2157 2398
2804 887
762 186
168 3232
525 4773
3338 3241
1382 4397
1364 4286
3246 36
4151 1432
218 4471
2460 2313
2957 469
2787 3322
2902 1759
1359 3789
2797 4485
386 3315
527 337
3854 4483
369 2177
395 3957
3672 3971
2888 2338
4157 3496
3871 2939
1539 652
1104 1808
2744 4102
1207 4647
3549 4530
4779 3608
2016 1014
3171 3726
1902 1635
620 4544
3972 4497
4162 4149
19 4610
2605 2445
478 2142
642 4122
728 810
1749 4800
2667 1132
3884 500
1551 1204
4702 3066
2997 4975
783 4336
4068 4640
1887 2811
4927 3886
3918 4112
1281 453
1919 4153
1312 3984
1250 2544
3169 862
4434 1683
197 784
1017 4278
821 3971
3874 172
2018 107
4212 682
2277 3847
3332 663
1206 3294
2537 1572
4651 4939
501 4085
1425 2490
2578 647
1385 352
2212 3015
2683 3008
1034 211
3548 2586
924 2458
3776 3056
1543 540
763 2639
4452 1506
3947 3858
2764 3982
4235 1829
227 4893
1572 3716
3506 4303
2457 225
4254 4673
1338 2680
2425 1413
241 3282
3227 32
2271 482
2262 4542
106 2666
3021 1842
4620 1280
2274 433
515 4874
3063 2978
4230 3900
866 856
4368 4484
3364 1161
1115 4274
4525 187
4060 390
2858 1305
3699 1953
4499 4339
1966 3706
512 2765
1420 1301
3268 1936
2660 676
1691 319
1677 4926
1736 2508
750 833
4827 4033
1406 2663
2485 4930
3354 1216
1446 934
3077 1721
454 2341
3200 4774
893 1672
4292 3607
4198 787
181 2012
2412 719
2213 3529
745 4365
916 3730
2201 4673
4854 4023
198 310
2425 1130
3263 4063
572 1103
804 4197
2067 4544
4822 2343
494 1479
3177 518
950 1558
1739 4249
3137 3578
1042 2973
4327 73
3879 244
4697 2420
276 1222
4187 3874
69 3977
4431 3744
1608 2985
2940 823
2403 1920
2352 2544
3363 1208
3072 4909
1821 1423
1186 3440
803 4790
675 4605
3760 2743
443 844
1006 294
988 68
1855 2974
3342 1994
59 4583
3908 1492
2757 4265
517 3742
2199 4908
1202 1411
112 4021
3724 889
1159 604
4598 3479
4468 2698
3588 3556
4126 1231
1430 1541
1529 2228
2080 4683
3810 848
2661 779
4719 1556
3085 4376
2517 3349
2174 4367
417 1063
887 4819
3798 4863
2861 4375
918 4861
2200 254
3747 4480
2155 2745
3340 4797
2337 3631
4839 1796
377 1628
4111 3443
4738 554
4557 4588
2282 2932
4965 1730
2 4757
4474 4113
3739 1910
263 1381
2186 983
1071 1273
4618 2442
862 1515
866 3341
144 1723
3831 789
129 1213
3827 696
77 3688
395 1111
1878 772
1350 4590
1159 1309
4741 4518
4410 3893
478 4359
2486 318
4078 3837
4273 3818
577 2571
586 427
570 4285
1871 1234
3633 2174
2903 2351
3178 482
2623 4719
3812 4056
4155 1821
4346 737
3605 2218
455 915
4478 518
3512 4090
3911 3254
4271 1293
2080 2264
868 2913
1459 697
2314 4289
1825 536
4537 3324
2934 945
4394 4559
1934 2638
4087 161
2914 743
1455 4067
3649 2470
66 804
3805 1616
4545 4110
4276 2899
1379 4584
2537 4379
2088 4824
1202 4842
4910 1615
641 459
3093 1866
403 174
4851 1041
3303 1778
1629 3005
2648 3419
163 3962
600 4937
1599 693
3195 4336
2480 3495
1001 545
3482 4935
2036 3215
4064 1200
763 481
1236 4466
718 3036
1406 2078
2576 2761
2059 538
1982 2564
3917 3285
1178 4961
1708 410
1117 47
1940 4673
3751 220
2772 823
2070 3456
635 529
4950 4561
4905 97
1196 4313
3629 3784
2197 576
1061 3006
559 3911
126 4524
810 199
4476 3030
3295 44
2938 2420
2455 2008
2453 2639
1286 119
1633 4123
2183 2763
967 4826
2166 2908
470 2512
1469 3972
675 3391
4239 3864
4024 3095
3528 2770
1527 405
1869 4353
545 1193
3758 1324
4801 486
4830 848
3781 1688
2607 947
4088 3869
4897 951
3266 96
3111 1410
1122 1081
2905 4942
766 3663
139 4515
3346 1687
4760 4122
4742 4208
3839 4816
1919 1264
2521 3843
2647 1965
1676 4472
2123 1182
4900 267
1056 2354
4945 1426
2477 372
4400 4500
2492 856
2597 1860
3292 624
2964 823
2158 4020
769 4110
2858 1945
2348 2116
2555 539
2275 612
2925 3252
1139 1013
4802 4085
4952 2920
2227 1902
3868 889
1851 674
4473 1611
1985 223
2209 4834
915 4815
3767 1443
4248 434
2673 1510
4043 1668
2022 4183
4409 2533
4497 3634
900 138
1732 275
4534 4318
2859 1332
1452 1626
544 1334
3864 4053
4832 4350
3756 4282
3389 1938
4354 502
1315 2285
3113 2659
156 1566
4843 558
3533 3817
685 3507
3462 4563
3661 4934
4667 3467
390 3228
814 2664
4065 3555
3281 2967
152 4745
3405 2677
218 1916
581 4554
3954 1000
1067 2637
2388 2315
3828 80
2606 4625
4743 726
4979 1322
1868 1384
4612 906
3180 1060
1232 1639
4221 3636
128 4316
3910 3702
702 4521
2568 2157
1465 4280
1736 4343
94 1631
1747 1324
1481 2321
4047 1502
822 2992
3647 4369
1879 2792
1055 1436
2213 3676
1753 2595
4733 4161
2793 3769
1347 1174
4535 365
1682 4296
3530 4263
4018 1361
4297 776
4257 2385
1198 1539
4265 2064
2023 4178
1246 2270
754 3968
968 1187
4454 3192
4996 139
368 4864
4791 3149
3630 2215
4015 3403
238 4361
223 2156
2774 453
4483 4622
2867 39
3488 2546
4142 4362
4607 4840
4404 3328
4146 2802
2712 489
541 4987
4806 316
1334 840
4579 3524
1045 690
2309 1272
1601 775
3448 4252
848 973
308 4647
788 666
1177 2530
4748 3458
4220 3803
2191 2371
3481 2160
3152 331
1066 4486
3539 1934
4262 1402
382 2016
804 1921
3500 2565
3954 1254
2454 2407
4873 2548
3992 2735
1647 4291
1029 4918
3484 4929
2993 1174
1008 3059
4194 1999
2082 2953
2349 830
4950 1908
969 2446
1057 3114
4896 3191
913 139
4540 3755
3090 1529
1737 2637
3685 481
4951 4958
3717 2873
2364 4139
4465 4173
2879 3690
336 1766
3049 3168
2402 1669
3793 3491
483 3902
4039 2582
4311 438
1114 1031
2490 2966
1527 3801
1836 4944
3538 2389
4020 192
787 2414
3329 883
3791 1024
2750 3417
959 1477
4577 3375
2278 409
2803 2195
4640 2140
1345 1620
1362 1496
3800 1785
1289 1421
2157 3935
4844 2107
894 2121
3891 4027
4970 2833
16 3165
200 1337
4432 2895
4508 1218
3638 1969
1549 2014
4340 4516
2409 3887
897 4503
711 1313
4771 3569
2473 2999
2497 3832
71 1784
1380 4882
1629 2971
2737 631
4039 1880
1640 1847
1712 1936
417 1087
2504 4657
247 4993
4036 2843
3439 3354
2135 2391
2533 1016
2740 2890
384 686
2562 1195
4063 86
2877 2388
2820 2654
2307 4740
352 3645
1348 547
4977 4772
1098 468
4061 2174
4175 533
1835 464
735 4656
2475 1888
212 4965
1846 4677
4644 504
895 276
3998 4680
61 2610
2116 2759
4633 3260
555 995
78 3020
3728 1760
1096 1363
1918 2614
3261 2006
3841 2726
269 2928
2565 397
3144 1942
884 3771
4227 3081
3936 4688
4399 3855
72 4337
3053 2736
4425 4070
4726 1667
2346 3343
4594 3713
2528 2378
4166 762
4125 3956
4253 2013
2717 1126
748 1729
3005 3938
662 4746
3310 2491
838 1666
1346 4799
1479 1292
3844 1086
3910 2030
4983 4746
3883 1291
1475 1059
49 2362
2734 1657
1276 1856
4501 3872
3382 2396
3122 4914
2746 924
4206 2366
1436 4736
2889 4600
4723 3452
399 1815
3657 4734
2410 4208
1499 2180
4057 3734
4686 869
642 3999
2617 2815
2845 643
1432 2167
2257 3915
3709 2051
4306 836
3463 2692
1788 3453
4340 800
376 3288
1789 2137
94 1553
938 1279
15 2743
4485 1642
1429 3301
3107 3930
3630 1354
2294 2986
3564 753
4460 939
1461 3206
1564 4588
2051 4705
3906 3798
4114 3129
4056 1552
3374 235
4716 1406
4197 4968
4725 2589
2499 745
408 3731
1400 3863
2246 2677
2878 1896
3373 1945
1514 3803
519 4530
2385 4209
3631 3102
1054 4228
3270 213
3229 2129
3835 284
301 1964
213 413
3451 2918
2632 2110
2849 4466
4582 1907
551 1525
1668 2468
2782 1448
165 2312
4074 2769
3150 3383
4715 4721
4666 3096
2173 484
4592 2483
2265 2658
1709 2452
1388 1674
4955 2312
3467 1093
4464 4271
4990 1212
4933 119
847 662
3509 3773
2012 1225
4844 1037
2452 996
2584 3829
4415 3772
420 2460
689 4239
110 2599
2448 2822
4528 1659
1654 1725
2036 1968
4171 3676
3459 4555
1110 4050
4967 4134
4895 852
4713 472
2405 4675
1552 1099
3174 4059
52 4305
285 3489
2230 2121
4320 3202
965 842
91 2742
1601 4788
4081 1346
2065 594
111 3488
4302 1402
1138 4640
1088 3207
67 2605
3183 2079
3627 3948
4678 775
4964 2688
1190 1614
4871 264
1542 2799
696 1257
4306 4170
4750 4834
1126 925
3796 3723
3273 677
4098 1488
1149 3877
2078 2039
26 148
1009 513
1101 4650
2449 29
2407 1333
1871 1192
594 1533
446 4435
4887 794
2711 4051
3022 4424
2194 3669
4425 251
1097 3865
2585 2526
2041 4163
2358 2582
2852 4517
2506 897
4062 2603
3766 3723
1720 2299
3242 2019
3882 1890
1323 3353
3981 2861
3671 3366
3961 4964
3041 87
1152 1666
480 4230
4325 4579
4168 1340
1138 2105
2119 3041
4526 3344
1267 1470
2163 2561
602 511
1211 291
1304 2737
2245 4196
3850 4321
353 4375
3687 1619
1680 2176
4920 557
1741 1155
994 1939
386 1022
1845 1442
730 4883
4960 327
2746 2686
185 566
2411 2236
2284 400
4671 3368
2972 4213
3956 2959
3697 1544
347 2166
295 2308
979 4626
2286 1438
4032 2783
2031 2663
4013 1755
96 3075
746 2889
1067 287
2765 4585
4759 4891
4582 2631
205 880
2158 207
2694 563
964 4923
2834 3104
2505 2270
3337 2073
4217 4591
683 4360
3284 3929
4729 4208
4026 1582
2411 2580
3436 876
2613 1068
3726 159
480 1058
1491 607
4510 2314
2998 2975
4570 1200
3985 3514
1767 3994
2290 4662
4858 2289
2135 2151
3974 4401
1162 2062
4676 681
4571 2421
3369 2902
656 4445
3263 11
507 132
540 131
2205 2005
551 932
1350 795
1217 3321
4261 1135
2086 3751
1869 4124
425 70
2021 2951
3199 2701
2930 3734
1427 1717
2813 527
3400 3181
3184 1342
3427 341
2153 2291
1822 2566
3623 3995
3592 561
3907 1449
224 4884
1131 1283
2177 4141
1787 2443
2223 1316
1074 1711
1138 2612
695 596
1587 1922
3517 2749
957 1781
2178 991
2842 3486
4456 4751
4362 1554
1454 998
3019 3796
1648 660
2869 3773
3278 339
383 4097
2498 3996
368 614
1147 2735
2629 2891
2631 2860
2826 670
4294 970
268 2406
4850 3717
3635 2796
4699 2759
3815 1210
1713 1603
2056 4778
642 2552
3896 2834
2301 2551
866 2283
650 1371
889 1137
1175 3118
806 4141
4818 1199
31 2790
2710 3067
3848 727
3376 1632
2474 3454
1205 3960
3282 357
1524 743
355 1174
875 4838
1738 4513
1314 2748
4913 2231
1912 4860
481 1366
325 2156
1841 3533
1410 3358
1025 3896
2407 3221
2256 3504
2676 3975
1182 3540
3165 2864
1419 3424
4030 1881
3159 3016
304 4586
3179 4272
3285 2229
4769 3023
1253 1111
2408 961
4693 542
3620 3861
2155 1010
4736 4086
1037 2350
4186 2099
1329 940
4926 937
1628 4264
3139 2781
1551 828
2989 3903
4094 1115
4783 3139
3483 1798
3289 2324
3583 2319
3064 1030
4965 2707
3834 1978
3766 732
1966 4963
2245 2339
4242 4716
4112 3736
3612 2554
1144 4064
1189 4481
4566 391
1220 214
376 672
1007 1932
3603 1701
4214 1134
3313 565
553 3394
4710 1715
521 3318
3273 1957
1971 2987
1570 2004
616 836
1530 2239
2106 702
4729 3422
3215 406
4493 3941
3838 2866
1518 4268
302 2038
3276 2031
729 4228
4488 4797
1645 4638
2419 602
709 3626
2581 2724
2145 3509
2984 4424
1128 4370
3246 4326
3601 443
385 1097
3531 1591
977 3629
4911 4827
3615 1892
2696 3153
3063 1168
3392 509
2510 3876
3278 657
3970 2231
1963 2326
742 1532
513 4041
1651 3006
2093 2765
1769 573
263 4684
1152 956
859 1361
617 2841
172 798
4417 229
66 3388
3890 4136
2243 2317
1338 904
3828 2335
1578 3493
1460 1378
3063 3522
4113 550
725 1430
2949 3263
3611 3038
2460 4496
3062 57
4404 4164
3352 136
3094 3937
2286 3658
3198 4077
1650 4384
3075 2330
1707 3465
362 491
788 2451
2430 57
2440 2466
4808 3565
3991 3726
1268 3155
4135 1773
143 2366
2433 18
1086 1335
2795 1416
2016 3166
4556 2725
3788 2925
4098 479
2705 512
142 4761
4691 4581
4058 506
3869 1451
2465 2532
4648 4649
1045 3225
3408 3779
3637 4803
3969 1023
1758 4341
289 1864
949 3438
3816 1145
3472 3596
2236 1742
188 3031
664 2221
2102 1715
3539 523
4224 106
4204 4815
448 1457
334 3564
886 2152
3286 632
4887 4069
1278 296
4250 4660
1958 1954
1804 3747
3724 210
1447 3378
705 988
926 421
4760 177
4331 4919
3274 3766
3498 4799
153 4190
4090 123
1352 2141
190 1196
1166 703
2864 4780
3298 3316
3886 736
3914 4836
805 2880
1637 4730
4185 3545
968 1655
1907 293
3060 290
271 3846
740 3335
3325 3544
55 1637
2325 1506
1839 2073
4212 2356
4669 3992
569 4456
2482 2235
437 2623
1519 2328
199 4976
4687 3143
1386 3941
3931 2355
4555 2577
1051 2989
1169 2234
1462 4382
3977 1909
610 3172
739 275
4514 2431
580 3596
130 1378
2928 3808
3362 1522
3765 1537
1809 2462
33 4953
4025 2579
4634 1650
4384 1646
953 2868
3323 1256
1258 3223
1829 1503
4154 2186
1389 2332
1140 732
1339 1363
3147 4963
2906 2347
1656 2674
2086 2159
2654 2054
3663 4938
1857 2293
1143 2694
3220 2565
1402 280
4218 3068
65 1259
4917 4256
2687 2681
4706 257
4787 516
1600 4679
3389 286
705 661
1606 2623
3536 3708
2085 2909
3453 4770
4772 2897
3572 4804
4450 1183
3061 1773
4776 4122
1446 4505
458 4270
2186 4298
3133 4463
4828 343
4283 2166
3055 1297
3360 3940
3796 3807
4784 757
2185 3944
157 3820
2429 3323
103 4371
2040 3764
2935 2381
2675 3049
3430 2353
4084 165
4917 4921
1508 1847
1172 2788
2359 3129
4810 2115
4564 729
3321 4587
713 1064
4407 3273
4711 3873
706 686
2885 2293
4074 4005
1821 3862
4259 767
145 4546
4267 93
2942 1831
3771 1605
2566 2713
4716 1184
1122 4623
4296 43
4549 4991
366 303
4698 2216
3707 4000
3518 518
1320 4596
2617 4615
81 4360
574 464
435 2385
3791 2847
4377 4997
1119 901
3930 4245
2510 575
1857 903
1308 1256
4088 4512
2028 1982
1224 865
2976 3045
2485 633
1645 3943
2921 3984
760 3299
4695 2729
1163 320
1907 2818
3580 1381
4054 1074
210 1838
2456 4850
3997 2146
2527 465
898 1439
1249 1730
2840 46
1266 1721
4119 2547
2416 695
1826 702
288 4983
856 4606
2095 3586
743 1775
4135 3083
803 2643
3560 2635
4176 3846
3484 3567
3441 3793
889 1521
1341 4728
1974 3447
1684 1711
912 871
890 2570
3845 1442
4851 4820
1395 1169
2699 3101
864 4972
4285 3011
2080 4462
2435 2819
1671 975
1953 4393
3010 2823
4727 4573
2393 4718
4389 2927
811 2924
539 2217
252 2307
4324 1464
3209 1557
637 283
1944 2422
708 4463
2353 2590
246 1645
1418 1507
843 4344
410 922
722 2322
2873 2055
2697 2876
4529 2444
2126 1241
1530 3336
4506 193
52 1365
472 819
4021 627
749 254
1943 4541
4623 4118
2268 1772
680 3084
2604 587
1806 2921
3652 2231
2784 3523
1041 2083
2649 146
3106 831
4535 4847
4593 2292
907 4811
489 1823
826 1777
127 1128
2108 1721
619 4332
684 3
4539 3856
1493 1741
393 965
3541 333
579 114
4494 1637
603 520
448 920
3520 4321
2602 2477
3547 1654
3778 4943
3679 3259
2044 329
2731 4433
4636 3521
2001 1606
881 2857
554 4674
1302 1225
2620 1072
1761 1094
634 4401
1969 832
2583 4497
628 578
3698 1191
403 4957
3204 4234
4526 3712
3243 4300
1458 2755
3683 131
3219 3894
430 2018
2985 3768
1653 3505
4605 3927
4104 2582
4954 1839
846 2430
3678 900
358 3058
645 4000
2370 914
535 1227
4140 1103
1142 4875
1468 726
886 2695
2802 2525
2534 3422
3112 3599
2560 444
4732 4877
3921 3164
3159 3813
30 3074
3433 1132
886 841
1209 1409
912 2630
738 3252
3979 2853
874 1810
658 1686
1972 2322
4517 4609
2954 3035
1651 2469
3471 2129
4385 3339
3208 3309
3526 2447
1310 4978
4496 640
2190 4294
4094 4685
266 3849
3580 733
4898 695
3293 3881
4191 4874
4418 1814
1543 1696
381 383
564 4511
2397 2623
470 3853
4383 2065
4151 694
1838 2704
3591 564
1357 2226
4745 4899
3213 588
3604 3878
609 2399
4918 3079
2182 591
3852 873
4694 4346
1238 3691
3947 3291
4498 3681
2008 2807
4811 1032
4751 4345
3986 1644
1501 1820
4873 1998
4517 2369
274 699
2854 1647
4940 820
1035 11
3746 94
2233 2285
1076 416
1046 358
626 1731
4619 1860
1917 3279
3842 1109
3312 4268
2330 1235
2828 191
3745 4876
2979 3396
4374 2152
2414 3963
3652 4429
3525 503
758 541
4658 3126
1123 426
1699 2187
3571 652
3794 420
4169 25
3007 4001
3993 4786
2323 2709
1791 4535
1052 3854
2645 4444
4584 292
341 799
1792 3502
4763 602
(
(
)
(
)
(
)
)
)
)
(
(
(
(
)
)
)
)
)
)
)
)
)
(
(
(
(
(
(
(
)
(
(
(
(
(
(
(
(
)
)
)
)
(
)
)
(
)
(
(
)
)
)
)
)
(
)
)
)
)
(
)
)
(
)
)
)
(
(
(
)
)
)
)
(
)
(
(
(
)
)
(
)
(
)
(
(
)
(
(
(
)
(
(
)
(
(
)
(
)
)
)
(
(
(
(
(
)
(
(
)
)
(
)
(
(
(
)
(
(
(
)
(
(
)
)
)
(
(
(
)
)
(
)
(
(
(
(
)
)
)
(
)
(
(
)
)
)
)
(
(
(
)
(
)
)
)
)
)
(
(
(
(
)
(
)
)
)
(
)
)
)
)
(
)
(
(
(
(
)
)
)
(
(
(
)
(
)
)
(
(
(
)
(
)
(
(
)
(
)
)
)
)
(
)
(
(
(
(
)
)
)
)
(
)
(
(
)
)
)
)
(
(
)
)
(
)
)
(
)
(
(
(
)
(
(
(
)
)
(
)
(
)
(
(
(
)
)
)
(
(
)
(
)
)
)
(
(
(
)
)
(
)
)
)
(
)
)
(
)
)
)
)
)
(
)
(
(
)
(
)
)
)
(
)
(
)
(
(
)
(
(
(
)
(
(
(
)
(
)
(
(
)
(
(
)
)
(
)
)
)
(
(
(
)
)
)
(
)
(
)
)
(
(
(
(
)
)
)
(
)
(
(
)
)
(
(
(
)
(
(
(
(
(
(
(
)
)
(
)
)
)
(
)
)
(
)
(
(
)
(
(
(
)
(
)
)
(
)
(
(
)
(
(
(
(
)
)
(
)
(
(
)
)
)
(
(
)
)
(
)
)
(
(
(
(
)
(
)
(
(
(
(
)
)
(
)
(
)
)
)
)
)
)
(
)
(
)
)
)
(
)
)
(
)
(
)
(
)
)
(
)
(
)
(
)
)
)
)
(
)
(
(
)
(
(
)
(
(
(
(
)
)
(
)
)
)
)
(
(
)
(
)
)
)
)
(
)
(
(
)
)
(
(
(
(
)
(
)
(
(
(
)
(
)
)
)
(
)
)
)
(
)
(
)
(
)
)
(
)
)
)
)
(
)
(
)
(
(
(
(
)
)
)
)
(
)
)
(
)
(
)
(
(
)
(
(
(
(
(
)
(
(
)
)
)
)
(
(
)
(
(
(
)
)
)
)
)
)
(
)
)
)
)
)
)
(
)
)
)
(
(
(
)
(
(
(
(
(
(
)
)
)
)
(
)
)
(
(
(
)
(
(
)
)
(
(
(
(
)
(
)
)
(
(
)
(
(
(
)
(
(
)
(
)
)
(
)
(
(
(
(
)
(
(
)
)
)
)
(
)
(
(
(
)
(
)
(
)
)
)
)
)
(
(
(
(
(
)
)
)
(
(
)
)
)
)
)
)
)
)
(
(
)
)
)
(
)
)
)
(
)
)
)
)
(
)
(
(
(
)
(
(
)
)
)
)
)
(
)
)
)
(
(
(
(
(
(
)
)
(
(
)
)
(
(
(
)
(
)
(
(
)
(
)
)
)
(
(
)
(
)
)
(
(
)
(
(
)
(
)
(
(
)
)
(
)
)
)
(
(
(
(
(
)
)
(
)
)
)
)
(
)
)
)
)
(
)
)
)
(
(
)
)
(
)
)
)
(
)
(
)
(
)
(
)
)
)
)
(
)
)
)
(
)
(
(
(
(
(
)
(
(
)
(
)
)
)
(
(
)
(
)
(
(
)
)
)
)
)
)
)
(
(
)
(
(
(
(
(
)
)
(
(
(
(
(
)
)
)
)
)
)
)
(
(
)
)
(
)
(
)
(
)
)
)
(
)
(
)
(
(
(
)
)
(
)
(
(
(
(
)
)
(
(
)
(
(
)
)
)
(
)
(
)
)
(
)
(
)
(
)
(
(
(
(
(
)
)
(
)
)
)
)
(
)
(
(
)
)
(
)
(
)
(
)
)
(
)
)
(
)
)
(
(
)
)
)
)
(
)
)
)
(
)
)
)
)
)
)
)
(
(
)
(
(
(
(
)
(
)
(
)
)
)
)
(
(
)
(
)
)
)
(
)
(
(
)
)
(
(
(
)
)
)
(
)
(
(
(
(
(
(
)
)
(
(
(
)
)
)
(
)
(
(
(
)
)
)
)
)
)
)
)
(
(
)
)
)
)
(
)
(
(
(
)
)
(
(
(
(
)
(
(
)
)
(
(
(
(
)
)
)
)
(
)
)
(
(
(
)
)
)
)
)
)
)
)
(
(
(
)
)
)
(
(
(
(
)
)
(
(
(
)
(
)
)
(
(
)
(
)
(
(
(
)
(
)
)
(
)
(
(
(
(
(
(
)
(
(
)
)
(
(
)
)
)
(
)
(
(
(
(
(
)
(
(
(
)
(
(
)
)
(
)
)
)
)
)
(
(
(
(
(
(
)
(
)
(
(
(
)
)
)
(
(
)
)
)
)
)
)
(
)
(
)
)
(
(
)
)
(
)
(
)
)
)
)
)
)
)
)
)
)
)
)
(
(
(
)
(
)
(
)
(
)
(
)
)
(
)
)
)
)
)
)
(
(
)
)
(
(
(
)
)
(
(
(
)
)
(
)
(
)
)
(
(
)
(
(
(
)
(
)
)
(
(
)
)
(
(
(
)
)
(
)
(
(
)
)
(
)
(
)
(
(
(
)
)
)
)
)
(
(
(
)
)
)
(
)
)
)
(
(
)
)
)
)
(
(
(
)
)
(
)
(
(
(
)
(
(
(
)
)
)
(
)
)
(
)
)
)
)
)
)
(
)
(
(
)
(
(
(
)
)
(
(
(
)
(
(
)
)
)
)
)
)
)
(
(
)
(
(
(
)
(
(
)
)
(
(
)
)
)
)
)
)
(
)
(
)
(
)
)
(
(
(
(
(
(
)
(
(
(
)
)
(
)
)
)
)
)
)
(
(
)
(
(
(
(
(
)
)
)
)
)
)
)
(
)
(
(
)
)
(
(
(
)
(
(
)
(
)
)
(
(
(
)
)
)
(
(
(
)
(
(
(
)
(
)
(
)
)
)
(
)
)
)
(
(
(
)
(
)
)
)
(
)
)
)
)
(
(
)
(
(
(
)
(
(
)
(
)
)
)
)
(
(
)
)
(
(
)
(
)
(
)
(
(
)
)
)
(
)
)
(
)
(
(
)
)
(
)
)
)
)
)
(
)
(
)
)
(
(
)
(
)
)
)
(
(
)
(
(
(
(
(
)
(
(
(
)
(
)
)
(
(
)
)
(
(
(
)
(
(
(
)
)
)
(
)
)
(
(
(
(
(
(
(
)
)
)
)
)
)
)
(
)
(
)
)
(
)
)
(
)
(
(
)
)
(
)
(
)
)
(
(
)
(
(
)
(
)
)
(
)
)
)
(
)
)
)
)
(
)
(
)
)
)
(
(
)
(
)
)
)
(
)
)
)
)
(
(
(
)
(
)
(
(
(
)
)
)
(
(
)
(
(
(
)
(
(
(
)
(
(
(
)
)
)
)
(
(
(
)
(
)
(
(
(
(
)
(
(
)
)
(
)
)
(
(
)
)
(
)
)
)
(
)
(
)
(
(
(
)
)
)
(
(
)
(
)
)
(
)
)
(
)
)
(
)
(
)
(
(
(
(
(
)
)
)
)
)
(
(
(
(
(
)
)
)
)
(
(
)
(
(
(
(
)
(
)
)
(
(
(
(
(
(
(
)
)
(
(
)
(
)
(
(
)
)
)
(
(
(
(
(
(
(
(
)
)
)
)
(
(
)
(
(
)
)
(
)
)
(
)
)
(
(
)
)
)
(
)
)
)
)
)
(
(
(
)
)
(
(
(
)
)
(
(
)
(
)
)
(
)
(
)
)
(
)
)
(
(
(
)
(
(
)
)
)
(
(
)
)
)
(
(
(
)
)
)
)
(
)
)
)
)
)
)
(
)
)
(
)
)
)
(
)
)
(
)
)
)
)
)
)
(
(
(
)
(
)
(
(
(
(
)
)
(
(
)
(
(
)
(
(
)
)
(
(
(
(
)
(
)
(
(
)
(
(
)
)
)
)
)
(
(
(
(
(
)
(
)
)
(
)
)
(
)
(
(
(
)
)
)
)
(
(
)
(
)
)
)
(
)
)
(
)
(
)
)
)
)
)
(
)
)
)
(
(
)
)
)
(
)
(
(
)
)
)
)
(
(
)
(
(
(
(
(
(
)
(
(
(
)
)
)
(
(
(
(
(
)
)
)
(
(
)
)
)
)
(
)
(
)
(
(
(
)
(
)
(
(
(
)
)
(
)
(
(
(
(
)
(
)
)
(
(
)
(
)
)
(
(
)
)
)
)
)
)
(
)
(
)
)
(
)
)
)
(
(
(
)
)
(
(
(
)
(
)
)
)
)
)
)
(
(
(
(
)
)
(
)
(
(
)
)
(
(
)
)
(
)
(
(
)
(
(
(
(
(
)
(
(
)
(
(
(
(
(
)
(
(
)
)
(
(
)
(
)
(
)
)
)
)
(
)
)
(
(
)
)
(
(
)
(
)
(
(
(
(
(
)
(
(
(
)
)
(
(
(
(
)
(
)
(
)
)
(
)
)
)
)
)
(
(
)
)
(
)
)
(
)
)
)
(
)
(
(
)
(
(
(
(
)
(
)
(
(
)
)
(
(
)
)
)
(
(
)
)
)
(
)
(
)
(
)
(
(
)
(
(
)
(
)
)
(
)
)
(
)
)
)
)
(
(
(
)
(
(
)
)
)
)
)
)
(
)
)
)
(
(
)
(
(
)
(
(
(
(
(
)
(
)
(
(
(
(
(
)
(
(
(
)
)
)
)
(
)
(
(
)
)
(
(
)
(
)
(
(
(
)
)
(
)
)
)
)
(
)
(
)
)
(
)
)
)
(
)
)
(
)
(
)
)
(
(
)
(
(
)
(
(
(
(
)
)
)
)
)
)
)
)
(
(
)
(
(
(
(
(
(
)
)
)
)
)
)
)
(
(
)
(
(
(
(
(
(
)
)
)
)
)
(
(
(
(
)
(
)
(
)
(
)
(
(
)
)
)
(
)
(
(
)
(
)
(
(
(
(
)
(
(
)
)
(
)
)
)
(
)
(
(
(
)
(
(
)
)
)
)
(
)
)
(
)
)
)
)
(
(
(
)
(
)
(
)
)
(
(
(
)
(
(
)
)
(
(
)
)
)
(
)
(
(
(
(
)
(
)
(
)
)
)
(
)
(
(
(
)
(
(
(
)
(
)
(
(
)
)
)
)
(
)
)
(
)
)
)
)
(
(
(
)
)
)
(
(
)
)
)
(
)
(
(
)
(
)
(
)
(
(
(
(
(
)
(
)
(
)
)
)
(
(
(
)
)
(
(
)
(
)
(
(
(
)
)
(
)
(
(
)
)
)
(
)
(
(
)
)
(
(
)
(
(
(
(
)
)
(
)
)
)
(
(
(
)
)
(
(
(
(
)
)
)
(
(
(
)
)
)
)
)
(
)
)
(
)
)
)
)
)
(
)
)
(
(
)
)
(
(
(
(
(
)
)
)
(
)
)
)
(
)
)
(
)
(
)
)
)
)
(
(
)
(
(
)
)
(
(
(
)
(
(
(
)
)
)
)
)
(
)
)
(
)
(
)
(
(
(
(
(
)
(
(
(
(
(
(
(
)
)
)
(
(
(
(
(
)
(
(
)
)
)
(
)
)
)
(
(
(
)
(
(
(
)
)
(
(
)
(
)
(
)
(
)
(
(
(
)
(
(
(
)
)
)
)
)
(
(
)
)
)
(
(
)
(
)
(
)
(
)
)
)
)
)
)
(
(
)
)
(
(
(
)
)
)
(
)
(
(
)
)
)
(
)
)
)
(
(
(
)
(
(
)
)
(
)
)
(
(
(
(
)
(
)
)
(
)
)
)
(
)
)
)
)
)
)
)
(
)
)
(
(
)
)
)
)
)
)
)
(
(
(
(
(
(
)
)
(
(
)
)
)
(
(
)
)
)
)
(
)
)
)
)
(
(
)
(
(
)
(
(
(
(
)
(
)
)
(
(
)
(
(
(
)
)
)
)
)
(
(
(
)
(
)
(
)
)
)
)
)
(
)
)
)
)
)
)
)
(
)
)
)
)
(
(
(
(
)
)
(
(
)
(
(
)
(
)
)
)
(
)
)
(
(
(
(
)
(
)
)
)
)
)
)
)
)
)
)
)
)
(
(
(
(
)
)
(
(
(
)
)
)
)
)
(
)
)
)
(
(
)
)
)
)
(
(
)
(
)
)
(
(
(
)
)
)
)
(
(
)
(
(
)
(
(
(
(
)
(
(
(
(
)
(
(
)
)
(
(
)
(
(
)
(
(
)
)
)
)
(
)
(
)
(
(
)
(
)
(
(
(
)
(
(
(
(
(
(
)
)
)
)
(
(
)
)
(
)
(
(
)
)
(
(
(
(
)
(
(
(
(
)
)
(
(
(
(
)
)
(
(
)
(
)
(
(
(
)
(
(
(
)
(
(
(
(
(
)
)
(
)
)
(
(
(
)
(
)
(
(
(
(
(
)
)
(
)
(
(
)
(
(
)
)
)
(
)
(
(
)
(
(
(
)
)
(
(
(
(
(
(
)
(
(
)
)
(
)
)
)
)
)
(
)
(
(
(
(
)
(
)
(
)
)
(
(
)
(
(
(
(
(
(
)
(
(
)
)
(
)
)
)
)
)
(
)
)
)
)
)
(
(
)
(
)
)
)
)
(
)
(
)
(
)
(
)
(
)
(
)
)
)
(
(
(
)
)
(
)
)
)
(
(
)
(
)
)
)
)
)
)
)
(
(
)
(
)
)
)
(
)
(
)
(
(
(
)
(
(
(
)
(
(
(
(
)
)
(
)
)
(
(
(
(
)
(
(
(
(
(
(
)
)
(
)
)
)
(
(
(
(
(
(
(
(
)
(
)
)
(
(
)
)
)
)
)
)
)
)
)
(
)
(
)
(
)
(
)
)
)
(
(
(
)
(
(
)
)
(
(
(
)
)
)
(
)
)
(
)
)
)
)
)
(
(
(
)
)
(
(
(
(
(
(
)
)
)
(
(
(
(
)
)
(
(
(
(
(
(
)
(
)
)
(
(
(
)
)
(
(
(
)
)
(
(
(
)
)
(
)
)
)
(
(
)
(
)
(
)
)
)
(
)
)
(
(
(
(
(
(
)
)
(
(
)
)
)
(
(
)
)
(
)
(
(
(
(
(
(
(
(
)
(
)
)
(
(
)
(
)
(
)
)
(
)
)
)
)
)
)
)
(
)
(
)
(
)
)
(
(
)
(
(
(
)
)
(
)
(
(
(
(
)
(
(
(
(
(
(
(
(
(
)
(
)
)
)
(
)
(
)
)
)
(
)
(
)
(
)
(
(
(
)
(
)
(
(
)
(
(
(
)
(
(
(
(
(
)
)
)
(
(
(
(
(
)
(
(
(
(
)
)
)
)
(
)
)
)
(
)
(
(
(
(
(
)
(
)
(
(
(
(
(
(
(
)
(
)
(
)
(
(
)
)
(
)
(
(
)
(
)
)
(
)
(
(
)
(
(
)
)
)
(
(
(
)
)
)
(
)
(
)
)
)
(
(
(
(
(
(
)
)
(
)
)
(
)
)
)
)
(
(
(
(
)
(
(
)
(
)
)
(
)
(
(
(
(
)
(
(
(
(
)
(
(
)
)
)
(
)
(
)
)
(
(
)
)
)
(
(
(
)
(
)
)
(
)
)
(
(
)
)
)
(
(
(
)
(
)
(
(
(
(
(
(
(
)
(
(
)
)
(
)
)
)
(
(
(
(
)
(
)
)
)
(
(
)
)
)
)
)
(
)
(
(
)
(
(
)
(
)
(
(
(
)
(
)
(
)
)
(
)
)
(
(
(
(
(
(
)
(
(
(
(
)
(
(
)
(
)
(
(
)
(
)
(
(
)
)
)
(
)
)
)
)
(
)
(
(
)
)
)
)
)
(
(
(
(
)
)
)
(
(
(
)
)
(
)
)
)
(
)
(
(
)
(
)
)
(
)
)
)
)
)
)
(
(
(
(
)
(
(
)
(
(
)
)
)
(
(
(
(
)
(
(
(
)
(
(
(
(
)
)
)
(
)
)
(
(
(
(
)
)
(
)
(
(
(
(
)
)
(
)
)
(
)
(
)
(
(
)
)
)
)
(
(
)
)
)
)
(
)
(
)
(
)
)
(
(
(
)
(
(
)
)
(
(
)
)
)
)
(
(
)
)
(
(
)
(
)
(
)
)
)
(
(
)
)
(
)
(
)
(
(
(
(
(
)
)
(
)
)
(
(
(
(
)
(
)
)
)
(
)
)
(
)
(
(
(
(
(
(
)
)
(
)
(
)
)
)
(
(
(
(
(
)
(
)
)
(
(
(
)
)
(
)
)
(
)
(
)
(
)
(
)
(
)
)
(
)
)
)
)
)
(
(
(
(
(
(
(
)
(
)
)
(
(
)
)
)
)
(
)
)
(
)
(
)
(
)
(
(
)
(
)
(
)
)
)
)
(
)
)
(
)
)
)
)
)
(
)
(
(
(
(
(
)
)
)
)
)
)
)
(
(
(
(
(
)
)
(
(
(
)
)
)
)
(
(
(
(
)
(
)
(
)
)
)
(
)
(
(
(
(
(
(
)
(
(
(
(
)
(
(
)
(
)
)
)
)
)
)
(
)
)
(
)
)
)
(
)
(
(
(
)
(
(
(
(
)
)
(
)
)
(
)
)
(
)
)
)
)
(
)
)
)
)
)
(
(
)
(
)
(
)
)
(
)
)
(
(
(
)
)
)
(
)
)
(
(
(
(
)
)
(
)
)
)
(
)
(
)
(
(
)
)
(
(
)
(
(
(
(
(
)
)
)
(
)
)
(
)
(
)
)
)
(
)
(
(
(
)
(
)
)
(
)
(
(
(
(
)
(
(
(
(
)
)
)
(
)
(
)
)
)
)
(
(
(
(
(
(
)
)
)
(
)
(
)
(
)
)
)
(
(
(
)
(
(
)
(
(
(
(
)
)
)
)
)
(
(
)
)
(
(
)
)
(
)
)
)
(
(
)
)
(
)
)
)
)
)
(
)
(
(
(
(
)
)
(
(
(
)
(
)
)
(
(
(
(
(
(
)
)
)
(
(
(
)
(
)
(
)
(
)
)
(
)
)
)
)
(
(
(
)
)
)
)
(
(
)
(
(
)
(
(
(
)
(
)
)
(
(
)
)
(
(
)
)
)
)
(
)
(
)
(
)
)
)
(
(
(
)
)
(
)
(
)
)
)
)
)
)
)
(
)
(
(
)
(
(
(
)
(
(
(
)
(
)
(
)
)
)
)
)
)
)
(
)
(
(
(
(
)
)
(
(
)
)
(
(
(
(
(
(
)
(
(
(
(
(
)
(
(
)
)
(
(
)
(
)
(
)
(
)
(
(
(
)
(
)
(
)
)
)
)
(
)
)
)
(
)
)
)
)
)
)
(
)
)
(
)
(
(
(
)
(
)
(
)
)
(
)
)
)
(
(
)
)
(
(
)
(
(
(
)
)
)
)
(
)
(
(
(
(
)
(
(
)
)
(
(
(
)
)
)
(
)
(
)
(
(
(
(
)
)
(
(
(
)
(
(
(
)
(
(
(
)
)
)
(
(
(
)
(
(
)
(
)
)
(
(
)
)
(
)
)
)
(
)
)
)
)
)
)
)
)
)
)
(
(
(
)
(
)
(
)
(
(
)
(
(
(
(
(
)
)
(
)
(
)
(
)
(
(
)
)
)
(
(
)
(
)
(
(
)
(
(
(
(
(
)
(
)
)
(
)
(
(
)
(
)
)
)
)
(
(
(
)
(
)
(
)
)
(
(
)
)
)
)
)
(
(
)
(
(
(
)
)
(
(
)
)
(
)
)
)
(
)
)
(
)
(
(
(
(
(
(
(
)
(
(
)
(
)
(
)
)
(
(
)
)
(
)
)
(
(
)
)
(
(
(
(
(
(
(
)
)
(
)
)
)
(
(
(
)
(
)
(
(
)
(
(
(
(
)
(
)
)
(
)
)
)
)
)
)
(
(
)
(
(
(
(
)
(
(
)
(
(
(
(
)
)
)
)
(
(
(
(
)
)
(
(
)
(
(
(
(
(
)
)
)
)
(
(
(
(
)
)
(
)
)
)
(
)
(
)
(
(
)
)
(
(
(
(
(
(
)
(
(
)
(
(
(
(
)
)
(
(
)
(
(
(
)
)
(
)
(
)
(
)
)
)
(
(
)
)
(
(
)
(
)
(
(
(
(
)
(
)
(
)
(
)
(
)
)
(
)
(
)
)
(
(
(
(
(
)
(
(
)
(
)
)
)
)
(
)
)
(
)
(
(
(
)
(
)
(
)
(
(
)
(
(
(
)
)
)
(
(
(
(
(
)
)
(
(
(
(
(
)
)
)
)
(
)
)
(
)
(
(
(
)
(
(
(
(
)
)
(
(
(
(
(
)
(
(
(
(
(
(
)
)
(
)
(
(
)
)
)
)
(
)
(
(
(
)
(
)
(
(
)
(
)
(
)
)
(
)
)
(
)
(
)
(
(
)
(
(
)
(
)
)
)
(
)
(
(
)
)
(
(
)
(
)
)
(
)
(
(
(
(
(
(
)
)
(
(
(
)
)
)
)
)
(
(
(
)
)
(
(
(
)
(
(
(
)
(
(
)
)
)
(
)
(
(
(
(
(
)
(
)
(
)
)
)
)
)
(
)
(
(
)
)
)
(
)
(
(
)
)
(
(
(
)
(
(
(
(
)
(
(
)
(
)
(
(
(
(
(
)
)
)
(
)
(
)
)
(
(
(
)
)
(
)
(
(
(
(
(
(
(
)
)
(
(
)
)
)
)
)
(
)
)
(
)
)
)
(
(
)
(
(
(
)
(
(
)
)
)
)
(
)
)
)
)
)
(
(
)
)
(
)
)
(
)
)
)
)
(
(
)
(
(
(
)
)
)
(
(
(
(
(
)
)
)
)
(
(
(
(
)
(
(
)
(
)
)
(
(
(
(
)
)
)
)
)
)
)
(
(
(
)
)
(
(
)
)
(
)
(
(
)
(
(
(
(
)
(
(
(
(
)
(
)
(
)
(
)
(
)
(
)
)
)
)
)
)
2500
1
2
3
4
5
6
7
8
9
10
11
12
13
14
15
16
17
18
19
20
21
22
23
24
25
26
27
28
29
30
31
32
33
34
35
36
37
38
39
40
41
42
43
44
45
46
47
48
49
50
51
52
53
54
55
56
57
58
59
60
61
62
63
64
65
66
67
68
69
70
71
72
73
74
75
76
77
78
79
80
81
82
83
84
85
86
87
88
89
90
91
92
93
94
95
96
97
98
99
100
101
102
103
104
105
106
107
108
109
110
111
112
113
114
115
116
117
118
119
120
121
122
123
124
125
126
127
128
129
130
131
132
133
134
135
136
137
138
139
140
141
142
143
144
145
146
147
148
149
150
151
152
153
154
155
156
157
158
159
160
161
162
163
164
165
166
167
168
169
170
171
172
173
174
175
176
177
178
179
180
181
182
183
184
185
186
187
188
189
190
191
192
193
194
195
196
197
198
199
200
201
202
203
204
205
206
207
208
209
210
211
212
213
214
215
216
217
218
219
220
221
222
223
224
225
226
227
228
229
230
231
232
233
234
235
236
237
238
239
240
241
242
243
244
245
246
247
248
249
250
251
252
253
254
255
256
257
258
259
260
261
262
263
264
265
266
267
268
269
270
271
272
273
274
275
276
277
278
279
280
281
282
283
284
285
286
287
288
289
290
291
292
293
294
295
296
297
298
299
300
301
302
303
304
305
306
307
308
309
310
311
312
313
314
315
316
317
318
319
320
321
322
323
324
325
326
327
328
329
330
331
332
333
334
335
336
337
338
339
340
341
342
343
344
345
346
347
348
349
350
351
352
353
354
355
356
357
358
359
360
361
362
363
364
365
366
367
368
369
370
371
372
373
374
375
376
377
378
379
380
381
382
383
384
385
386
387
388
389
390
391
392
393
394
395
396
397
398
399
400
401
402
403
404
405
406
407
408
409
410
411
412
413
414
415
416
417
418
419
420
421
422
423
424
425
426
427
428
429
430
431
432
433
434
435
436
437
438
439
440
441
442
443
444
445
446
447
448
449
450
451
452
453
454
455
456
457
458
459
460
461
462
463
464
465
466
467
468
469
470
471
472
473
474
475
476
477
478
479
480
481
482
483
484
485
486
487
488
489
490
491
492
493
494
495
496
497
498
499
500
501
502
503
504
505
506
507
508
509
510
511
512
513
514
515
516
517
518
519
520
521
522
523
524
525
526
527
528
529
530
531
532
533
534
535
536
537
538
539
540
541
542
543
544
545
546
547
548
549
550
551
552
553
554
555
556
557
558
559
560
561
562
563
564
565
566
567
568
569
570
571
572
573
574
575
576
577
578
579
580
581
582
583
584
585
586
587
588
589
590
591
592
593
594
595
596
597
598
599
600
601
602
603
604
605
606
607
608
609
610
611
612
613
614
615
616
617
618
619
620
621
622
623
624
625
626
627
628
629
630
631
632
633
634
635
636
637
638
639
640
641
642
643
644
645
646
647
648
649
650
651
652
653
654
655
656
657
658
659
660
661
662
663
664
665
666
667
668
669
670
671
672
673
674
675
676
677
678
679
680
681
682
683
684
685
686
687
688
689
690
691
692
693
694
695
696
697
698
699
700
701
702
703
704
705
706
707
708
709
710
711
712
713
714
715
716
717
718
719
720
721
722
723
724
725
726
727
728
729
730
731
732
733
734
735
736
737
738
739
740
741
742
743
744
745
746
747
748
749
750
751
752
753
754
755
756
757
758
759
760
761
762
763
764
765
766
767
768
769
770
771
772
773
774
775
776
777
778
779
780
781
782
783
784
785
786
787
788
789
790
791
792
793
794
795
796
797
798
799
800
801
802
803
804
805
806
807
808
809
810
811
812
813
814
815
816
817
818
819
820
821
822
823
824
825
826
827
828
829
830
831
832
833
834
835
836
837
838
839
840
841
842
843
844
845
846
847
848
849
850
851
852
853
854
855
856
857
858
859
860
861
862
863
864
865
866
867
868
869
870
871
872
873
874
875
876
877
878
879
880
881
882
883
884
885
886
887
888
889
890
891
892
893
894
895
896
897
898
899
900
901
902
903
904
905
906
907
908
909
910
911
912
913
914
915
916
917
918
919
920
921
922
923
924
925
926
927
928
929
930
931
932
933
934
935
936
937
938
939
940
941
942
943
944
945
946
947
948
949
950
951
952
953
954
955
956
957
958
959
960
961
962
963
964
965
966
967
968
969
970
971
972
973
974
975
976
977
978
979
980
981
982
983
984
985
986
987
988
989
990
991
992
993
994
995
996
997
998
999
1000
1001
1002
1003
1004
1005
1006
1007
1008
1009
1010
1011
1012
1013
1014
1015
1016
1017
1018
1019
1020
1021
1022
1023
1024
1025
1026
1027
1028
1029
1030
1031
1032
1033
1034
1035
1036
1037
1038
1039
1040
1041
1042
1043
1044
1045
1046
1047
1048
1049
1050
1051
1052
1053
1054
1055
1056
1057
1058
1059
1060
1061
1062
1063
1064
1065
1066
1067
1068
1069
1070
1071
1072
1073
1074
1075
1076
1077
1078
1079
1080
1081
1082
1083
1084
1085
1086
1087
1088
1089
1090
1091
1092
1093
1094
1095
1096
1097
1098
1099
1100
1101
1102
1103
1104
1105
1106
1107
1108
1109
1110
1111
1112
1113
1114
1115
1116
1117
1118
1119
1120
1121
1122
1123
1124
1125
1126
1127
1128
1129
1130
1131
1132
1133
1134
1135
1136
1137
1138
1139
1140
1141
1142
1143
1144
1145
1146
1147
1148
1149
1150
1151
1152
1153
1154
1155
1156
1157
1158
1159
1160
1161
1162
1163
1164
1165
1166
1167
1168
1169
1170
1171
1172
1173
1174
1175
1176
1177
1178
1179
1180
1181
1182
1183
1184
1185
1186
1187
1188
1189
1190
1191
1192
1193
1194
1195
1196
1197
1198
1199
1200
1201
1202
1203
1204
1205
1206
1207
1208
1209
1210
1211
1212
1213
1214
1215
1216
1217
1218
1219
1220
1221
1222
1223
1224
1225
1226
1227
1228
1229
1230
1231
1232
1233
1234
1235
1236
1237
1238
1239
1240
1241
1242
1243
1244
1245
1246
1247
1248
1249
1250
1251
1252
1253
1254
1255
1256
1257
1258
1259
1260
1261
1262
1263
1264
1265
1266
1267
1268
1269
1270
1271
1272
1273
1274
1275
1276
1277
1278
1279
1280
1281
1282
1283
1284
1285
1286
1287
1288
1289
1290
1291
1292
1293
1294
1295
1296
1297
1298
1299
1300
1301
1302
1303
1304
1305
1306
1307
1308
1309
1310
1311
1312
1313
1314
1315
1316
1317
1318
1319
1320
1321
1322
1323
1324
1325
1326
1327
1328
1329
1330
1331
1332
1333
1334
1335
1336
1337
1338
1339
1340
1341
1342
1343
1344
1345
1346
1347
1348
1349
1350
1351
1352
1353
1354
1355
1356
1357
1358
1359
1360
1361
1362
1363
1364
1365
1366
1367
1368
1369
1370
1371
1372
1373
1374
1375
1376
1377
1378
1379
1380
1381
1382
1383
1384
1385
1386
1387
1388
1389
1390
1391
1392
1393
1394
1395
1396
1397
1398
1399
1400
1401
1402
1403
1404
1405
1406
1407
1408
1409
1410
1411
1412
1413
1414
1415
1416
1417
1418
1419
1420
1421
1422
1423
1424
1425
1426
1427
1428
1429
1430
1431
1432
1433
1434
1435
1436
1437
1438
1439
1440
1441
1442
1443
1444
1445
1446
1447
1448
1449
1450
1451
1452
1453
1454
1455
1456
1457
1458
1459
1460
1461
1462
1463
1464
1465
1466
1467
1468
1469
1470
1471
1472
1473
1474
1475
1476
1477
1478
1479
1480
1481
1482
1483
1484
1485
1486
1487
1488
1489
1490
1491
1492
1493
1494
1495
1496
1497
1498
1499
1500
1501
1502
1503
1504
1505
1506
1507
1508
1509
1510
1511
1512
1513
1514
1515
1516
1517
1518
1519
1520
1521
1522
1523
1524
1525
1526
1527
1528
1529
1530
1531
1532
1533
1534
1535
1536
1537
1538
1539
1540
1541
1542
1543
1544
1545
1546
1547
1548
1549
1550
1551
1552
1553
1554
1555
1556
1557
1558
1559
1560
1561
1562
1563
1564
1565
1566
1567
1568
1569
1570
1571
1572
1573
1574
1575
1576
1577
1578
1579
1580
1581
1582
1583
1584
1585
1586
1587
1588
1589
1590
1591
1592
1593
1594
1595
1596
1597
1598
1599
1600
1601
1602
1603
1604
1605
1606
1607
1608
1609
1610
1611
1612
1613
1614
1615
1616
1617
1618
1619
1620
1621
1622
1623
1624
1625
1626
1627
1628
1629
1630
1631
1632
1633
1634
1635
1636
1637
1638
1639
1640
1641
1642
1643
1644
1645
1646
1647
1648
1649
1650
1651
1652
1653
1654
1655
1656
1657
1658
1659
1660
1661
1662
1663
1664
1665
1666
1667
1668
1669
1670
1671
1672
1673
1674
1675
1676
1677
1678
1679
1680
1681
1682
1683
1684
1685
1686
1687
1688
1689
1690
1691
1692
1693
1694
1695
1696
1697
1698
1699
1700
1701
1702
1703
1704
1705
1706
1707
1708
1709
1710
1711
1712
1713
1714
1715
1716
1717
1718
1719
1720
1721
1722
1723
1724
1725
1726
1727
1728
1729
1730
1731
1732
1733
1734
1735
1736
1737
1738
1739
1740
1741
1742
1743
1744
1745
1746
1747
1748
1749
1750
1751
1752
1753
1754
1755
1756
1757
1758
1759
1760
1761
1762
1763
1764
1765
1766
1767
1768
1769
1770
1771
1772
1773
1774
1775
1776
1777
1778
1779
1780
1781
1782
1783
1784
1785
1786
1787
1788
1789
1790
1791
1792
1793
1794
1795
1796
1797
1798
1799
1800
1801
1802
1803
1804
1805
1806
1807
1808
1809
1810
1811
1812
1813
1814
1815
1816
1817
1818
1819
1820
1821
1822
1823
1824
1825
1826
1827
1828
1829
1830
1831
1832
1833
1834
1835
1836
1837
1838
1839
1840
1841
1842
1843
1844
1845
1846
1847
1848
1849
1850
1851
1852
1853
1854
1855
1856
1857
1858
1859
1860
1861
1862
1863
1864
1865
1866
1867
1868
1869
1870
1871
1872
1873
1874
1875
1876
1877
1878
1879
1880
1881
1882
1883
1884
1885
1886
1887
1888
1889
1890
1891
1892
1893
1894
1895
1896
1897
1898
1899
1900
1901
1902
1903
1904
1905
1906
1907
1908
1909
1910
1911
1912
1913
1914
1915
1916
1917
1918
1919
1920
1921
1922
1923
1924
1925
1926
1927
1928
1929
1930
1931
1932
1933
1934
1935
1936
1937
1938
1939
1940
1941
1942
1943
1944
1945
1946
1947
1948
1949
1950
1951
1952
1953
1954
1955
1956
1957
1958
1959
1960
1961
1962
1963
1964
1965
1966
1967
1968
1969
1970
1971
1972
1973
1974
1975
1976
1977
1978
1979
1980
1981
1982
1983
1984
1985
1986
1987
1988
1989
1990
1991
1992
1993
1994
1995
1996
1997
1998
1999
2000
2001
2002
2003
2004
2005
2006
2007
2008
2009
2010
2011
2012
2013
2014
2015
2016
2017
2018
2019
2020
2021
2022
2023
2024
2025
2026
2027
2028
2029
2030
2031
2032
2033
2034
2035
2036
2037
2038
2039
2040
2041
2042
2043
2044
2045
2046
2047
2048
2049
2050
2051
2052
2053
2054
2055
2056
2057
2058
2059
2060
2061
2062
2063
2064
2065
2066
2067
2068
2069
2070
2071
2072
2073
2074
2075
2076
2077
2078
2079
2080
2081
2082
2083
2084
2085
2086
2087
2088
2089
2090
2091
2092
2093
2094
2095
2096
2097
2098
2099
2100
2101
2102
2103
2104
2105
2106
2107
2108
2109
2110
2111
2112
2113
2114
2115
2116
2117
2118
2119
2120
2121
2122
2123
2124
2125
2126
2127
2128
2129
2130
2131
2132
2133
2134
2135
2136
2137
2138
2139
2140
2141
2142
2143
2144
2145
2146
2147
2148
2149
2150
2151
2152
2153
2154
2155
2156
2157
2158
2159
2160
2161
2162
2163
2164
2165
2166
2167
2168
2169
2170
2171
2172
2173
2174
2175
2176
2177
2178
2179
2180
2181
2182
2183
2184
2185
2186
2187
2188
2189
2190
2191
2192
2193
2194
2195
2196
2197
2198
2199
2200
2201
2202
2203
2204
2205
2206
2207
2208
2209
2210
2211
2212
2213
2214
2215
2216
2217
2218
2219
2220
2221
2222
2223
2224
2225
2226
2227
2228
2229
2230
2231
2232
2233
2234
2235
2236
2237
2238
2239
2240
2241
2242
2243
2244
2245
2246
2247
2248
2249
2250
2251
2252
2253
2254
2255
2256
2257
2258
2259
2260
2261
2262
2263
2264
2265
2266
2267
2268
2269
2270
2271
2272
2273
2274
2275
2276
2277
2278
2279
2280
2281
2282
2283
2284
2285
2286
2287
2288
2289
2290
2291
2292
2293
2294
2295
2296
2297
2298
2299
2300
2301
2302
2303
2304
2305
2306
2307
2308
2309
2310
2311
2312
2313
2314
2315
2316
2317
2318
2319
2320
2321
2322
2323
2324
2325
2326
2327
2328
2329
2330
2331
2332
2333
2334
2335
2336
2337
2338
2339
2340
2341
2342
2343
2344
2345
2346
2347
2348
2349
2350
2351
2352
2353
2354
2355
2356
2357
2358
2359
2360
2361
2362
2363
2364
2365
2366
2367
2368
2369
2370
2371
2372
2373
2374
2375
2376
2377
2378
2379
2380
2381
2382
2383
2384
2385
2386
2387
2388
2389
2390
2391
2392
2393
2394
2395
2396
2397
2398
2399
2400
2401
2402
2403
2404
2405
2406
2407
2408
2409
2410
2411
2412
2413
2414
2415
2416
2417
2418
2419
2420
2421
2422
2423
2424
2425
2426
2427
2428
2429
2430
2431
2432
2433
2434
2435
2436
2437
2438
2439
2440
2441
2442
2443
2444
2445
2446
2447
2448
2449
2450
2451
2452
2453
2454
2455
2456
2457
2458
2459
2460
2461
2462
2463
2464
2465
2466
2467
2468
2469
2470
2471
2472
2473
2474
2475
2476
2477
2478
2479
2480
2481
2482
2483
2484
2485
2486
2487
2488
2489
2490
2491
2492
2493
2494
2495
2496
2497
2498
2499
2500
