100
15 13
13 86
86 41
41 54
54 47
47 11
11 95
95 20
20 85
85 10
10 96
96 38
38 93
93 87
87 37
37 63
63 45
45 36
36 48
48 30
30 83
83 31
83 64
74 95
37 28
85 1
82 28
76 31
90 45
19 54
17 10
49 93
38 5
74 72
30 67
48 69
41 62
19 94
38 70
41 53
17 68
1 59
44 36
70 77
13 27
85 71
84 11
82 52
21 87
48 18
73 20
63 60
63 22
64 98
26 54
78 44
50 5
60 81
33 41
23 68
40 84
63 88
38 42
74 3
4 20
46 28
84 66
29 53
8 69
68 9
1 92
38 55
91 68
60 24
72 97
63 80
19 89
79 77
78 61
62 7
65 68
51 60
44 58
73 43
34 80
25 11
60 35
100 58
56 37
32 48
99 42
99 6
14 3
6 39
10 57
16 3
75 72
58 12
87 2
(
)
(
)
)
)
(
)
)
)
)
(
(
(
)
(
)
)
)
)
)
)
)
)
(
(
(
)
(
)
)
(
)
(
(
)
(
)
(
(
(
)
)
(
(
)
(
(
(
)
)
)
(
)
(
(
)
(
(
(
(
(
)
)
(
)
(
(
)
)
)
)
)
)
(
(
)
(
)
)
)
)
(
)
(
)
)
)
(
(
)
(
(
(
(
(
(
)
(
)
50
1
2
3
4
5
6
7
8
9
10
11
12
13
14
15
16
17
18
19
20
21
22
23
24
25
26
27
28
29
30
31
32
33
34
35
36
37
38
39
40
41
42
43
44
45
46
47
48
49
50
