5000
1325 340
340 3641
3641 1060
1060 978
978 520
520 1336
1336 564
564 309
309 183
183 3619
3619 3459
3459 913
913 3652
3652 1113
1113 3035
3035 1414
1414 2067
2067 1318
1318 2266
2266 2818
2818 2429
2429 2072
2072 1995
1995 2414
2414 985
985 2949
2949 1095
1095 3152
3152 34
34 2101
2101 1239
1239 4565
4565 1835
1835 3934
3934 1925
1925 4266
4266 3000
3000 4556
4556 343
343 527
527 184
184 610
610 4628
4628 392
392 2502
2502 800
800 106
106 4457
4457 60
60 702
702 2514
2514 3890
3890 3674
3674 330
330 4532
4532 748
748 595
595 2263
2263 2683
2683 503
503 1989
1989 3014
3014 3388
3388 2645
2645 1909
1909 1042
1042 3946
3946 3530
3530 74
74 4771
4771 2793
2793 970
970 1872
1872 4988
4988 3967
3967 1466
1466 2867
2867 525
525 2650
2650 430
430 796
796 3005
3005 2749
2749 59
59 1991
1991 3578
3578 454
454 1364
1364 1942
1942 3994
3994 1441
1441 2114
2114 4504
4504 1945
1945 254
254 255
255 1313
1313 579
579 2153
2153 1802
1802 1889
1889 4485
4485 1774
1774 790
790 4571
4571 2417
2417 1621
1621 2732
2732 3982
3982 4555
4555 3608
3608 2728
2728 200
200 1540
1540 378
378 2710
2710 325
325 1128
1128 1906
1906 1304
1304 2144
2144 4742
4742 847
847 370
370 3473
3473 4474
4474 3945
3945 3741
3741 961
961 2231
2231 3928
3928 1064
1064 2636
2636 1768
1768 250
250 4651
4651 1940
1940 1203
1203 1012
1012 4037
4037 1708
1708 420
420 4411
4411 3405
3405 2864
2864 3927
3927 1994
1994 1106
1106 1109
1109 635
635 2243
2243 191
191 2743
2743 427
427 1320
1320 827
827 2572
2572 1520
1520 3171
3171 2724
2724 2413
2413 276
276 80
80 901
901 4487
4487 4051
4051 4405
4405 443
443 264
264 4294
4294 2883
2883 118
118 1345
1345 3234
3234 455
455 1976
1976 78
78 1394
1394 559
559 532
532 2291
2291 3773
3773 3299
3299 3818
3818 618
618 14
14 367
367 2146
2146 2491
2491 1347
1347 870
870 3242
3242 1157
1157 4542
4542 4930
4930 941
941 2453
2453 473
473 2546
2546 4638
4638 4545
4545 3858
3858 4756
4756 3954
3954 2950
2950 3602
3602 2816
2816 1285
1285 1492
1492 975
975 3309
3309 953
953 61
61 993
993 3148
3148 2616
2616 4894
4894 2485
2485 2852
2852 3725
3725 1755
1755 4362
4362 3977
3977 3113
3113 1581
1581 4869
4869 4416
4416 1765
1765 4559
4559 3651
3651 656
656 2696
2696 1649
1649 89
89 817
817 3200
3200 1896
1896 2267
2267 3605
3605 3061
3061 4686
4686 2730
2730 1176
1176 4392
4392 1516
1516 1782
1782 1622
1622 1423
1423 3824
3824 644
644 1684
1684 4800
4800 1750
1750 1937
1937 3542
3542 4522
4522 1594
1594 3480
3480 1369
1369 2992
2992 173
173 838
838 3034
3034 2376
2376 4455
4455 4382
4382 724
724 1560
1560 3763
3763 1322
1322 2784
2784 3131
3131 2427
2427 1398
1398 4706
4706 1376
1376 681
681 3755
3755 4489
4489 1201
1201 552
552 1798
1798 811
811 3535
3535 2597
2597 600
600 1301
1301 3611
3611 3576
3576 2825
2825 577
577 357
357 1405
1405 677
677 3600
3600 4446
4446 3311
3311 3862
3862 1328
1328 1232
1232 2957
2957 1508
1508 3289
3289 596
596 2386
2386 418
418 682
682 3095
3095 3109
3109 4881
4881 2347
2347 3004
3004 777
777 2762
2762 1145
1145 4697
4697 1553
1553 1711
1711 3514
3514 4331
4331 1757
1757 2334
2334 341
341 3114
3114 35
35 1210
1210 1924
1924 1739
1739 3156
3156 4352
4352 2338
2338 2432
2432 2698
2698 3943
3943 4939
4939 2600
2600 4636
4636 355
355 2500
2500 1666
1666 2865
2865 3423
3423 1126
1126 1219
1219 643
643 3269
3269 2630
2630 1265
1265 2155
2155 2997
2997 1531
1531 3828
3828 1981
1981 1266
1266 1142
1142 3129
3129 1302
1302 2803
2803 3791
3791 4793
4793 4665
4665 4717
4717 1833
1833 1918
1918 1041
1041 2047
2047 4202
4202 865
865 732
732 2751
2751 1009
1009 3008
3008 541
541 3761
3761 4003
4003 4548
4548 3211
3211 371
371 1809
1809 1402
1402 4097
4097 1830
1830 1280
1280 676
676 1406
1406 1941
1941 2124
2124 2318
2318 4733
4733 4999
4999 3748
3748 464
464 1269
1269 1698
1698 1359
1359 2733
2733 1425
1425 886
886 3618
3618 578
578 349
349 3278
3278 4913
4913 1905
1905 1151
1151 2530
2530 1987
1987 1519
1519 524
524 2870
2870 2881
2881 2131
2131 683
683 3391
3391 4119
4119 2064
2064 925
925 2009
2009 3846
3846 661
661 1590
1590 1286
1286 4325
4325 1793
1793 4101
4101 3089
3089 1901
1901 4239
4239 1037
1037 186
186 1752
1752 2190
2190 785
785 3658
3658 3559
3559 4183
4183 502
502 2555
2555 1609
1609 3206
3206 2642
2642 4640
4640 2282
2282 1309
1309 172
172 4255
4255 949
949 4449
4449 1023
1023 3159
3159 1900
1900 1400
1400 4792
4792 4833
4833 397
397 3787
3787 1069
1069 4248
4248 32
32 2311
2311 569
569 1832
1832 500
500 660
660 2308
2308 4747
4747 568
568 2824
2824 4297
4297 879
879 157
157 2325
2325 1503
1503 3793
3793 3180
3180 3080
3080 3861
3861 4095
4095 2678
2678 1888
1888 560
560 2126
2126 1867
1867 1582
1582 765
765 2560
2560 1654
1654 3163
3163 2171
2171 286
286 1544
1544 3132
3132 217
217 3985
3985 4482
4482 87
87 3182
3182 361
361 1579
1579 3987
3987 3266
3266 2448
2448 2510
2510 1613
1613 4767
4767 244
244 4634
4634 404
404 2953
2953 1699
1699 2903
2903 2361
2361 495
495 4338
4338 2810
2810 2475
2475 4745
4745 1490
1490 1789
1789 2177
2177 3733
3733 1640
1640 3552
3552 623
623 2634
2634 4254
4254 1422
1422 1873
1873 439
439 494
494 2553
2553 512
512 1730
1730 4912
4912 4000
4000 4096
4096 1281
1281 572
572 2656
2656 675
675 2227
2227 3803
3803 2167
2167 2043
2043 202
202 4614
4614 1104
1104 2702
2702 1827
1827 1685
1685 4275
4275 1779
1779 4029
4029 2027
2027 1816
1816 3455
3455 605
605 2466
2466 3374
3374 289
289 1429
1429 24
24 763
763 1960
1960 2248
2248 1225
1225 2812
2812 1380
1380 981
981 3122
3122 2996
2996 2405
2405 2038
2038 815
815 4618
4618 704
704 354
354 2042
2042 2622
2622 222
222 16
16 3444
3444 3678
3678 862
862 1776
1776 2524
2524 4385
4385 2679
2679 3731
3731 3277
3277 2404
2404 2658
2658 3991
3991 1808
1808 414
414 1338
1338 2939
2939 1664
1664 4480
4480 1089
1089 2168
2168 137
137 3729
3729 3814
3814 954
954 1389
1389 4903
4903 1494
1494 1245
1245 4079
4079 1346
1346 490
490 4877
4877 2235
2235 3569
3569 1270
1270 1214
1214 2739
2739 3108
3108 3456
3456 3439
3439 3093
3093 511
511 3179
3179 3800
3800 2843
2843 1483
1483 1926
1926 2176
2176 714
714 2420
2420 3585
3585 1209
1209 4648
4648 2415
2415 2339
2339 1375
1375 2173
2173 2394
2394 3382
3382 2690
2690 2522
2522 3041
3041 2582
2582 3632
3632 4505
4505 2281
2281 1193
1193 1378
1378 1932
1932 636
636 1334
1334 3669
3669 1001
1001 3449
3449 1433
1433 2480
2480 882
882 1259
1259 249
249 1241
1241 2863
2863 883
883 105
105 3698
3698 4027
4027 1194
1194 1427
1427 1418
1418 221
221 4413
4413 2327
2327 2578
2578 1446
1446 1615
1615 170
170 46
46 3857
3857 1596
1596 484
484 529
529 4695
4695 2000
2000 4477
4477 1159
1159 628
628 3394
3394 3521
3521 139
139 1983
1983 3925
3925 3204
3204 1179
1179 4838
4838 4114
4114 2193
2193 3167
3167 38
38 1758
1758 1094
1094 2563
2563 1627
1627 3430
3430 1736
1736 84
84 3789
3789 3596
3596 2945
2945 4970
4970 1500
1500 4530
4530 2273
2273 826
826 948
948 3352
3352 3250
3250 158
158 3450
3450 1103
1103 3183
3183 4219
4219 2839
2839 1031
1031 4066
4066 207
207 20
20 297
297 2977
2977 4728
4728 4584
4584 1933
1933 3262
3262 585
585 1146
1146 858
858 4268
4268 4397
4397 533
533 164
164 4250
4250 4261
4261 980
980 3679
3679 2412
2412 1101
1101 3802
3802 3580
3580 2791
2791 1518
1518 3810
3810 3393
3393 90
90 3772
3772 4919
4919 3986
3986 1262
1262 2848
2848 1605
1605 4410
4410 4780
4780 3834
3834 2073
2073 3813
3813 4358
4358 4431
4431 3586
3586 4130
4130 2329
2329 1247
1247 2783
2783 2670
2670 1824
1824 3771
3771 4925
4925 4834
4834 3208
3208 2369
2369 2577
2577 458
458 3584
3584 2584
2584 4858
4858 3282
3282 4681
4681 4108
4108 2974
2974 485
485 1192
1192 3475
3475 849
849 1472
1472 531
531 706
706 261
261 3969
3969 3124
3124 2346
2346 4118
4118 1424
1424 2080
2080 4240
4240 4619
4619 480
480 627
627 4841
4841 1858
1858 1018
1018 3232
3232 2800
2800 745
745 679
679 2309
2309 3706
3706 3889
3889 3592
3592 4156
4156 19
19 597
597 332
332 2060
2060 2434
2434 778
778 3231
3231 1022
1022 3301
3301 3306
3306 2074
2074 994
994 2753
2753 499
499 2025
2025 672
672 2891
2891 4788
4788 2676
2676 4428
4428 3221
3221 1006
1006 2109
2109 3981
3981 3534
3534 3512
3512 2194
2194 4402
4402 878
878 958
958 3044
3044 1610
1610 2474
2474 4327
4327 1524
1524 1783
1783 2259
2259 1227
1227 3291
3291 3313
3313 3668
3668 3516
3516 3498
3498 1162
1162 236
236 1137
1137 2389
2389 4678
4678 4056
4056 3758
3758 1787
1787 290
290 322
322 1967
1967 1650
1650 4150
4150 3030
3030 2987
2987 3885
3885 2624
2624 3247
3247 4926
4926 3798
3798 4205
4205 1353
1353 1366
1366 1746
1746 13
13 2356
2356 181
181 4933
4933 746
746 1053
1053 273
273 4008
4008 1028
1028 2771
2771 2545
2545 3137
3137 3808
3808 58
58 1595
1595 4804
4804 1484
1484 967
967 1260
1260 2493
2493 1481
1481 1898
1898 1213
1213 1965
1965 3363
3363 2886
2886 2022
2022 4576
4576 1669
1669 2374
2374 4577
4577 4964
4964 204
204 2772
2772 4369
4369 1326
1326 1100
1100 4819
4819 4365
4365 2336
2336 4929
4929 3634
3634 889
889 4737
4737 983
983 180
180 1803
1803 12
12 4391
4391 2134
2134 614
614 2478
2478 1626
1626 2438
2438 1129
1129 650
650 2930
2930 960
960 2966
2966 3716
3716 1393
1393 1297
1297 2877
2877 2509
2509 2113
2113 4448
4448 515
515 3923
3923 2909
2909 2435
2435 3158
3158 3451
3451 591
591 4295
4295 2332
2332 4972
4972 2529
2529 1295
1295 176
176 4973
4973 2028
2028 366
366 2644
2644 1186
1186 2303
2303 4470
4470 1233
1233 2998
2998 4321
4321 1361
1361 1177
1177 3732
3732 2980
2980 2936
2936 3432
3432 3879
3879 4444
4444 864
864 543
543 1537
1537 592
592 3155
3155 2011
2011 2515
2515 3807
3807 2499
2499 2880
2880 3719
3719 2835
2835 3133
3133 2426
2426 655
655 3781
3781 4301
4301 49
49 3217
3217 241
241 3438
3438 3482
3482 2686
2686 1526
1526 4065
4065 4025
4025 1130
1130 2442
2442 98
98 2765
2765 2934
2934 3020
3020 4124
4124 2104
2104 2001
2001 2006
2006 2300
2300 3071
3071 4996
4996 4906
4906 4789
4789 2773
2773 2691
2691 1811
1811 2089
2089 234
234 3952
3952 1300
1300 2390
2390 3470
3470 4993
4993 1980
1980 1410
1410 2989
2989 4174
4174 3492
3492 4107
4107 514
514 1008
1008 604
604 2862
2862 3841
3841 719
719 2888
2888 4585
4585 3253
3253 739
739 2777
2777 2643
2643 4985
4985 2239
2239 1652
1652 2976
2976 1244
1244 657
657 1857
1857 2355
2355 2218
2218 2942
2942 3339
3339 104
104 772
772 1986
1986 3318
3318 1263
1263 4629
4629 160
160 3411
3411 281
281 2204
2204 4635
4635 1147
1147 471
471 2889
2889 1077
1077 219
219 95
95 2518
2518 1681
1681 4403
4403 470
470 2103
2103 837
837 3630
3630 501
501 2459
2459 1082
1082 771
771 2121
2121 3410
3410 2779
2779 4337
4337 3195
3195 3583
3583 2548
2548 2860
2860 2677
2677 3076
3076 1557
1557 91
91 2878
2878 2661
2661 4067
4067 92
92 416
416 2913
2913 1636
1636 2481
2481 2542
2542 1908
1908 3506
3506 153
153 854
854 4374
4374 2183
2183 2893
2893 1587
1587 4355
4355 4100
4100 2289
2289 4631
4631 1885
1885 2768
2768 3500
3500 1644
1644 1197
1197 576
576 1709
1709 4910
4910 1371
1371 2827
2827 4415
4415 1148
1148 4451
4451 1051
1051 2652
2652 2159
2159 163
163 3549
3549 2353
2353 4749
4749 1543
1543 450
450 1749
1749 3550
3550 517
517 1555
1555 1098
1098 4390
4390 4673
4673 4047
4047 4260
4260 638
638 2203
2203 1868
1868 4218
4218 3484
3484 1677
1677 2566
2566 3695
3695 782
782 3409
3409 3782
3782 1656
1656 2385
2385 1311
1311 2086
2086 3028
3028 4036
4036 2588
2588 1167
1167 1953
1953 1191
1191 4857
4857 304
304 1339
1339 2477
2477 556
556 4883
4883 2262
2262 4120
4120 3304
3304 4193
4193 930
930 694
694 2106
2106 3325
3325 1853
1853 3815
3815 3728
3728 4042
4042 292
292 426
426 3765
3765 4149
4149 2528
2528 3016
3016 2695
2695 352
352 3557
3557 334
334 47
47 2229
2229 56
56 4601
4601 505
505 1845
1845 2847
2847 3502
3502 3553
3553 4856
4856 2505
2505 1396
1396 4371
4371 3626
3626 3715
3715 4607
4607 2623
2623 4670
4670 1072
1072 1150
1150 1049
1049 3540
3540 1785
1785 3335
3335 1797
1797 3384
3384 4074
4074 2850
2850 338
338 1597
1597 4166
4166 3496
3496 1085
1085 4815
4815 3102
3102 2401
2401 3142
3142 3057
3057 4803
4803 4341
4341 1305
1305 3029
3029 4597
4597 804
804 877
877 3055
3055 4938
4938 3768
3768 653
653 3517
3517 1043
1043 4499
4499 3273
3273 1344
1344 2831
2831 770
770 3145
3145 2112
2112 2804
2804 315
315 3115
3115 112
112 1464
1464 2742
2742 4334
4334 210
210 4586
4586 1292
1292 2195
2195 4720
4720 1198
1198 3683
3683 2855
2855 3460
3460 3245
3245 1045
1045 1017
1017 1814
1814 977
977 4375
4375 4009
4009 3859
3859 3189
3189 1029
1029 3897
3897 4598
4598 31
31 629
629 2844
2844 2591
2591 4538
4538 1141
1141 4184
4184 2973
2973 4507
4507 3875
3875 1264
1264 1692
1692 4279
4279 4675
4675 1204
1204 821
821 3574
3574 3664
3664 3037
3037 1202
1202 1639
1639 3821
3821 2391
2391 1189
1189 716
716 4357
4357 2312
2312 1904
1904 1507
1507 472
472 2979
2979 1365
1365 4481
4481 3615
3615 1056
1056 2854
2854 4650
4650 612
612 3349
3349 398
398 477
477 2232
2232 146
146 3704
3704 2324
2324 1495
1495 1251
1251 2061
2061 713
713 1350
1350 1158
1158 1724
1724 3795
3795 2408
2408 2123
2123 2349
2349 2558
2558 4370
4370 2102
2102 2559
2559 2099
2099 3083
3083 874
874 4085
4085 2547
2547 3481
3481 3130
3130 2963
2963 33
33 2682
2682 546
546 4291
4291 3288
3288 2633
2633 3914
3914 689
689 3479
3479 1397
1397 1293
1293 3426
3426 2128
2128 3015
3015 2564
2564 4746
4746 151
151 3590
3590 216
216 1934
1934 4777
4777 305
305 4287
4287 1003
1003 2782
2782 3168
3168 4845
4845 2093
2093 1409
1409 1968
1968 1570
1570 696
696 3717
3717 2117
2117 4058
4058 1620
1620 2363
2363 4508
4508 4847
4847 3268
3268 2756
2756 4328
4328 2034
2034 3836
3836 658
658 2091
2091 3769
3769 2331
2331 2995
2995 2319
2319 725
725 4674
4674 4982
4982 783
783 2306
2306 2062
2062 3300
3300 2608
2608 955
955 3420
3420 4422
4422 1805
1805 4393
4393 4663
4663 1810
1810 3643
3643 861
861 3881
3881 3882
3882 3348
3348 4957
4957 2761
2761 4462
4462 1487
1487 4895
4895 4142
4142 2846
2846 4188
4188 896
896 1451
1451 2026
2026 3036
3036 136
136 4590
4590 1390
1390 2790
2790 1470
1470 1558
1558 3088
3088 504
504 4061
4061 94
94 2450
2450 4517
4517 3830
3830 3696
3696 1886
1886 2005
2005 2861
2861 3860
3860 4980
4980 4975
4975 3297
3297 3072
3072 2964
2964 3219
3219 3399
3399 3754
3754 3948
3948 257
257 3447
3447 4715
4715 4748
4748 3627
3627 2024
2024 3022
3022 2620
2620 1742
1742 999
999 3397
3397 2601
2601 4676
4676 376
376 4408
4408 903
903 259
259 307
307 1696
1696 2049
2049 1850
1850 1897
1897 1957
1957 1690
1690 3786
3786 3337
3337 2030
2030 2594
2594 419
419 1471
1471 2711
2711 792
792 4754
4754 2814
2814 3647
3647 4235
4235 3939
3939 1163
1163 2379
2379 3240
3240 2826
2826 2280
2280 3999
3999 4774
4774 917
917 2157
2157 4340
4340 2447
2447 2638
2638 1343
1343 4172
4172 674
674 4380
4380 2036
2036 493
493 3342
3342 1046
1046 2680
2680 66
66 1563
1563 1734
1734 155
155 1124
1124 2115
2115 122
122 2196
2196 762
762 2424
2424 4794
4794 3899
3899 4386
4386 1592
1592 346
346 1725
1725 2731
2731 449
449 3224
3224 3054
3054 4829
4829 1695
1695 1475
1475 2562
2562 3811
3811 2119
2119 2794
2794 2896
2896 3877
3877 4595
4595 1171
1171 130
130 63
63 3151
3151 718
718 4176
4176 3150
3150 4199
4199 251
251 1831
1831 4515
4515 2885
2885 1659
1659 4246
4246 3692
3692 1928
1928 1997
1997 1120
1120 1511
1511 102
102 1930
1930 2640
2640 4935
4935 1707
1707 4840
4840 1096
1096 2786
2786 3127
3127 4230
4230 1222
1222 2246
2246 509
509 2454
2454 3837
3837 3593
3593 1895
1895 4766
4766 2150
2150 1704
1704 1947
1947 3045
3045 10
10 4718
4718 2613
2613 995
995 3237
3237 1173
1173 280
280 2672
2672 3079
3079 3433
3433 2002
2002 269
269 3903
3903 972
972 1463
1463 4276
4276 3519
3519 1372
1372 1
1 4165
4165 1881
1881 2221
2221 2709
2709 4765
4765 3564
3564 487
487 4028
4028 4146
4146 979
979 4020
4020 4484
4484 1633
1633 4878
4878 4197
4197 3560
3560 274
274 3710
3710 3026
3026 2310
2310 2133
2133 448
448 2837
2837 842
842 4055
4055 4934
4934 4395
4395 3172
3172 2819
2819 3105
3105 4212
4212 668
668 4104
4104 1679
1679 2536
2536 3370
3370 2467
2467 2366
2366 4725
4725 894
894 4664
4664 2704
2704 4570
4570 2665
2665 1465
1465 1759
1759 1119
1119 2585
2585 3654
3654 468
468 2238
2238 2256
2256 3556
3556 3389
3389 1799
1799 3919
3919 1823
1823 3170
3170 1473
1473 3164
3164 3721
3721 1680
1680 3355
3355 843
843 3341
3341 3866
3866 2580
2580 4278
4278 4483
4483 2931
2931 603
603 2778
2778 1224
1224 1310
1310 780
780 193
193 194
194 4139
4139 4424
4424 3316
3316 1439
1439 2007
2007 1190
1190 3043
3043 1416
1416 2599
2599 2375
2375 1014
1014 4214
4214 3272
3272 1865
1865 3736
3736 1296
1296 1675
1675 1329
1329 3543
3543 4299
4299 1496
1496 4580
4580 1352
1352 735
735 2971
2971 2781
2781 561
561 2958
2958 2411
2411 350
350 3527
3527 1517
1517 3378
3378 4552
4552 829
829 1713
1713 2208
2208 1421
1421 23
23 2305
2305 4848
4848 4866
4866 997
997 1815
1815 4406
4406 189
189 4735
4735 243
243 1806
1806 3330
3330 2581
2581 1840
1840 2707
2707 818
818 2236
2236 3375
3375 447
447 329
329 2508
2508 620
620 2016
2016 30
30 1166
1166 4226
4226 1317
1317 3281
3281 369
369 2365
2365 2065
2065 3974
3974 4099
4099 2430
2430 42
42 4354
4354 1125
1125 1205
1205 2526
2526 3604
3604 4888
4888 3849
3849 3996
3996 347
347 4705
4705 1479
1479 987
987 3235
3235 1324
1324 1944
1944 2371
2371 3912
3912 537
537 2604
2604 791
791 2253
2253 4736
4736 321
321 1762
1762 1949
1949 4010
4010 555
555 3884
3884 4223
4223 871
871 4024
4024 1071
1071 39
39 2516
2516 4653
4653 3453
3453 4282
4282 3752
3752 680
680 4432
4432 1993
1993 114
114 40
40 2037
2037 918
918 2110
2110 2667
2667 3448
3448 132
132 1791
1791 686
686 3979
3979 3759
3759 1972
1972 1284
1284 2537
2537 1153
1153 4524
4524 4082
4082 3361
3361 3213
3213 4136
4136 2568
2568 1373
1373 4089
4089 3243
3243 2716
2716 3324
3324 4730
4730 2335
2335 1643
1643 3794
3794 4343
4343 678
678 4790
4790 4054
4054 4169
4169 1337
1337 496
496 3073
3073 2258
2258 1839
1839 2873
2873 709
709 929
929 2941
2941 4277
4277 727
727 277
277 1277
1277 1306
1306 4157
4157 761
761 4348
4348 2069
2069 4191
4191 4902
4902 1792
1792 2333
2333 4928
4928 4364
4364 2975
2975 584
584 4671
4671 3947
3947 3544
3544 3508
3508 4002
4002 2575
2575 2908
2908 3146
3146 52
52 2663
2663 262
262 2703
2703 121
121 4412
4412 3697
3697 3523
3523 764
764 580
580 2911
2911 196
196 395
395 2075
2075 2406
2406 3197
3197 208
208 1706
1706 721
721 2407
2407 1576
1576 4227
4227 2397
2397 4660
4660 4655
4655 1790
1790 111
111 3637
3637 278
278 3591
3591 2523
2523 1348
1348 4575
4575 3597
3597 2192
2192 1220
1220 1093
1093 1403
1403 3640
3640 481
481 4958
4958 4221
4221 534
534 353
353 4427
4427 3326
3326 3429
3429 807
807 3568
3568 365
365 3644
3644 4144
4144 1740
1740 4641
4641 4971
4971 1580
1580 3060
3060 1152
1152 4270
4270 2944
2944 323
323 3588
3588 1274
1274 232
232 4329
4329 3978
3978 1138
1138 2513
2513 4540
4540 3888
3888 4192
4192 4921
4921 4154
4154 793
793 1417
1417 2619
2619 3929
3929 4875
4875 2223
2223 4667
4667 3218
3218 1114
1114 808
808 4231
4231 2627
2627 2297
2297 384
384 275
275 3228
3228 4252
4252 3932
3932 96
96 2377
2377 1379
1379 4273
4273 2662
2662 2984
2984 4177
4177 1996
1996 3285
3285 1132
1132 285
285 3317
3317 2348
2348 831
831 4625
4625 1856
1856 425
425 2796
2796 3667
3667 3467
3467 2856
2856 3845
3845 2915
2915 331
331 4691
4691 1701
1701 4723
4723 1577
1577 720
720 3844
3844 4155
4155 4867
4867 4022
4022 1891
1891 3305
3305 2598
2598 2359
2359 4870
4870 3537
3537 2358
2358 3463
3463 4796
4796 4182
4182 1956
1956 2938
2938 1777
1777 4068
4068 336
336 3538
3538 178
178 3809
3809 240
240 2293
2293 1330
1330 844
844 4826
4826 1964
1964 3169
3169 2287
2287 242
242 4351
4351 1437
1437 1852
1852 2554
2554 4425
4425 2214
2214 408
408 1546
1546 1549
1549 4744
4744 4464
4464 904
904 2380
2380 4609
4609 2669
2669 4606
4606 79
79 3894
3894 2668
2668 4465
4465 4605
4605 3340
3340 4421
4421 944
944 3314
3314 3257
3257 507
507 2625
2625 3869
3869 3930
3930 99
99 513
513 4865
4865 18
18 1893
1893 2830
2830 1826
1826 4773
4773 2216
2216 3220
3220 4040
4040 3918
3918 2252
2252 1710
1710 1820
1820 3893
3893 1547
1547 4887
4887 4989
4989 3006
3006 2637
2637 3856
3856 3563
3563 2982
2982 2045
2045 1139
1139 4269
4269 1539
1539 3353
3353 4017
4017 2479
2479 4134
4134 510
510 3419
3419 1687
1687 4680
4680 2387
2387 1319
1319 602
602 2952
2952 4322
4322 3935
3935 565
565 2700
2700 4419
4419 2269
2269 3657
3657 4600
4600 562
562 1183
1183 3962
3962 3900
3900 3050
3050 1658
1658 303
303 182
182 3699
3699 2900
2900 2211
2211 4927
4927 1662
1662 3595
3595 2813
2813 2552
2552 2316
2316 641
641 4129
4129 4810
4810 4844
4844 258
258 2755
2755 192
192 3963
3963 2322
2322 781
781 3525
3525 1877
1877 3854
3854 3671
3671 1493
1493 2017
2017 1796
1796 3166
3166 3385
3385 1174
1174 2053
2053 4198
4198 3251
3251 2476
2476 4679
4679 951
951 2471
2471 119
119 4944
4944 3865
3865 3489
3489 1206
1206 1386
1386 1136
1136 4423
4423 4316
4316 2721
2721 3777
3777 2618
2618 3223
3223 4976
4976 3478
3478 25
25 2205
2205 2713
2713 3207
3207 1412
1412 4041
4041 1026
1026 284
284 3153
3153 2191
2191 1689
1689 4271
4271 2697
2697 3107
3107 1781
1781 4330
4330 2947
2947 1226
1226 3951
3951 2452
2452 2362
2362 2775
2775 809
809 3007
3007 3646
3646 2039
2039 3157
3157 2164
2164 4622
4622 3720
3720 4981
4981 919
919 4770
4770 4418
4418 413
413 3069
3069 124
124 1216
1216 1902
1902 456
456 3296
3296 1432
1432 593
593 1978
1978 3505
3505 1532
1532 1719
1719 1848
1848 3138
3138 2169
2169 2328
2328 613
613 2340
2340 423
423 933
933 1099
1099 2458
2458 4274
4274 760
760 1971
1971 4141
4141 3303
3303 2918
2918 3331
3331 3462
3462 2519
2519 4110
4110 3867
3867 1618
1618 3675
3675 2139
2139 4535
4535 2254
2254 4015
4015 586
586 563
563 3961
3961 2699
2699 3414
3414 314
314 2785
2785 351
351 2443
2443 2178
2178 2317
2317 1910
1910 937
937 2052
2052 1440
1440 1499
1499 3210
3210 4688
4688 36
36 3111
3111 3694
3694 4639
4639 433
433 2226
2226 2198
2198 2595
2595 3964
3964 3848
3848 2842
2842 2151
2151 71
71 2902
2902 3270
3270 669
669 1923
1923 1170
1170 3173
3173 3503
3503 2940
2940 1676
1676 2615
2615 2897
2897 4948
4948 3292
3292 2403
2403 2674
2674 2388
2388 2895
2895 3633
3633 1123
1123 4940
4940 1298
1298 1391
1391 360
360 4602
4602 1634
1634 3988
3988 4700
4700 4846
4846 4091
4091 335
335 2738
2738 1444
1444 6
6 3032
3032 3104
3104 1449
1449 2924
2924 4501
4501 4617
4617 1573
1573 938
938 4514
4514 2892
2892 2969
2969 752
752 666
666 4336
4336 806
806 4178
4178 2792
2792 2706
2706 2410
2410 230
230 4344
4344 2550
2550 2071
2071 3531
3531 1257
1257 1090
1090 4965
4965 3308
3308 2345
2345 4526
4526 622
622 4048
4048 1377
1666 535
2110 2136
2600 1838
1893 2276
4926 3747
1995 3347
2543 1627
2218 4285
2711 1561
2701 2146
4204 4010
828 4058
92 359
1508 3345
1555 1515
1282 2971
114 3708
3783 1582
4576 4799
4717 1110
4301 2541
588 4938
196 2344
575 1257
3446 3228
333 3934
4590 2279
895 2599
2547 2189
824 3588
4454 1138
481 1625
4540 4426
302 1840
3949 2897
4959 370
573 1798
2658 1863
2725 2987
2704 582
34 4063
3491 496
181 4714
2195 4893
4161 3109
2493 3790
4708 4287
521 4410
4894 444
2323 2317
335 2614
4578 2941
234 4968
3857 3712
4665 3883
4653 932
2622 169
1723 620
915 3498
3598 2466
1493 2556
1719 684
3669 3573
4049 1109
3325 3483
4125 1003
3114 2465
1131 4397
3229 4578
1719 1469
4486 1280
3451 4092
887 3945
3714 1930
956 745
386 2777
2607 2086
4352 3895
298 1934
3282 4021
3206 1899
4126 398
3363 3404
1715 3114
4042 1253
1672 1592
2109 1772
4093 2682
412 2136
3541 3600
3548 1179
2412 2446
1907 904
3251 2337
560 4997
2089 822
3961 3682
1657 1346
307 1784
1189 4381
3304 4023
2777 2660
1417 3607
2816 375
3011 1203
2199 2690
3397 3565
921 32
1710 2994
4230 4016
3816 4715
3420 3937
4296 3014
3500 1604
1122 2282
2601 1010
1453 4085
1761 4049
3575 3262
1502 675
3070 3130
1050 4291
2751 3186
1898 2970
2238 4837
686 2628
731 4282
3258 2619
2205 2981
1575 2273
2517 2847
4140 2971
4263 4997
2792 4722
3464 2476
1465 2859
4564 464
2372 1980
1912 3564
2714 512
2735 2977
3949 2983
340 3907
1459 2529
2525 2273
4474 2617
1650 2400
4718 1585
3217 296
354 3333
4269 991
1913 2331
2602 657
2612 4446
769 3565
4730 436
1956 962
2979 2750
4852 375
4042 3880
3267 2262
1502 3998
2458 4527
2734 4120
4541 1639
4495 3448
1756 1213
1809 1055
2505 1443
1840 1879
2543 2720
2292 2680
3202 250
4742 3227
3762 1069
834 746
4436 2480
1447 4845
4528 596
3110 3148
4795 578
2531 2400
3648 4715
2665 832
287 3556
356 1325
1649 145
1727 4486
1738 2281
3114 3328
1163 4164
1180 4501
2542 3454
3415 628
4863 3963
3607 1143
3800 3711
2705 2699
428 1590
2175 1913
1027 1043
122 3209
135 458
2317 1117
4991 4093
3494 2390
3198 3692
2044 2397
1053 4951
3842 1964
1861 2997
3062 1071
3046 4733
2106 4990
635 1505
4032 4973
2453 2653
4143 3262
1396 2587
3515 4328
3522 1180
4774 3090
1655 3641
2965 1746
1382 2756
1841 937
178 3908
4305 2831
2238 4805
4953 1466
2866 1976
4850 4202
1873 1630
2419 1798
1201 4974
2980 3254
1009 1712
4943 2044
1780 3483
604 3116
2028 2802
2209 3326
2799 2924
2970 1360
2688 2355
3150 4070
4651 2160
2058 1889
4954 781
3315 3353
1156 4545
35 2715
3270 3581
985 3403
3437 4100
2278 4609
4303 2263
2176 846
519 4556
2594 228
2810 4440
1716 2616
4652 3584
3642 2977
3890 187
1120 1920
2627 1172
4416 943
1682 832
1409 4290
1447 2920
424 4773
1309 4587
4571 931
2319 3442
1559 1191
1894 2480
3926 1495
303 4461
2182 2548
2359 1349
4476 1709
131 4980
2788 118
1923 3744
4622 1860
2832 1190
3746 2227
3720 2295
4696 843
76 1537
1424 3238
360 93
3507 2327
4657 846
3891 4601
4607 1112
1465 1218
2825 174
4762 2543
2096 2709
3233 1913
4743 1337
1924 3295
2944 4167
3847 1298
3611 1144
1281 4115
1699 2912
3289 4851
2771 4759
2959 3463
2984 4207
3987 301
4767 1283
4571 201
247 2136
535 2955
8 2994
4964 4738
2133 2152
1309 4566
4557 1752
3645 3729
637 808
1866 2103
945 2669
463 1481
2434 2904
4651 3468
1980 2431
2852 4899
2823 3498
4285 3636
1951 883
3685 2848
865 1819
1530 1596
3269 2185
2807 397
592 1688
2343 2239
631 2509
3566 2344
3519 293
3692 630
1737 20
1782 1312
3979 1714
2496 603
1036 1945
3960 2552
1444 3509
1699 4642
3930 2367
4919 3832
2741 443
3360 3830
3663 4725
1247 4753
1189 4251
3060 270
2377 109
4977 4140
85 1053
4458 1996
120 2680
2692 443
3742 3243
3323 2536
3222 2305
3994 3518
2421 577
83 1581
562 4835
3607 4798
3874 487
3022 1731
1088 3166
3869 1315
2026 1977
436 1127
1468 1293
2468 18
3819 3663
4311 4605
4121 1481
3389 802
252 3043
395 2462
2814 3955
2904 1243
729 985
4241 1379
489 4878
4734 531
3298 2982
4331 415
1120 4802
516 610
530 3269
972 2664
3473 2590
1676 4064
2917 1933
1239 3181
776 4252
4021 3401
4692 4100
2633 4624
297 2767
2048 4092
3834 2916
2952 2501
4286 3858
523 3787
112 1052
2875 1932
620 4914
4779 4130
3465 3245
3694 1381
1409 710
901 2302
1604 835
157 4616
3103 3202
4867 4376
2965 2647
4877 2395
910 1577
2981 4916
2646 4878
2047 391
1580 4308
2897 4420
1979 2563
4420 4173
3831 4629
2042 1370
4327 2138
4264 832
4799 1452
4536 4578
719 2018
890 2110
4945 3859
2488 4357
1343 3380
2206 2517
1879 973
3733 4882
994 1054
812 4193
3025 714
3729 1354
2967 3315
2219 1159
2406 1007
2155 1323
3839 2366
307 4689
4037 3555
1525 4652
811 1513
580 2122
2256 401
4409 2001
4543 2248
1253 3905
4550 2624
2749 3614
3913 1802
615 3525
1182 2044
2936 1261
2795 3029
131 4228
2274 3211
3849 1039
3502 3740
4443 470
3322 3157
2456 2073
4863 663
1667 3324
783 476
4078 1421
1869 3859
4058 1952
2622 1235
4911 3456
2135 336
2136 134
4438 530
70 1579
3477 1724
2732 17
4715 1962
148 494
3004 964
3679 4060
2137 2153
4417 1124
671 456
1702 1104
2836 2011
2219 4986
2043 1438
726 2615
1706 2272
4646 176
4075 240
4540 2745
310 4789
2227 3778
876 2258
834 4163
4475 2628
2034 1836
655 1458
4044 1218
2992 3751
1125 141
4916 2589
1540 1340
2693 315
1111 4737
4509 635
402 1634
4769 3234
4841 3400
1886 1267
3099 78
1660 4409
4194 1446
243 3700
4326 3005
4269 2436
2930 2632
3066 4104
2091 1025
410 3746
4462 2225
3259 1546
2557 1052
4530 3128
1044 4622
803 3758
645 1805
2535 1473
2608 1351
390 2333
2224 1210
4656 3080
564 2648
4973 110
1207 3456
247 3577
2925 3384
4844 4001
3961 626
4341 2845
1893 936
4108 4506
3799 1831
3685 4471
696 4860
461 3285
1856 1426
528 1366
1630 282
4289 4696
3441 4417
2876 1898
4232 2413
3428 4865
1304 4200
2808 63
1035 1716
4153 4223
1584 4925
4104 4500
1460 864
3284 683
4313 2739
1851 4428
1676 2464
3844 1700
796 488
549 46
4183 957
3634 2444
1517 197
1308 4857
1039 2540
2365 1583
2777 2490
459 4747
2257 1088
3272 2968
4054 3260
2115 2265
797 2344
1215 1987
428 263
2789 2043
4185 4641
3536 1018
2971 2111
2714 3570
2190 705
2655 694
2982 1554
3119 4848
2745 3162
1220 143
3405 53
331 2294
1153 1522
4653 4442
1453 3334
361 3805
4911 1140
4056 1299
1101 2055
3228 4739
1053 318
4959 4529
895 4752
738 3076
2669 3886
1961 3946
1243 3398
1947 3003
4116 4944
4140 1969
2509 3023
1628 2267
428 939
2068 172
776 4978
1536 2413
3978 4467
2891 48
1411 1716
3044 1629
1263 4007
1448 623
4174 3723
3426 4868
34 1600
1653 1797
1487 659
241 1645
490 3212
3109 3117
1603 2380
517 4168
335 1250
2313 1406
3252 2772
1469 1160
1722 3439
1199 4857
3688 3697
254 3638
3998 2723
3 2598
2020 962
1210 4831
4705 3416
4797 2959
830 2915
2631 2480
4294 4537
2827 474
3620 4000
941 3843
890 2095
2758 3725
1249 686
1879 4478
103 1216
166 1894
213 549
1329 1115
4109 3926
1105 1227
3119 4046
132 115
3698 4302
3898 2254
1022 4400
4596 3164
3845 2689
752 4677
1598 4869
7 4124
2948 3758
2961 2513
785 3176
4145 351
2256 3554
3208 649
4329 2251
4625 969
3817 3361
595 4071
3178 4578
4134 3390
3067 2387
2271 1881
1546 805
1527 2559
3346 610
3681 3222
3524 3537
4806 843
3946 3931
72 2400
4095 3718
4691 320
299 1734
575 2202
3841 1529
4616 2929
4045 40
231 4420
2978 2831
3959 2310
168 2374
3900 3665
4574 3568
1962 4568
2871 1898
3623 1644
2817 3710
3704 2495
1935 4316
2089 3915
1552 3817
2959 2869
88 2313
3949 1521
1481 4242
3526 2408
585 2809
2264 4597
4228 1990
4727 3167
489 2923
4351 4830
3613 3102
4854 4406
2422 4504
3981 3425
3939 2960
2341 4706
898 886
1506 1809
1038 3137
4729 931
1295 3280
2653 324
3402 3671
2566 2726
2669 4429
3038 4746
1054 2874
2506 3037
4375 1616
4031 3728
2947 699
3457 1199
1968 885
4125 2350
1812 2195
3871 4348
4579 2716
2833 3854
1725 2088
1049 4876
2831 465
2550 1355
1146 3887
1872 1825
2821 1636
3927 3203
4521 3857
3917 1194
4361 2238
2074 3953
1181 584
1890 4165
4984 207
3058 3881
415 4569
2659 4867
4208 2456
1188 2619
3631 4697
2792 1562
3329 2930
3141 3953
725 986
2849 3178
3005 2639
4881 1668
3213 3942
4143 2489
1283 3965
4098 2376
582 4701
3532 738
45 2410
1832 2425
4851 2012
4696 4011
2714 1753
3701 1890
4087 1409
808 867
542 3492
94 3367
4384 4769
4349 197
1792 4105
2752 1112
4880 119
4101 611
159 2339
4584 1741
4800 1456
2949 1154
4540 3606
2789 2090
4662 1379
1952 3579
3387 4325
4158 1861
3117 1242
380 3678
4887 3320
2899 1304
4510 159
4464 177
67 1028
1639 2428
2259 4267
1337 3307
1168 241
246 2037
1159 4750
3949 4137
161 281
4768 943
435 4730
64 2069
4149 4190
1483 4685
3999 4950
4980 1602
1146 3487
947 1122
2641 4926
2778 2148
3565 3009
2452 4620
4356 1706
4468 401
763 742
847 1480
4809 3349
244 1786
1458 1419
2334 3205
2280 3177
2947 2441
2463 1304
3611 4401
2229 2
190 1001
4131 1306
275 3750
2933 4759
3256 2947
4919 2409
3144 3771
4988 2354
3829 1781
2081 3519
1178 1464
3748 2213
3275 1046
191 142
4237 2191
2830 4955
2332 3691
2600 123
1171 3992
1651 3028
1046 4825
3134 1304
1719 1024
3860 308
2175 4298
333 3357
1934 665
1359 440
2460 1519
3639 2526
479 844
2805 556
3655 4569
3183 4088
1885 4560
2392 2522
1610 2461
4046 4787
536 1369
123 327
3744 868
624 576
2210 4382
1521 2654
2583 1071
1295 1258
3743 828
4816 3025
3106 572
2809 4396
2668 411
2400 2898
4994 414
3992 3338
2360 1350
1936 2870
2766 883
3273 3466
1686 2280
3552 518
1942 567
3883 1747
3471 3195
2788 1061
2049 4764
3068 2213
525 3376
3053 3943
3982 897
4592 3030
2511 1823
333 2858
1327 4426
1228 3877
704 3343
1954 593
3230 4798
1728 1696
3139 4646
2392 1020
638 1067
1640 3545
3319 1937
3241 4124
4889 369
4173 438
539 2515
554 1495
2946 2531
3752 4084
94 1760
3154 1888
4233 170
2124 988
3791 2834
1550 4555
1638 1417
4267 3371
1454 2916
3710 646
4160 4022
2829 314
696 1589
356 4319
4736 2275
1150 4258
3573 2399
3532 3434
4712 4016
3849 235
3535 125
653 372
3939 587
3123 1072
3600 4573
2684 2966
587 1859
3113 3727
953 374
2677 1415
4463 2723
2609 2428
1564 3163
3196 2836
2074 1342
2172 2209
4090 1722
4901 2208
1069 4630
3876 4278
3223 3497
3096 972
3176 3418
2838 2624
1113 2222
4849 190
4985 29
331 4898
2700 1358
3993 4126
2005 4775
3472 4178
4627 4727
946 2460
1131 4148
856 2047
4817 4653
1134 1877
850 2946
4862 1550
1606 228
614 4886
3379 2556
442 1215
400 3720
4490 4928
4549 3256
1356 3020
3990 4063
3760 4048
4615 4552
2868 2745
3868 477
352 344
316 4029
3367 3547
4684 3308
4244 3819
808 3989
4461 1599
2665 2972
3662 3527
4404 3915
3190 2474
2066 3491
4583 3862
4661 1473
2166 2095
4627 175
3413 764
4975 3666
3326 2418
2877 4257
2054 4429
2685 3758
3345 1721
1939 1171
1778 3139
1507 3469
77 1348
3850 3466
3310 1866
4350 525
4078 4195
4632 1330
2097 2594
4335 3380
2215 2949
4096 4784
3495 3116
1143 265
1555 4372
4518 803
3461 3106
248 1613
3871 4724
4900 3164
4457 215
3402 1004
3199 2394
1821 699
3904 2588
353 21
1299 1614
1959 2714
725 4932
4503 2756
722 2670
4471 1767
1307 4061
2903 4292
4688 707
3799 4062
2787 103
4336 3528
4985 553
4397 664
4534 3521
245 2958
3136 391
3985 107
41 2845
4496 436
2299 3197
2 4936
3034 899
1934 690
1930 3013
622 224
1321 2584
223 985
4250 3435
1870 2081
1953 884
1156 617
229 805
4942 2529
594 1738
4216 1778
2657 3819
2985 2274
2846 2722
2693 2228
1960 2170
2519 1149
1435 1587
3396 2960
4206 3507
2079 1056
4363 1810
4633 202
4822 1117
3414 4562
2688 2023
4811 2215
2198 1387
836 2349
3575 1608
3396 2894
2943 2888
22 3425
65 844
3398 2233
155 4908
4317 4228
897 4324
3184 3848
3038 2004
3336 2589
383 4929
3628 2809
1913 819
1460 801
4562 4709
1268 3034
3161 913
2948 2801
4506 3321
888 2254
2045 4433
4780 3938
4362 4969
3757 3119
4061 3445
3780 4565
1775 4822
4018 4749
4243 1894
2366 1883
795 4635
3433 1102
2942 4026
1455 4578
3188 2318
3425 431
2553 3121
817 4823
4932 3872
2320 3569
667 1787
2943 457
2457 4163
3198 1229
4211 3459
4519 3166
3599 3230
339 3161
1877 3395
2635 3505
2516 4687
4355 358
101 4809
1663 3754
3906 1867
484 4162
1020 2914
743 1869
2015 660
855 655
2249 4060
3177 2382
1507 747
4122 4936
238 236
4723 3684
1820 1195
2508 2087
851 1386
4108 2610
480 773
2108 1128
1239 545
2675 1513
848 3755
4787 3312
3582 1808
990 4165
4783 1775
1002 4935
3540 1230
2864 3735
4558 2808
1836 1385
225 2584
1713 3806
4944 4603
1919 3217
4792 154
1151 220
4132 1808
1528 1786
3069 198
4236 1109
2841 1582
2175 3835
1140 1828
1335 2126
3386 2564
852 3666
5 4090
127 3275
3525 966
3043 1278
2729 4058
3449 311
3160 1309
2381 735
4841 3192
3756 2877
4424 1729
4205 4979
3797 2837
968 2514
4778 2253
2142 1956
712 2548
3968 2392
3027 3266
3540 992
4307 4739
2908 4567
4698 3998
2423 4990
740 1740
609 596
2266 4366
908 139
1809 2484
2773 1943
1372 4437
533 3486
4136 1341
2571 1396
1819 2180
3035 4111
4709 2927
291 1245
1481 3739
1926 3501
3149 2667
4360 2387
4650 3896
1624 2753
4703 4985
4305 589
292 506
210 4435
4233 4181
1491 669
3811 3440
1196 1481
2965 3792
3001 474
3711 1477
4124 2737
557 3106
1732 1307
3567 1267
345 778
4828 2037
4179 1142
554 1486
43 3732
2806 745
1170 1973
1654 3940
4601 2094
1887 1297
3464 4807
4541 3021
4184 916
3833 3229
843 4005
46 3635
4914 3436
1294 1836
1998 2350
3745 3160
3074 4369
2052 652
3112 3479
1693 4360
1388 2915
2242 480
100 3429
998 3701
4239 1938
3359 223
1428 1139
3753 3321
2371 2565
2678 2315
4716 584
2128 3980
1182 3356
574 4041
3165 208
3863 997
568 1876
350 625
2120 238
473 475
853 346
3990 1000
1461 2315
1880 1522
1992 2335
2223 2497
482 79
3632 2255
3344 2795
436 3826
1884 985
1551 3866
2774 2795
3290 3258
3504 2670
4122 3722
4691 4525
4791 98
4953 1488
1536 3622
3466 892
106 2364
3591 3264
1569 4419
3371 4300
1754 627
3255 4480
1949 211
4187 2875
3596 816
478 4748
3325 1184
317 390
4856 446
2561 995
2620 1476
4237 4249
4571 4961
2482 4870
2718 1784
4779 1034
640 4475
1794 198
1353 1185
869 305
4676 4721
4315 3388
540 623
2539 1026
387 2332
406 683
4601 4594
989 946
402 598
37 1042
1135 3999
4563 3106
264 4713
4937 3307
1806 2040
1872 2098
67 905
3062 1958
3442 1683
4462 2887
4241 1988
4448 1357
1878 1455
3551 1415
3601 2761
4867 4967
1816 4133
209 1935
3364 1850
2959 3381
272 3642
1057 3038
3412 2640
4259 878
1673 540
4619 4210
2108 1572
2455 2429
2549 4743
2527 3894
2386 914
3566 4086
3875 2879
460 1869
3231 26
3663 4533
106 4502
1850 4256
3734 4860
4375 3851
1333 1124
4453 4632
3784 1446
1261 3971
406 1911
1591 378
2032 1628
1855 1570
3967 3660
4283 4775
3207 147
2801 1401
2576 694
207 1538
4760 3691
2145 1113
2385 1033
1246 2789
1545 2239
2328 75
923 591
3591 4304
1297 4012
4912 3823
3577 399
2829 437
3979 1289
4345 2198
1229 1211
2433 2171
1102 733
4466 2627
4193 445
736 2097
2813 4215
4311 2220
3466 3561
3726 1573
4244 3091
3881 4069
1400 774
4886 2207
3372 1603
1092 2941
4305 3672
4974 4368
1871 1120
5000 3095
3077 10
2041 752
2877 648
4664 1303
4513 2655
1629 4931
498 2812
2351 870
4679 185
69 4300
4730 149
2337 4310
3573 2486
77 775
1093 2932
4280 2948
3995 4316
462 3564
4306 3915
4077 1811
2839 68
4840 1641
3544 4547
231 2449
3513 477
256 2878
2144 1661
113 4041
2722 4949
1180 2031
4253 2721
1115 3063
295 4114
3223 4859
3114 639
3379 2951
4288 454
1174 3703
2445 680
1265 1970
3675 4922
1318 2532
888 3707
2296 2700
4421 2230
3097 2433
2134 4812
2302 3539
3556 753
1856 4516
3651 2760
3138 1367
168 4658
4628 798
26 3625
241 3175
1508 1314
4050 2177
435 253
2732 2596
1736 1395
3680 3540
437 2383
1897 2815
2785 3788
4683 724
3811 2708
695 3947
478 2130
3843 4460
1416 789
2304 4796
2342 3913
4498 286
4506 4905
2523 417
687 2207
2538 3378
132 126
2107 4182
2926 2577
2092 2113
1402 1975
3206 239
4292 3676
3880 2050
2161 1459
4318 726
976 2137
4591 668
1843 1203
2609 1133
2019 2386
2538 3730
2910 3761
1766 4564
4159 956
1255 4092
2427 1175
4541 4450
642 1851
2702 3369
2350 912
740 1363
217 2247
1074 4615
1788 830
2003 4351
2922 130
396 2332
4683 4726
245 794
3984 2238
464 4915
950 2955
1373 1497
2954 3401
362 2482
2035 1112
884 3373
1674 3918
4005 4539
779 4429
3317 2212
2925 363
4359 2157
3171 1770
3255 4761
873 3445
1396 940
4057 2281
3735 4346
3031 819
434 4237
952 3532
2403 4080
2890 3513
4234 2610
4117 3508
1778 4112
3452 2686
2003 4224
927 1177
1955 2933
606 2366
4033 2607
1523 311
1457 4516
3994 373
3756 4572
125 4323
2188 2169
2642 4853
4451 486
1047 3068
4991 1288
1165 352
2487 4657
3802 3801
185 4479
108 2305
1259 2569
1020 4987
2232 3056
682 3878
4589 3367
4643 3717
1234 4927
3775 4997
4824 3980
3773 3085
4491 2704
2077 1394
1691 515
2298 4104
43 4645
2033 2318
3879 4813
1161 2705
1178 4383
1155 3413
4097 1237
4855 3168
825 4999
4235 407
3232 558
2306 1084
4225 4139
2815 4175
2828 4118
4970 1248
517 2666
728 4685
3092 2827
4806 2507
3990 3287
140 885
1242 3147
759 4090
267 2134
886 1817
3723 4941
857 556
1963 2043
1924 4523
4446 4494
2451 1342
891 2668
2200 3837
1217 4600
199 4673
1110 1931
2887 1489
1287 2678
4284 2749
2352 2624
98 300
1748 2790
3523 1474
551 2974
2415 2521
4924 4684
3017 2977
4128 2577
4492 4658
3229 608
1935 203
2745 2286
648 4379
577 1635
2999 3618
1751 2375
4781 3107
3286 2106
4472 1839
732 1478
4242 1568
3776 4515
2180 403
3714 382
3406 4536
3332 3568
2963 1903
195 4936
3805 3686
977 4827
3130 4871
1000 4608
530 3193
3513 3408
4396 633
2872 4959
220 750
1571 4400
2227 3594
4751 3378
3052 762
2185 920
922 2387
4564 4512
4452 183
2822 2281
1778 1121
4777 1116
4006 1274
547 640
1272 17
3849 4785
4672 3266
4185 3366
283 1659
4101 3140
180 1063
3118 2012
1946 261
3368 4432
1043 393
4604 4140
4988 4740
1705 1402
385 3831
1982 1856
2691 2770
3815 4702
1301 1399
1846 198
148 1611
422 1046
1086 643
372 965
1565 1900
769 15
2541 4719
167 3521
4730 3358
3640 3187
174 2181
753 2649
3816 4588
2174 657
4594 2143
4854 342
3910 2737
2020 4373
1585 4694
3580 692
881 1157
3603 2646
27 3318
4581 3971
1211 429
1877 1005
926 4863
1586 965
1462 528
4983 331
1741 924
4494 2853
4441 3602
1556 2584
2955 3587
1480 4623
3776 3476
2271 544
3249 4502
3841 2132
1293 1079
1231 4916
3649 4636
4262 2153
2244 4466
1865 1013
1290 4997
1590 1612
2357 4825
337 1441
1658 73
3936 3515
4587 4966
579 3958
4764 3852
226 584
500 138
2753 2621
2783 1607
79 3191
3455 3825
4238 2999
2245 3648
2851 1629
1109 3687
4147 2787
897 2687
2682 206
2897 1950
782 900
435 2021
4357 3049
2416 1705
1907 820
959 4868
724 4245
2842 1252
3764 2942
548 3564
1667 4203
3133 268
4531 4536
313 3523
4366 3098
2996 928
4995 3006
1731 1801
4206 4043
295 3921
3143 1197
1680 2736
1837 3235
4014 4549
2833 1450
3941 4747
2832 1617
2797 1309
1426 3293
188 981
601 3771
2903 2277
1058 1180
1952 1279
3939 1834
3039 4061
3158 2013
3950 3996
1509 3811
3348 212
285 1434
4430 4876
875 2785
3051 2621
2438 432
948 2288
3077 4127
4339 4919
3452 3511
722 670
1647 3746
1277 1875
4367 1205
4293 3622
4652 1864
368 225
1097 2831
3265 4924
507 3709
4058 2154
2763 4409
1421 717
574 2010
260 3501
4896 2821
1404 3503
145 1164
3185 3498
4213 4154
756 4829
2916 4879
169 4399
634 517
4946 3208
3215 2371
2398 2050
842 4554
4351 734
1418 3458
978 3812
2528 1999
3244 4423
4353 3288
3294 3979
2368 2525
4753 2473
4320 1079
3351 1049
4758 175
4868 2163
2498 2138
1392 735
2562 1030
116 1596
2534 251
3137 3840
840 2004
2063 4933
1066 281
1420 3098
4418 2533
1891 2240
4947 4358
3431 2552
2485 1800
192 82
4039 2799
566 4474
228 1275
1163 3738
4103 2738
1420 4842
3499 2178
3831 1985
4540 766
4903 4892
4472 2250
4831 1915
3738 522
279 1712
3558 3980
2850 1671
3174 3397
4668 2894
4128 1631
1744 3569
4659 242
4209 2665
3094 3839
3515 150
3200 2579
3870 3111
4078 3922
4738 3248
4147 4621
4796 1208
2116 2583
405 2094
3975 3795
1413 2368
3891 1070
118 2472
4909 3122
1485 1700
2966 4347
1720 815
654 3435
1552 3690
2076 3889
1357 2082
377 4742
1510 1766
3774 2887
4439 4270
1913 1271
3324 3650
3785 761
3279 363
3902 2602
581 2300
117 1293
1882 2594
1550 1718
984 3684
2748 3
2370 1969
4060 441
4279 2285
4821 680
3996 4083
1745 398
1533 1513
2754 3836
3875 4377
456 4918
2551 926
1697 4249
3820 746
4801 1529
1154 4398
4053 905
4445 1604
662 1666
517 4030
1767 996
128 1452
1081 2207
4912 2085
652 1384
3272 1087
2077 788
1829 3420
3421 2369
2187 3011
4466 749
942 529
2140 366
2197 2219
3742 2544
3585 4741
4563 4035
4038 1760
2503 718
3802 4904
1636 1670
1679 4378
4699 3280
2145 1984
2900 4890
4546 2063
1317 4222
2679 2029
4148 1431
4445 2651
2329 3084
2234 2790
3179 1637
1240 1864
2068 2261
1385 619
2320 1032
2686 860
2269 4052
288 4793
1893 4820
3418 3673
2718 1075
117 3562
11 462
4535 2083
686 1062
550 1358
4042 3126
878 4434
966 3983
1992 3767
3459 2141
4184 1804
2515 4776
1068 4317
4061 4196
4496 1383
4499 2268
4648 3064
183 1813
1753 3916
2374 751
662 4772
3660 700
48 1445
1059 3799
4814 2219
4156 1442
1925 237
767 2261
1701 4447
3515 4171
4795 3424
1328 768
1407 1142
578 2241
250 2991
97 1270
1586 647
3009 3226
3971 616
3354 1177
4917 13
926 4247
156 2910
3254 1632
2679 2326
273 3012
3407 540
306 3167
1512 228
1946 62
982 4483
1780 51
3214 2412
868 1040
152 2351
1138 4389
3510 2028
2110 3621
756 1200
3170 1514
2962 1364
1019 2807
2727 3685
4133 1021
2676 4511
2020 2330
2217 4288
4244 1743
577 227
2905 4760
2378 3627
3444 3966
328 4380
451 3153
4767 786
3106 4992
4740 4180
1065 4602
4312 1093
3024 2703
1083 1846
1807 323
4248 1535
3538 1862
1892 1448
1578 4159
1717 1616
3683 3933
4832 1843
1614 3804
1000 4755
1374 4271
2149 3898
2511 4669
4472 1108
4685 2070
3572 1469
1011 4566
395 1922
890 599
4008 1015
4240 497
1830 4763
845 4586
1621 3589
632 1378
3617 2155
778 2260
4986 2179
3321 2937
1006 388
4991 2270
526 4638
2439 1233
4999 2162
466 1289
4568 3383
3920 4930
2326 3493
4553 895
407 1854
2797 4151
2158 2929
1748 810
3033 2089
2402 502
2557 1187
4073 1950
1408 1113
2979 3488
4362 2605
1686 3271
1822 236
2906 256
4849 784
1903 1276
2573 862
606 294
1771 4973
4138 408
2406 715
2059 1062
4152 3439
1228 2901
824 2284
2184 1351
1017 3048
4801 4333
4644 3708
1984 872
2354 3956
1754 1929
1557 4873
4891 4827
2979 1016
1368 1499
3661 3267
1078 2659
2764 684
2087 3612
2469 3883
4626 1274
3087 2916
2065 1733
3194 4734
655 28
3347 1665
4473 1901
1498 4741
1802 2744
2190 1818
4478 2483
2990 284
2004 2520
446 1646
1333 3047
3352 934
4601 2857
757 2813
4731 2709
4414 3503
1810 1601
617 841
4610 1453
818 697
2189 2307
4399 723
4897 3342
1057 2747
1842 11
3392 254
2603 970
1428 2512
4612 1049
3287 2626
2777 2437
1482 4428
54 1072
2393 4392
3871 3474
271 1422
4717 394
3470 218
2165 2284
3824 3059
863 1220
1906 4593
1490 963
3274 2702
3529 4774
3018 2021
1566 1547
312 1684
2979 4394
205 716
1591 4611
1205 3086
1541 4516
2541 3422
1916 985
4821 2373
3074 1331
2988 3474
4172 1974
2574 2018
1841 57
711 1333
3663 3261
419 3924
479 3236
452 4017
3924 3075
4123 365
4321 2301
2787 799
607 2262
3377 4910
3239 3499
4061 3101
2719 2532
133 2168
1112 1221
893 3009
929 453
3060 2769
2673 3803
1804 673
3490 3784
407 590
866 383
3483 4998
2948 2056
4705 3125
1362 4729
3343 2671
4220 4286
181 3002
2553 538
4754 2740
3106 4710
2986 1776
651 177
2751 3120
2775 2570
4590 708
1591 469
3175 4818
4885 3567
3696 1076
4072 189
3485 766
59 2100
2770 3040
3019 1525
2935 2587
2919 3946
348 3763
3216 2401
3663 4707
2331 2046
214 2595
3297 2057
3971 2129
1490 81
2502 4497
3298 2470
3892 2018
571 71
2567 4883
2776 963
1015 3081
1240 3702
3648 2907
50 2213
4861 432
3830 2396
1436 2907
2889 4113
2354 4923
4388 215
4872 1705
859 1241
3471 508
2811 3674
3327 3886
3803 2504
1642 598
1233 3350
230 4459
421 721
2606 950
2160 129
2592 1310
2552 3779
1408 4106
2921 1942
53 974
2264 2993
3115 2384
3813 3225
3185 3362
312 1073
2059 381
2837 1694
4267 787
4314 4208
1927 4990
935 2497
3620 3944
1588 1257
3973 3712
364 4122
3089 583
4076 1170
953 3533
1761 2127
2723 2586
839 164
4796 3853
2051 4888
416 1534
4762 4094
1442 1763
2717 1638
907 1902
4920 1210
2663 1548
2990 3689
797 4649
3749 3870
341 1703
1291 2738
3263 3368
404 2840
4544 907
4520 4657
351 737
3417 3897
3135 3357
384 813
1735 2312
4147 2780
3550 4613
1332 1547
2694 1505
4013 648
880 111
4332 774
4434 162
975 693
3656 2598
2201 4629
4469 1656
3909 528
214 9
4563 483
1232 2283
389 2693
685 2255
1891 2440
2757 2528
3542 570
3936 2492
1442 2078
3911 917
936 3713
3609 147
2182 3724
1972 3624
3678 2956
688 970
4186 3524
2624 4782
4736 3659
4493 4799
2928 153
1259 4
3751 4081
3765 758
1603 4808
3827 3011
532 4732
4272 3223
3139 1238
3286 906
4786 3589
2704 1574
4201 885
3766 2223
3670 4879
3506 3972
412 833
1874 4243
1921 4409
4561 3529
3737 1237
1070 1795
1386 4690
891 4952
233 2519
4640 266
4551 4196
747 1648
4843 3715
4456 2692
1674 1223
3677 1014
1914 1023
4140 4281
3864 4364
357 3443
1169 2653
2791 2884
3901 2973
2566 3970
4956 1684
2147 2240
3176 1504
2964 144
1897 1623
3616 4446
4782 741
2313 2125
4863 1254
3322 3201
2203 814
2593 1306
326 3728
611 1769
703 2622
4164 1678
2759 1797
3693 1854
4883 4189
3855 4057
909 967
866 1212
4582 309
2156 3807
3957 2114
3390 1593
282 2314
4170 3778
4387 3052
78 1773
2746 2560
665 4034
1379 1080
3452 1619
2712 4976
902 2039
4229 4813
3483 2014
4029 4217
4151 1236
4463 3629
2820 1290
2798 1031
1849 579
971 4226
4620 492
2928 730
319 3129
1430 3230
2725 2084
458 4019
3520 4752
3546 4115
1172 2882
1366 179
1920 1847
2629 2396
4342 2809
431 3078
1081 3042
4224 1107
2186 1074
708 4962
3069 165
2359 379
3916 55
2044 1966
1470 4666
2611 2907
3610 147
4329 1316
3010 618
3796 1579
3365 768
4384 1948
2929 3838
2105 4613
3105 2321
4637 4171
491 479
4305 698
2681 2503
4004 2877
2097 1542
744 4510
3770 700
1723 1764
4874 4368
3873 2112
44 2779
2804 911
3611 4711
3276 1922
4135 3505
1091 1948
2901 3065
1266 4864
3246 3387
2625 1273
4265 70
4836 2188
4606 4907
2807 86
3902 1501
1256 533
3025 3427
3997 1624
3060 4839
754 2432
536 3082
1508 3283
1549 4102
1619 1467
4963 3464
755 1220
3602 3571
1457 1726
4884 2361
267 691
3302 4376
1844 2829
4757 510
3100 258
4024 4960
3953 621
2290 186
171 4297
4654 634
4647 2380
3708 3976
4380 4488
3455 4682
2237 1818
1567 4395
2008 1870
3705 1486
4059 4524
1118 3169
3686 4704
2327 2118
4599 4263
3653 2998
2494 1332
1325 1917
4871 4693
3822 4109
3515 467
528 1048
2406 409
823 4481
4420 4407
2968 4309
701 1121
)
(
(
(
(
(
)
)
(
)
(
(
)
)
)
(
(
)
(
)
(
)
)
)
)
)
(
(
)
(
)
(
)
(
(
)
)
)
(
(
(
)
(
(
(
(
)
(
)
)
)
)
)
(
)
)
)
(
)
(
(
(
(
(
)
(
)
(
(
(
)
)
(
(
)
(
(
(
(
(
(
)
(
(
)
(
)
)
)
)
)
)
(
(
(
(
(
(
(
(
)
)
)
(
)
(
)
)
)
(
)
(
(
)
(
)
)
)
(
)
)
(
)
)
)
(
)
(
(
)
)
(
(
)
(
)
)
)
(
(
(
)
(
(
)
)
(
)
(
(
)
)
)
(
)
(
(
(
)
(
(
)
)
(
)
(
)
(
(
)
)
(
(
)
(
)
)
)
)
(
)
)
(
(
(
)
)
(
(
(
)
)
)
(
)
(
)
)
(
(
(
(
)
)
)
(
(
)
)
(
(
)
(
(
(
)
(
(
)
(
)
)
(
)
)
)
(
(
)
(
(
(
)
)
(
(
(
)
)
)
)
)
(
)
)
(
)
)
)
(
(
)
)
(
)
(
(
)
(
)
)
)
)
(
)
)
(
(
(
)
(
(
)
(
(
)
(
)
)
)
(
)
)
(
(
)
)
)
)
)
)
)
(
(
(
(
(
)
)
(
)
(
(
(
(
)
)
)
)
)
(
)
)
(
(
)
(
(
(
(
(
(
)
(
(
)
)
(
(
)
)
(
)
(
)
)
)
)
)
(
(
(
(
(
(
(
(
)
(
(
(
(
(
(
)
(
)
(
)
(
)
)
)
(
(
(
(
(
)
)
)
(
(
(
(
)
(
(
(
)
)
)
(
)
(
(
)
(
)
)
(
)
(
)
)
)
(
(
(
(
)
(
)
)
(
)
(
(
(
)
(
(
)
(
(
(
)
)
(
)
)
(
(
)
(
(
)
(
(
)
)
)
)
(
)
(
(
)
(
(
(
)
)
(
)
(
)
)
)
(
)
(
)
(
(
(
(
(
(
)
)
)
)
)
)
)
(
)
(
(
(
(
)
(
(
)
)
)
)
(
(
)
)
)
(
(
(
(
(
)
)
)
(
)
(
(
(
)
)
(
(
(
)
(
)
(
(
(
)
(
(
)
)
)
)
)
)
)
(
(
(
)
(
(
)
(
)
(
(
)
)
)
)
)
(
(
)
(
)
)
(
)
)
(
(
)
(
)
(
)
(
(
(
)
(
)
)
)
(
(
)
(
(
(
(
(
)
(
(
)
)
)
(
)
)
(
(
)
)
(
(
(
)
(
(
)
(
(
)
)
)
)
)
(
(
)
)
)
)
)
)
(
(
)
(
)
(
(
)
)
)
(
(
)
(
)
(
(
(
(
(
)
)
)
)
)
)
)
(
)
)
(
(
(
)
(
)
(
(
)
)
)
(
)
(
(
(
)
)
(
(
(
)
)
(
(
(
)
(
)
)
)
)
(
(
)
)
)
(
(
)
)
)
)
)
)
)
)
(
(
(
(
(
(
)
(
)
)
(
)
(
(
(
(
(
(
(
(
(
)
)
)
)
)
)
(
(
)
)
(
(
)
)
)
(
)
)
(
(
(
)
(
)
(
)
(
)
(
)
(
)
(
(
)
(
(
)
(
(
)
)
(
(
)
)
)
(
)
)
(
(
(
(
(
)
)
)
(
)
)
(
(
(
)
(
)
(
(
(
(
)
)
)
(
(
)
(
)
)
(
(
(
(
)
(
)
)
(
)
)
)
)
(
)
(
(
)
(
)
)
)
)
)
(
(
)
(
)
)
(
(
(
(
(
)
)
(
(
(
)
(
(
(
)
(
(
)
)
)
(
)
)
(
)
(
)
(
)
(
)
(
)
)
(
)
)
(
(
)
)
(
)
(
(
)
(
)
(
(
(
)
)
(
(
)
(
)
(
)
(
)
)
)
)
(
)
)
(
)
(
(
)
(
)
)
)
)
)
)
(
)
)
)
)
(
)
(
(
(
(
)
)
)
)
(
(
(
(
)
(
(
(
)
)
)
)
(
(
(
)
(
(
)
(
(
)
(
(
(
)
(
(
)
)
)
)
)
(
)
(
)
)
(
)
(
(
)
)
(
)
(
)
)
(
)
)
(
)
)
(
(
(
)
)
(
)
(
(
)
)
)
(
)
(
)
)
)
)
)
)
(
(
)
(
(
)
)
(
(
)
(
(
)
)
(
(
)
)
)
)
)
(
(
(
(
)
)
(
(
(
)
(
(
)
)
(
)
(
(
(
)
)
(
)
(
)
(
)
(
(
(
(
)
(
(
)
(
)
(
)
(
)
)
(
(
(
)
(
)
)
(
)
(
)
)
)
(
(
(
(
)
(
)
)
(
(
(
)
(
(
)
)
(
)
)
)
(
)
(
)
)
(
(
)
)
)
)
)
)
(
(
)
)
)
(
)
)
)
(
)
(
(
(
(
(
)
(
(
(
(
)
)
)
(
)
)
(
)
(
)
)
(
(
(
)
(
)
)
)
(
)
)
(
)
(
(
)
)
)
)
(
(
)
(
(
)
)
(
(
(
(
(
(
(
)
(
(
)
(
(
(
)
)
(
)
)
(
)
(
(
(
)
(
(
)
(
)
(
(
(
)
(
)
(
(
(
)
(
(
(
(
)
)
(
(
(
)
)
)
(
)
(
)
)
(
(
)
(
(
)
(
)
)
(
(
(
)
)
)
(
)
)
(
(
)
(
)
)
(
)
)
)
)
)
(
(
(
(
(
(
(
)
)
)
(
)
(
(
)
)
)
(
)
(
)
)
)
(
(
)
(
)
(
)
)
)
)
(
(
)
)
(
(
)
(
)
)
(
)
(
(
(
(
(
)
)
)
)
(
)
(
(
)
)
(
(
(
(
(
)
(
(
(
)
)
(
)
(
)
)
)
(
(
(
(
(
)
)
)
(
(
)
(
)
)
(
)
(
(
)
(
(
)
)
(
)
)
)
)
(
)
)
)
(
(
(
)
(
)
(
)
)
(
(
)
)
(
(
(
)
(
(
(
)
(
)
(
)
(
(
)
(
)
)
(
)
)
(
(
)
)
(
)
)
)
)
(
(
)
)
)
(
)
)
(
(
(
)
)
)
)
)
(
(
(
(
(
)
)
(
(
)
)
)
(
(
)
(
(
(
(
(
)
(
(
(
)
(
(
)
(
(
)
)
)
(
)
(
(
)
(
)
)
)
)
)
)
)
)
)
(
)
(
)
)
(
(
(
)
)
)
(
)
)
(
)
(
)
(
)
)
(
(
)
(
)
(
)
(
(
)
)
(
)
)
(
(
)
(
)
)
(
)
)
(
)
(
)
(
)
(
(
(
)
)
(
)
)
)
)
(
(
(
)
)
(
(
(
)
)
(
(
)
(
(
)
(
(
(
(
(
(
)
(
)
(
(
(
)
)
)
(
)
(
)
)
(
(
(
)
)
)
(
)
(
)
(
(
)
)
(
(
)
(
(
)
)
(
(
)
)
)
)
)
(
)
)
)
(
(
(
)
)
)
(
(
(
(
)
(
)
)
)
(
)
(
(
(
)
(
)
(
(
(
)
)
(
(
(
)
(
(
)
(
(
)
(
)
(
(
(
(
)
)
(
)
)
(
)
)
(
)
(
(
)
(
)
(
)
)
)
)
(
(
)
)
(
(
(
(
(
)
(
(
(
)
)
)
(
)
(
(
(
)
)
)
)
(
)
)
(
(
(
)
)
(
)
(
)
)
(
(
(
(
)
)
(
)
)
)
(
(
(
(
)
(
(
)
)
)
)
(
(
(
)
(
)
(
)
)
)
(
(
(
)
(
(
(
)
(
)
(
)
(
)
)
)
(
(
(
(
(
(
(
)
)
(
(
)
)
(
(
)
)
)
(
)
(
)
(
)
(
(
(
(
(
(
(
)
)
(
)
)
)
)
(
(
)
)
)
)
)
(
(
(
(
)
(
)
(
)
)
)
)
)
(
(
(
(
(
)
)
)
(
)
)
)
)
(
)
)
)
)
)
(
)
)
)
(
)
)
(
)
(
(
(
)
(
(
(
(
(
(
)
)
(
(
)
)
)
)
)
(
(
(
)
)
(
)
(
)
(
(
)
(
)
(
(
(
(
)
(
)
)
)
)
)
)
)
)
)
)
(
)
(
(
(
(
)
(
(
(
)
(
)
(
(
)
)
)
)
)
)
(
)
)
(
)
(
(
)
)
(
(
)
(
)
(
)
(
(
)
(
(
)
(
)
)
(
(
)
)
(
)
(
(
(
)
(
)
(
)
)
(
(
)
)
)
)
(
(
)
(
(
(
)
)
(
)
(
)
(
)
(
)
(
)
(
(
)
(
(
)
(
)
)
(
)
(
)
)
)
(
(
(
(
)
(
)
)
(
)
(
)
(
)
)
(
(
)
(
(
)
(
(
(
(
)
(
)
(
(
(
(
(
)
(
)
(
(
(
)
)
)
(
)
)
)
)
)
)
(
)
)
)
)
(
)
(
(
(
)
(
)
(
)
)
)
)
(
(
(
(
)
(
)
)
(
(
)
(
)
)
(
(
)
)
)
)
(
)
(
)
(
)
)
(
(
(
)
(
(
(
)
)
(
(
)
(
)
)
)
)
(
(
)
(
)
(
)
(
(
)
(
(
(
(
)
(
)
(
(
(
)
)
(
(
(
)
)
)
)
)
)
(
)
(
(
(
)
)
(
)
)
)
)
(
(
)
(
(
(
)
(
)
)
(
)
)
)
)
)
(
(
)
)
)
)
)
)
)
(
(
(
)
)
(
(
(
)
(
(
(
(
(
)
)
(
(
(
)
)
(
(
(
(
(
(
(
(
(
(
)
(
)
(
)
(
)
(
)
)
(
(
(
)
(
)
(
)
(
)
)
(
)
)
(
)
(
(
)
(
)
)
(
(
)
)
(
(
(
)
)
)
(
(
)
)
(
(
(
)
)
)
)
(
(
(
(
(
)
(
)
)
)
)
)
(
(
(
(
(
(
)
)
(
(
(
(
)
(
(
(
)
)
)
(
(
(
(
(
)
)
(
)
(
)
(
)
(
)
)
)
)
)
)
(
)
)
)
(
(
)
(
)
(
(
)
)
)
(
(
(
(
(
)
(
(
(
(
(
(
)
(
(
)
(
(
)
)
)
)
)
)
(
(
)
)
(
(
)
)
)
)
)
)
)
)
)
(
(
)
(
)
)
(
)
(
)
)
(
)
(
(
)
(
(
(
(
)
(
)
)
(
(
(
)
)
(
)
)
)
)
(
(
)
(
)
(
(
)
)
(
(
(
)
)
(
(
(
(
)
)
)
(
(
(
)
(
(
)
)
(
(
(
)
)
(
)
(
(
)
)
(
)
)
(
(
(
)
)
)
(
)
(
)
)
)
)
(
)
)
)
)
)
)
(
(
(
(
)
)
)
(
(
(
(
(
(
)
)
)
)
(
(
(
)
)
(
)
)
(
(
(
(
)
(
)
)
)
(
)
)
(
)
)
(
)
)
(
)
(
)
(
)
(
(
(
(
(
)
)
(
(
)
)
)
)
(
)
(
(
(
)
)
(
(
)
(
(
(
(
)
(
)
)
(
)
(
(
)
(
(
(
(
)
)
)
(
(
(
)
)
)
)
)
)
)
)
)
)
(
)
(
)
(
)
)
(
(
)
(
)
(
)
(
)
(
(
(
)
)
(
)
)
)
)
)
(
)
(
)
(
)
)
(
)
(
)
(
)
(
)
)
(
(
)
(
)
(
)
)
(
(
)
(
)
)
(
)
(
(
(
)
(
)
(
)
)
)
)
(
(
(
)
)
(
(
)
)
)
(
)
(
)
)
(
)
(
)
(
(
)
)
)
(
)
(
)
(
(
)
(
(
)
(
(
(
)
)
(
(
(
)
)
)
)
)
(
(
(
)
)
(
(
(
(
)
)
)
)
(
(
)
)
)
(
(
(
(
(
(
)
(
)
(
(
(
)
)
(
(
(
)
)
(
)
)
)
(
(
)
)
(
)
)
)
(
(
)
)
)
(
)
(
(
)
)
)
)
(
)
)
)
)
(
(
)
)
)
)
)
(
)
)
(
(
)
(
)
(
)
)
(
(
(
)
(
)
)
(
(
(
(
(
(
(
)
(
(
)
(
(
(
(
)
(
(
)
(
(
)
)
)
)
(
)
(
)
)
(
(
)
(
(
)
)
)
(
(
(
)
)
(
)
(
(
(
)
(
)
)
(
(
(
)
)
)
(
(
)
)
)
)
(
)
)
)
)
(
)
(
(
)
)
(
(
)
(
(
(
(
)
)
)
(
(
(
(
)
)
(
(
(
)
(
(
(
)
)
(
)
)
)
(
)
)
(
)
(
)
(
(
(
)
(
)
)
)
)
)
(
)
(
(
)
(
)
(
)
(
)
(
)
(
(
)
(
(
)
(
(
(
(
)
(
(
)
)
(
(
(
)
(
(
)
(
)
(
)
(
(
(
(
(
)
(
)
)
)
)
(
)
(
(
(
(
)
)
(
(
(
)
(
(
)
(
)
)
)
)
)
)
(
(
(
)
(
(
)
)
(
)
(
)
(
)
)
)
(
)
)
(
)
(
)
(
(
)
(
(
(
(
)
(
)
)
)
)
(
)
)
(
)
)
(
)
(
)
)
(
)
)
)
)
(
)
)
)
(
)
)
(
(
)
(
)
(
(
(
)
)
(
)
)
)
(
)
(
)
)
)
(
)
(
(
)
)
(
)
)
(
(
)
)
(
(
)
(
(
)
)
)
(
(
(
)
)
(
(
(
)
)
(
(
)
(
(
(
(
)
)
)
)
(
(
(
(
(
)
)
)
)
)
(
)
)
)
(
)
)
(
)
(
(
)
)
(
)
)
(
(
(
)
)
(
(
)
)
(
)
(
)
)
)
)
)
(
(
(
)
)
(
(
)
(
(
(
(
(
(
)
)
)
)
)
(
)
(
(
)
)
(
)
(
(
)
)
)
)
)
)
(
)
)
)
(
)
)
)
(
)
)
(
)
(
(
(
(
(
)
)
)
(
(
(
)
)
)
(
(
)
)
)
(
(
(
(
)
)
(
)
)
)
(
(
)
(
)
(
)
(
)
)
)
(
(
(
)
(
(
(
(
(
(
)
(
)
(
)
)
(
)
)
)
)
(
)
(
)
(
(
(
(
(
)
(
)
(
)
(
)
(
(
)
(
)
)
(
)
(
)
)
)
(
(
)
(
(
)
(
)
)
)
)
(
(
)
)
)
)
)
)
(
)
(
)
)
(
)
)
)
)
(
)
(
(
(
)
)
)
)
)
(
)
(
)
)
(
)
(
(
(
(
(
(
)
)
(
)
(
(
)
(
(
)
)
(
(
)
(
(
(
)
(
)
(
(
(
(
(
)
)
(
)
)
)
)
(
)
(
)
(
)
(
(
(
(
)
(
(
(
(
)
(
)
)
(
)
)
(
)
(
(
)
)
(
(
)
(
)
(
(
)
(
)
(
(
)
)
)
)
)
(
(
)
)
)
(
)
)
)
(
(
(
(
(
)
(
)
(
)
(
(
)
(
)
(
)
(
)
)
(
(
)
)
(
)
)
(
)
(
)
)
)
)
(
(
)
)
)
)
)
)
(
)
)
(
)
(
)
)
)
(
(
(
(
)
)
(
(
)
(
(
)
(
)
(
(
)
(
(
)
)
)
(
)
)
(
)
(
)
)
)
)
)
(
(
(
(
)
)
(
)
(
)
)
)
(
)
(
)
(
(
(
)
(
(
)
)
(
)
)
(
(
)
)
(
)
(
)
)
(
(
)
(
)
(
(
)
)
(
(
(
)
(
(
(
(
(
(
)
)
(
(
)
(
)
)
)
)
(
(
(
)
)
)
)
(
)
(
(
)
(
)
)
(
(
)
(
(
(
)
)
(
)
)
(
(
(
(
(
)
(
(
(
)
(
(
)
(
(
(
)
(
)
(
)
(
(
(
(
)
)
(
(
)
)
(
(
)
)
)
)
)
)
(
(
)
(
(
(
(
(
)
(
(
)
)
(
(
)
(
(
(
)
(
(
)
(
)
(
)
)
(
)
)
(
)
(
(
(
(
(
)
(
(
)
(
)
(
(
)
(
)
)
(
(
(
)
)
(
(
)
(
)
(
)
)
)
)
(
)
(
(
(
(
)
)
(
(
)
(
(
(
)
(
(
(
)
(
(
)
(
(
)
(
(
(
)
(
(
(
(
)
(
)
)
(
)
(
(
)
)
)
(
)
(
(
(
)
(
)
(
)
(
)
)
(
)
)
)
(
)
)
(
)
(
(
(
(
(
(
)
)
)
)
)
(
(
(
(
(
(
(
)
(
(
)
)
)
(
(
(
)
(
)
(
(
)
(
)
)
(
)
)
)
)
(
)
)
(
(
)
)
)
(
(
)
(
(
(
)
)
)
(
(
)
(
)
)
(
)
)
(
(
)
)
)
)
(
)
)
)
)
(
(
(
(
(
(
)
)
)
)
)
)
)
(
)
(
(
(
)
(
)
(
)
)
)
(
)
(
(
)
(
(
)
)
)
)
(
(
(
(
(
)
)
(
)
)
(
)
)
)
(
(
(
(
)
)
)
)
)
(
)
)
)
(
(
(
)
(
)
(
)
(
)
(
(
)
(
(
)
(
)
(
)
(
)
(
)
)
)
(
)
)
(
)
)
)
)
)
)
)
(
)
(
)
)
(
(
)
(
(
)
(
)
(
(
)
(
(
)
)
)
)
)
)
)
(
)
(
(
(
)
)
(
)
)
(
)
(
)
)
)
)
)
(
(
)
(
)
)
(
(
(
)
)
(
)
(
(
)
(
(
)
)
(
)
)
(
(
)
)
(
(
(
(
(
)
(
(
(
(
)
(
(
)
)
)
(
)
)
)
(
)
)
)
)
(
)
(
)
(
)
(
)
(
(
(
)
(
)
(
)
)
(
)
)
)
(
)
)
(
(
)
)
)
(
(
(
)
(
)
(
)
)
(
(
(
)
)
(
)
(
)
(
(
(
(
(
)
)
(
)
(
(
)
(
)
(
)
)
(
(
)
)
)
(
)
)
(
(
(
)
(
(
(
(
(
)
(
)
)
)
(
(
)
(
(
(
(
)
(
(
)
)
(
)
(
(
(
)
)
)
(
(
)
(
(
(
)
(
(
(
(
(
(
)
(
(
(
(
)
)
)
)
(
(
)
(
)
(
(
)
)
(
(
(
(
(
)
)
(
)
(
(
)
)
)
(
)
(
(
(
(
(
(
)
)
(
(
)
(
)
)
(
)
(
)
)
)
)
(
)
)
(
(
(
(
(
(
(
)
)
(
(
(
(
(
(
)
)
)
)
)
(
(
)
)
)
(
)
)
(
(
(
)
(
)
(
)
(
)
)
)
(
)
(
)
(
(
(
)
)
)
)
(
)
(
(
(
(
)
(
(
(
)
(
(
)
)
(
)
(
)
)
)
(
)
(
(
(
(
)
(
)
)
)
(
(
)
)
)
)
(
)
(
)
(
)
(
)
)
)
(
)
(
)
(
)
)
(
(
(
(
)
)
(
)
(
)
)
)
(
)
(
(
(
(
(
)
)
(
)
(
(
(
(
(
)
)
(
(
)
(
)
)
)
)
(
(
)
(
(
)
(
(
)
)
(
)
)
(
(
)
(
)
(
)
(
)
)
)
(
)
)
)
(
(
)
(
)
)
(
)
)
)
)
(
)
(
(
)
)
(
)
(
(
(
)
)
(
)
)
(
(
)
(
)
(
(
)
(
(
(
)
)
(
)
)
(
)
(
(
)
(
)
(
)
)
)
(
(
)
(
)
(
(
)
)
)
(
(
)
)
(
)
(
(
(
(
(
)
(
(
(
(
(
(
)
)
(
(
)
)
)
(
(
(
)
)
(
(
)
)
)
)
)
)
)
)
)
)
)
(
(
)
(
)
(
)
(
(
)
)
(
)
(
)
)
)
(
)
)
(
)
)
(
(
(
)
)
(
)
)
(
)
(
)
(
(
)
)
)
(
(
(
)
(
(
)
(
)
)
)
)
(
)
)
(
(
(
)
(
)
(
)
(
(
(
(
)
(
)
(
(
)
)
)
)
(
)
(
(
)
)
)
(
)
(
(
)
(
(
)
)
)
)
(
)
)
(
(
)
(
)
)
)
)
(
)
(
)
)
(
)
(
)
(
)
)
)
)
)
)
)
)
(
(
(
(
(
)
(
)
(
(
(
)
)
)
)
(
)
)
(
)
(
)
)
)
)
)
)
)
(
(
)
(
)
(
)
(
)
(
(
)
(
)
(
(
)
(
(
(
(
)
)
(
)
(
(
(
)
(
(
)
(
(
)
(
(
(
(
)
)
(
)
(
)
(
)
(
)
(
)
)
)
)
)
(
)
)
)
)
(
(
(
(
)
(
(
(
)
(
(
)
(
)
)
)
(
(
(
)
)
)
)
)
)
(
)
(
(
)
(
(
(
(
)
(
(
)
(
)
(
(
(
(
)
(
(
)
(
(
)
(
)
)
)
)
(
(
)
)
(
)
(
)
)
(
)
(
(
)
(
)
(
(
)
(
)
)
)
(
)
(
(
)
)
(
)
(
(
)
)
(
(
)
(
(
(
(
(
(
)
(
(
)
)
)
)
(
(
(
)
)
)
)
(
)
)
(
(
)
)
(
)
(
)
(
(
(
)
)
)
(
(
)
(
)
(
(
)
)
(
(
)
)
(
)
(
)
)
(
)
)
)
)
)
(
(
(
)
(
(
(
)
(
(
)
)
)
)
(
(
(
)
)
(
)
(
)
)
(
)
(
(
(
(
(
(
)
)
)
)
(
(
)
(
)
(
(
(
)
)
)
)
(
)
)
)
(
(
)
)
)
)
)
)
(
)
(
)
(
)
)
(
)
(
(
)
)
)
)
)
(
)
)
)
)
(
)
(
)
)
(
)
)
(
(
)
)
)
)
(
(
(
)
)
(
(
(
)
)
(
)
)
(
(
)
)
)
)
)
)
)
(
)
)
(
)
(
(
)
)
(
)
(
)
)
)
(
)
(
)
(
(
(
(
)
)
)
(
)
)
(
)
(
)
(
(
)
(
)
)
(
(
)
(
(
)
(
)
(
(
(
)
)
)
(
(
)
(
(
)
(
(
)
(
(
(
)
(
(
)
)
)
2500
1
2
3
4
5
6
7
8
9
10
11
12
13
14
15
16
17
18
19
20
21
22
23
24
25
26
27
28
29
30
31
32
33
34
35
36
37
38
39
40
41
42
43
44
45
46
47
48
49
50
51
52
53
54
55
56
57
58
59
60
61
62
63
64
65
66
67
68
69
70
71
72
73
74
75
76
77
78
79
80
81
82
83
84
85
86
87
88
89
90
91
92
93
94
95
96
97
98
99
100
101
102
103
104
105
106
107
108
109
110
111
112
113
114
115
116
117
118
119
120
121
122
123
124
125
126
127
128
129
130
131
132
133
134
135
136
137
138
139
140
141
142
143
144
145
146
147
148
149
150
151
152
153
154
155
156
157
158
159
160
161
162
163
164
165
166
167
168
169
170
171
172
173
174
175
176
177
178
179
180
181
182
183
184
185
186
187
188
189
190
191
192
193
194
195
196
197
198
199
200
201
202
203
204
205
206
207
208
209
210
211
212
213
214
215
216
217
218
219
220
221
222
223
224
225
226
227
228
229
230
231
232
233
234
235
236
237
238
239
240
241
242
243
244
245
246
247
248
249
250
251
252
253
254
255
256
257
258
259
260
261
262
263
264
265
266
267
268
269
270
271
272
273
274
275
276
277
278
279
280
281
282
283
284
285
286
287
288
289
290
291
292
293
294
295
296
297
298
299
300
301
302
303
304
305
306
307
308
309
310
311
312
313
314
315
316
317
318
319
320
321
322
323
324
325
326
327
328
329
330
331
332
333
334
335
336
337
338
339
340
341
342
343
344
345
346
347
348
349
350
351
352
353
354
355
356
357
358
359
360
361
362
363
364
365
366
367
368
369
370
371
372
373
374
375
376
377
378
379
380
381
382
383
384
385
386
387
388
389
390
391
392
393
394
395
396
397
398
399
400
401
402
403
404
405
406
407
408
409
410
411
412
413
414
415
416
417
418
419
420
421
422
423
424
425
426
427
428
429
430
431
432
433
434
435
436
437
438
439
440
441
442
443
444
445
446
447
448
449
450
451
452
453
454
455
456
457
458
459
460
461
462
463
464
465
466
467
468
469
470
471
472
473
474
475
476
477
478
479
480
481
482
483
484
485
486
487
488
489
490
491
492
493
494
495
496
497
498
499
500
501
502
503
504
505
506
507
508
509
510
511
512
513
514
515
516
517
518
519
520
521
522
523
524
525
526
527
528
529
530
531
532
533
534
535
536
537
538
539
540
541
542
543
544
545
546
547
548
549
550
551
552
553
554
555
556
557
558
559
560
561
562
563
564
565
566
567
568
569
570
571
572
573
574
575
576
577
578
579
580
581
582
583
584
585
586
587
588
589
590
591
592
593
594
595
596
597
598
599
600
601
602
603
604
605
606
607
608
609
610
611
612
613
614
615
616
617
618
619
620
621
622
623
624
625
626
627
628
629
630
631
632
633
634
635
636
637
638
639
640
641
642
643
644
645
646
647
648
649
650
651
652
653
654
655
656
657
658
659
660
661
662
663
664
665
666
667
668
669
670
671
672
673
674
675
676
677
678
679
680
681
682
683
684
685
686
687
688
689
690
691
692
693
694
695
696
697
698
699
700
701
702
703
704
705
706
707
708
709
710
711
712
713
714
715
716
717
718
719
720
721
722
723
724
725
726
727
728
729
730
731
732
733
734
735
736
737
738
739
740
741
742
743
744
745
746
747
748
749
750
751
752
753
754
755
756
757
758
759
760
761
762
763
764
765
766
767
768
769
770
771
772
773
774
775
776
777
778
779
780
781
782
783
784
785
786
787
788
789
790
791
792
793
794
795
796
797
798
799
800
801
802
803
804
805
806
807
808
809
810
811
812
813
814
815
816
817
818
819
820
821
822
823
824
825
826
827
828
829
830
831
832
833
834
835
836
837
838
839
840
841
842
843
844
845
846
847
848
849
850
851
852
853
854
855
856
857
858
859
860
861
862
863
864
865
866
867
868
869
870
871
872
873
874
875
876
877
878
879
880
881
882
883
884
885
886
887
888
889
890
891
892
893
894
895
896
897
898
899
900
901
902
903
904
905
906
907
908
909
910
911
912
913
914
915
916
917
918
919
920
921
922
923
924
925
926
927
928
929
930
931
932
933
934
935
936
937
938
939
940
941
942
943
944
945
946
947
948
949
950
951
952
953
954
955
956
957
958
959
960
961
962
963
964
965
966
967
968
969
970
971
972
973
974
975
976
977
978
979
980
981
982
983
984
985
986
987
988
989
990
991
992
993
994
995
996
997
998
999
1000
1001
1002
1003
1004
1005
1006
1007
1008
1009
1010
1011
1012
1013
1014
1015
1016
1017
1018
1019
1020
1021
1022
1023
1024
1025
1026
1027
1028
1029
1030
1031
1032
1033
1034
1035
1036
1037
1038
1039
1040
1041
1042
1043
1044
1045
1046
1047
1048
1049
1050
1051
1052
1053
1054
1055
1056
1057
1058
1059
1060
1061
1062
1063
1064
1065
1066
1067
1068
1069
1070
1071
1072
1073
1074
1075
1076
1077
1078
1079
1080
1081
1082
1083
1084
1085
1086
1087
1088
1089
1090
1091
1092
1093
1094
1095
1096
1097
1098
1099
1100
1101
1102
1103
1104
1105
1106
1107
1108
1109
1110
1111
1112
1113
1114
1115
1116
1117
1118
1119
1120
1121
1122
1123
1124
1125
1126
1127
1128
1129
1130
1131
1132
1133
1134
1135
1136
1137
1138
1139
1140
1141
1142
1143
1144
1145
1146
1147
1148
1149
1150
1151
1152
1153
1154
1155
1156
1157
1158
1159
1160
1161
1162
1163
1164
1165
1166
1167
1168
1169
1170
1171
1172
1173
1174
1175
1176
1177
1178
1179
1180
1181
1182
1183
1184
1185
1186
1187
1188
1189
1190
1191
1192
1193
1194
1195
1196
1197
1198
1199
1200
1201
1202
1203
1204
1205
1206
1207
1208
1209
1210
1211
1212
1213
1214
1215
1216
1217
1218
1219
1220
1221
1222
1223
1224
1225
1226
1227
1228
1229
1230
1231
1232
1233
1234
1235
1236
1237
1238
1239
1240
1241
1242
1243
1244
1245
1246
1247
1248
1249
1250
1251
1252
1253
1254
1255
1256
1257
1258
1259
1260
1261
1262
1263
1264
1265
1266
1267
1268
1269
1270
1271
1272
1273
1274
1275
1276
1277
1278
1279
1280
1281
1282
1283
1284
1285
1286
1287
1288
1289
1290
1291
1292
1293
1294
1295
1296
1297
1298
1299
1300
1301
1302
1303
1304
1305
1306
1307
1308
1309
1310
1311
1312
1313
1314
1315
1316
1317
1318
1319
1320
1321
1322
1323
1324
1325
1326
1327
1328
1329
1330
1331
1332
1333
1334
1335
1336
1337
1338
1339
1340
1341
1342
1343
1344
1345
1346
1347
1348
1349
1350
1351
1352
1353
1354
1355
1356
1357
1358
1359
1360
1361
1362
1363
1364
1365
1366
1367
1368
1369
1370
1371
1372
1373
1374
1375
1376
1377
1378
1379
1380
1381
1382
1383
1384
1385
1386
1387
1388
1389
1390
1391
1392
1393
1394
1395
1396
1397
1398
1399
1400
1401
1402
1403
1404
1405
1406
1407
1408
1409
1410
1411
1412
1413
1414
1415
1416
1417
1418
1419
1420
1421
1422
1423
1424
1425
1426
1427
1428
1429
1430
1431
1432
1433
1434
1435
1436
1437
1438
1439
1440
1441
1442
1443
1444
1445
1446
1447
1448
1449
1450
1451
1452
1453
1454
1455
1456
1457
1458
1459
1460
1461
1462
1463
1464
1465
1466
1467
1468
1469
1470
1471
1472
1473
1474
1475
1476
1477
1478
1479
1480
1481
1482
1483
1484
1485
1486
1487
1488
1489
1490
1491
1492
1493
1494
1495
1496
1497
1498
1499
1500
1501
1502
1503
1504
1505
1506
1507
1508
1509
1510
1511
1512
1513
1514
1515
1516
1517
1518
1519
1520
1521
1522
1523
1524
1525
1526
1527
1528
1529
1530
1531
1532
1533
1534
1535
1536
1537
1538
1539
1540
1541
1542
1543
1544
1545
1546
1547
1548
1549
1550
1551
1552
1553
1554
1555
1556
1557
1558
1559
1560
1561
1562
1563
1564
1565
1566
1567
1568
1569
1570
1571
1572
1573
1574
1575
1576
1577
1578
1579
1580
1581
1582
1583
1584
1585
1586
1587
1588
1589
1590
1591
1592
1593
1594
1595
1596
1597
1598
1599
1600
1601
1602
1603
1604
1605
1606
1607
1608
1609
1610
1611
1612
1613
1614
1615
1616
1617
1618
1619
1620
1621
1622
1623
1624
1625
1626
1627
1628
1629
1630
1631
1632
1633
1634
1635
1636
1637
1638
1639
1640
1641
1642
1643
1644
1645
1646
1647
1648
1649
1650
1651
1652
1653
1654
1655
1656
1657
1658
1659
1660
1661
1662
1663
1664
1665
1666
1667
1668
1669
1670
1671
1672
1673
1674
1675
1676
1677
1678
1679
1680
1681
1682
1683
1684
1685
1686
1687
1688
1689
1690
1691
1692
1693
1694
1695
1696
1697
1698
1699
1700
1701
1702
1703
1704
1705
1706
1707
1708
1709
1710
1711
1712
1713
1714
1715
1716
1717
1718
1719
1720
1721
1722
1723
1724
1725
1726
1727
1728
1729
1730
1731
1732
1733
1734
1735
1736
1737
1738
1739
1740
1741
1742
1743
1744
1745
1746
1747
1748
1749
1750
1751
1752
1753
1754
1755
1756
1757
1758
1759
1760
1761
1762
1763
1764
1765
1766
1767
1768
1769
1770
1771
1772
1773
1774
1775
1776
1777
1778
1779
1780
1781
1782
1783
1784
1785
1786
1787
1788
1789
1790
1791
1792
1793
1794
1795
1796
1797
1798
1799
1800
1801
1802
1803
1804
1805
1806
1807
1808
1809
1810
1811
1812
1813
1814
1815
1816
1817
1818
1819
1820
1821
1822
1823
1824
1825
1826
1827
1828
1829
1830
1831
1832
1833
1834
1835
1836
1837
1838
1839
1840
1841
1842
1843
1844
1845
1846
1847
1848
1849
1850
1851
1852
1853
1854
1855
1856
1857
1858
1859
1860
1861
1862
1863
1864
1865
1866
1867
1868
1869
1870
1871
1872
1873
1874
1875
1876
1877
1878
1879
1880
1881
1882
1883
1884
1885
1886
1887
1888
1889
1890
1891
1892
1893
1894
1895
1896
1897
1898
1899
1900
1901
1902
1903
1904
1905
1906
1907
1908
1909
1910
1911
1912
1913
1914
1915
1916
1917
1918
1919
1920
1921
1922
1923
1924
1925
1926
1927
1928
1929
1930
1931
1932
1933
1934
1935
1936
1937
1938
1939
1940
1941
1942
1943
1944
1945
1946
1947
1948
1949
1950
1951
1952
1953
1954
1955
1956
1957
1958
1959
1960
1961
1962
1963
1964
1965
1966
1967
1968
1969
1970
1971
1972
1973
1974
1975
1976
1977
1978
1979
1980
1981
1982
1983
1984
1985
1986
1987
1988
1989
1990
1991
1992
1993
1994
1995
1996
1997
1998
1999
2000
2001
2002
2003
2004
2005
2006
2007
2008
2009
2010
2011
2012
2013
2014
2015
2016
2017
2018
2019
2020
2021
2022
2023
2024
2025
2026
2027
2028
2029
2030
2031
2032
2033
2034
2035
2036
2037
2038
2039
2040
2041
2042
2043
2044
2045
2046
2047
2048
2049
2050
2051
2052
2053
2054
2055
2056
2057
2058
2059
2060
2061
2062
2063
2064
2065
2066
2067
2068
2069
2070
2071
2072
2073
2074
2075
2076
2077
2078
2079
2080
2081
2082
2083
2084
2085
2086
2087
2088
2089
2090
2091
2092
2093
2094
2095
2096
2097
2098
2099
2100
2101
2102
2103
2104
2105
2106
2107
2108
2109
2110
2111
2112
2113
2114
2115
2116
2117
2118
2119
2120
2121
2122
2123
2124
2125
2126
2127
2128
2129
2130
2131
2132
2133
2134
2135
2136
2137
2138
2139
2140
2141
2142
2143
2144
2145
2146
2147
2148
2149
2150
2151
2152
2153
2154
2155
2156
2157
2158
2159
2160
2161
2162
2163
2164
2165
2166
2167
2168
2169
2170
2171
2172
2173
2174
2175
2176
2177
2178
2179
2180
2181
2182
2183
2184
2185
2186
2187
2188
2189
2190
2191
2192
2193
2194
2195
2196
2197
2198
2199
2200
2201
2202
2203
2204
2205
2206
2207
2208
2209
2210
2211
2212
2213
2214
2215
2216
2217
2218
2219
2220
2221
2222
2223
2224
2225
2226
2227
2228
2229
2230
2231
2232
2233
2234
2235
2236
2237
2238
2239
2240
2241
2242
2243
2244
2245
2246
2247
2248
2249
2250
2251
2252
2253
2254
2255
2256
2257
2258
2259
2260
2261
2262
2263
2264
2265
2266
2267
2268
2269
2270
2271
2272
2273
2274
2275
2276
2277
2278
2279
2280
2281
2282
2283
2284
2285
2286
2287
2288
2289
2290
2291
2292
2293
2294
2295
2296
2297
2298
2299
2300
2301
2302
2303
2304
2305
2306
2307
2308
2309
2310
2311
2312
2313
2314
2315
2316
2317
2318
2319
2320
2321
2322
2323
2324
2325
2326
2327
2328
2329
2330
2331
2332
2333
2334
2335
2336
2337
2338
2339
2340
2341
2342
2343
2344
2345
2346
2347
2348
2349
2350
2351
2352
2353
2354
2355
2356
2357
2358
2359
2360
2361
2362
2363
2364
2365
2366
2367
2368
2369
2370
2371
2372
2373
2374
2375
2376
2377
2378
2379
2380
2381
2382
2383
2384
2385
2386
2387
2388
2389
2390
2391
2392
2393
2394
2395
2396
2397
2398
2399
2400
2401
2402
2403
2404
2405
2406
2407
2408
2409
2410
2411
2412
2413
2414
2415
2416
2417
2418
2419
2420
2421
2422
2423
2424
2425
2426
2427
2428
2429
2430
2431
2432
2433
2434
2435
2436
2437
2438
2439
2440
2441
2442
2443
2444
2445
2446
2447
2448
2449
2450
2451
2452
2453
2454
2455
2456
2457
2458
2459
2460
2461
2462
2463
2464
2465
2466
2467
2468
2469
2470
2471
2472
2473
2474
2475
2476
2477
2478
2479
2480
2481
2482
2483
2484
2485
2486
2487
2488
2489
2490
2491
2492
2493
2494
2495
2496
2497
2498
2499
2500
