256 128 256
1 33 12 95 35 67 103 93 75 98 18 50 37 104 85 43 88 99 87 75 4 6 92 87 77 38 13 5 40 18 81 40 51 93 7 85 31 109 49 105 78 66 26 115 41 110 29 1 80 115 75 84 120 38 42 68 75 54 73 114 72 25 26 122 117 32 78 20 12 126 124 89 63 22 75 103 3 103 103 83 89 50 38 80 87 79 20 34 5 92 19 76 116 44 69 105 75 18 124 86 15 119 47 77 12 121 51 15 96 26 97 56 75 6 8 33 84 27 66 88 118 85 35 105 128 103 81 75 120 76 32 6 67 78 82 78 71 5 92 38 30 60 93 104 65 100 8 21 126 74 108 115 30 15 92 29 117 44 103 109 120 7 114 58 84 68 7 26 72 99 63 101 30 28 76 95 127 83 115 125 28 94 111 57 108 74 86 97 118 60 77 109 66 62 38 22 1 44 47 72 14 110 44 44 9 119 10 7 74 124 3 101 89 114 30 69 59 115 37 48 46 113 28 112 46 65 5 47 109 51 118 122 32 34 37 40 24 46 47 97 41 49 70 2 34 99 70 93 85 106 12 2 90 40 113 7
33 34
184 1
246 112
1 166
245 128
39 40
49 48
146 1
131 1
68 69
15 14
88 87
1 141
1 119
191 1
142 1
159 1
1 205
115 114
153 1
1 120
3 4
32 33
1 117
1 209
144 1
45 44
62 61
48 47
86 87
57 58
198 1
37 36
1 155
126 1
1 138
57 249
1 215
65 66
113 114
43 232
189 1
214 1
1 162
84 83
1 130
1 179
1 192
8 9
165 1
185 1
29 30
190 1
173 1
58 59
60 59
12 13
252 180
195 1
38 37
3 2
44 43
152 1
116 243
112 111
232 242
129 1
4 5
116 1
135 1
45 233
204 1
1 212
20 19
1 128
125 1
16 15
133 256
158 1
236 150
104 103
71 72
154 1
187 1
83 82
207 1
1 227
226 1
1 176
82 81
84 85
96 95
10 9
235 134
118 1
71 244
52 53
79 80
98 99
36 35
57 56
1 197
119 248
255 87
175 1
40 41
85 86
1 208
31 32
157 1
11 10
6 7
54 53
1 230
151 1
5 6
181 1
169 1
111 110
220 1
139 1
34 35
1 229
1 217
43 42
226 240
90 91
147 1
1 177
199 1
1 186
35 251
122 1
140 1
26 25
156 1
94 93
80 81
168 1
97 98
108 107
178 1
24 25
50 49
89 88
164 1
174 1
231 38
1 170
221 1
1 161
228 1
210 1
107 106
18 17
51 234
65 64
1 216
1 163
202 1
78 77
1 148
46 45
73 74
8 7
42 41
254 52
31 30
211 1
124 1
180 1
199 253
1 222
92 91
167 1
47 46
67 68
237 74
1 123
101 102
1 188
14 13
99 100
22 21
96 97
12 11
113 112
218 1
79 78
75 74
16 17
66 67
1 224
1 143
247 239
56 55
137 1
108 109
1 172
1 200
27 26
160 1
1 182
51 50
104 105
1 136
21 20
1 203
194 1
149 1
52 51
241 239
1 213
196 1
1 206
94 95
54 55
70 69
93 92
28 29
127 1
75 76
1 171
106 105
72 73
133 1
1 183
2 1
27 28
239 230
145 1
121 1
109 110
61 60
238 180
201 1
193 1
100 101
223 1
22 23
103 102
1 132
250 79
38 39
77 76
19 18
63 64
1 134
24 23
89 90
1 219
70 71
1 150
62 63
225 1
1 204 104
251 106 108
183 131 29
91 181 126
46 49 105
2 182 34
250 103 98
77 209 18
216 72 26
188 99 24
19 239 107
184 86 111
158 55 11
103 240 106
61 199 81
180 40 114
89 237 11
209 251 61
238 117 43
57 146 25
159 44 69
100 208 68
11 185 70
130 55 13
13 148 38
47 195 124
133 89 61
52 230 121
38 181 92
85 72 19
197 98 44
201 115 63
187 197 98
80 174 61
10 160 72
145 120 38
46 142 69
70 110 49
251 1 4
222 76 25
122 138 39
136 115 81
64 161 91
146 83 120
5 157 2
7 251 1
247 98 26
81 245 116
19 248 45
124 251 40
120 69 79
32 196 24
102 130 26
87 172 3
91 54 29
57 220 46
52 306 60
67 167 88
226 52 127
234 45 115
87 31 122
50 185 33
143 41 19
134 73 12
17 219 34
122 174 51
38 169 19
92 185 110
142 63 109
221 43 113
31 192 75
183 255 65
97 243 57
20 75 25
92 255 123
78 142 12
240 111 37
243 207 9
38 175 69
195 59 2
246 37 66
30 247 22
53 160 115
170 47 20
52 224 67
70 236 47
37 137 107
126 244 63
126 181 102
89 250 63
136 78 20
90 227 3
140 4 110
212 82 125
92 66 97
231 23 53
66 179 68
48 230 70
176 53 70
98 250 85
223 18 108
246 73 42
242 71 24
101 236 108
73 212 18
66 178 85
48 198 99
203 22 31
146 103 43
231 15 54
99 165 45
23 242 112
205 44 67
23 254 90
28 185 111
34 173 16
197 17 3
220 92 71
154 115 8
215 14 61
37 238 117
216 53 91
247 15 22
96 242 3
221 44 32
143 93 0
192 232 74
236 84 33
180 76 71
174 19 9
102 238 40
195 102 44
208 106 58
153 0 88
183 46 43
221 62 87
50 195 99
255 85 11
145 16 25
64 158 114
0 231 75
48 154 113
55 242 50
58 186 59
42 197 89
125 160 29
248 217 122
159 10 41
168 49 30
149 59 9
216 78 97
78 202 86
94 206 82
64 176 53
218 62 112
89 19 90
21 94 67
114 167 103
104 62 91
108 255 48
71 193 7
183 67 9
85 140 46
181 79 117
36 228 10
35 199 3
159 6 87
6 179 57
173 84 109
2 199 97
71 150 16
243 146 64
166 61 126
57 101 95
17 135 86
19 260 12
205 121 109
65 166 68
235 1 57
9 129 103
130 137 5
78 255 70
71 192 28
86 165 78
211 25 18
35 128 76
158 69 9
206 83 1
48 253 61
113 28 32
78 133 71
20 182 80
113 148 46
207 35 115
205 103 125
214 239 114
158 89 21
181 53 49
140 9 114
167 39 51
127 242 99
83 222 33
44 80 78
18 246 28
22 225 60
146 25 36
91 253 126
216 126 101
57 130 15
6 235 124
201 22 120
103 134 2
215 66 13
25 112 87
5 172 48
127 96 37
92 225 105
242 106 61
131 21 51
255 76 76
41 55 68
81 169 11
79 188 62
190 37 57
67 252 18
49 121 36
48 198 66
222 105 79
239 67 98
67 177 10
67 208 63
81 214 89
181 47 9
105 232 56
224 27 2
164 42 18
131 110 80
133 106 112
177 155 21
235 58 100
148 105 15
49 142 117
214 100 90
159 101 106
193 249 124
21 231 68
62 216 126
224 9 55
165 26 17
34 226 39
136 54 5
76 153 102
116 132 114
94 238 16
60 86 63
112 115 67
