1024 512 1024
280 505 261 462 234 470 346 6 121 316 474 58 204 363 156 329 395 122 408 27 37 495 108 370 257 53 336 195 293 58 366 61 50 114 10 284 71 355 289 192 158 250 249 361 100 404 178 494 14 73 8 50 55 115 420 312 168 243 506 460 300 360 8 349 473 17 120 32 371 409 223 17 146 471 377 246 362 42 227 375 115 235 425 169 349 332 480 4 62 474 464 361 321 471 197 281 488 317 312 346 213 22 362 358 492 227 91 342 268 318 204 382 40 116 39 388 447 6 392 508 479 343 356 287 301 41 56 276 357 367 110 57 389 471 414 368 185 505 197 453 310 401 322 349 4 360 224 451 366 103 446 332 445 290 107 234 330 162 509 174 16 106 230 404 65 131 260 249 123 456 189 432 344 511 268 348 358 492 286 211 82 219 31 15 508 137 248 325 298 244 498 313 350 215 205 414 346 464 150 468 407 339 388 239 337 143 74 182 122 359 393 204 65 423 218 61 47 465 385 344 196 371 144 33 73 348 446 418 299 84 374 194 422 249 432 246 391 505 427 1 351 307 204 415 217 421 475 263 373 348 94 56 206 238 89 278 73 22 184 372 105 45 53 14 293 484 259 171 476 174 171 314 480 374 216 185 282 179 447 142 14 29 198 219 266 286 496 338 307 167 197 412 211 249 425 503 220 172 162 183 345 332 496 312 194 200 496 475 378 431 105 391 459 302 97 212 75 80 37 381 247 234 280 457 482 193 448 190 364 97 372 196 428 356 507 109 43 491 72 420 409 176 298 355 477 394 54 39 473 90 419 207 323 187 152 293 379 87 482 230 183 341 425 98 184 419 207 226 397 278 133 293 453 430 135 417 311 188 455 272 278 361 478 88 35 117 380 413 203 349 130 385 178 42 483 361 461 177 75 345 454 207 126 394 125 260 298 435 448 240 194 213 88 160 300 123 276 168 23 479 4 153 351 181 194 321 30 142 497 104 487 438 310 100 319 434 359 104 357 294 343 38 506 431 197 294 41 473 461 63 439 464 215 277 133 409 86 162 38 70 265 12 508 62 111 314 496 470 418 340 251 248 377 245 166 62 26 206 22 486 269 460 437 483 224 57 379 309 218 417 379 482 428 374 32 27 175 15 496 80 354 234 328 218 478 493 279 503 187 300 476 455 247 401 425 471 457 292 267 163 196 133 132 111 506 163 137 169 177 120 248 18 354 63 236 319 44 2 310 230 302 273 172 36 161 84 506 106 375 261 268 58 393 399 169 387 50 305 43 226 425 290 244 266 353 479 72 396 480 381 113 269 142 284 305 302 367 298 407 230 46 162 287 439 49 455 313 98 248 355 323 160 132 54 425 484 20 496 367 500 365 479 256 506 250 48 295 105 346 190 334 391 351 108 317 399 51 117 496 298 471 307 457 91 360 369 62 380 352 429 367 204 395 110 197 133 158 492 237 503 169 58 381 7 165 186 406 215 302 389 512 261 183 456 351 31 312 412 410 152 328 264 355 211 373 40 343 18 19 67 8 187 124 389 193 288 62 86 503 363 475 502 111 145 446 461 175 245 361 72 396 176 335 239 386 196 278 216 213 296 282 221 482 405 97 162 181 158 248 171 8 210 160 119 354 93 67 17 338 427 88 221 91 423 459 476 106 224 180 318 7 461 26 488 354 122 138 22 279 385 192 287 82 351 405 435 444 471 451 269 386 27 489 476 449 436 439 42 147 106 359 154 55 385 129 408 506 266 429 273 138 108 47 219 458 451 142 389 409 80 145 282 106 122 245 42 45 172 83 191 277 442 344 331 314 473 226 307 226 142 67 364 249 113 70 195 51 211 71 460 291 216 229 396 337 474 438 381 133 8 59 409 449 403 228 250 363 453 45 76 83 111 439 331 224 509 13 274 207 84 221 497 299 450 381 123 411 306 503 31 313 49 439 250 451 154 499 301 95 31 377 177 142 303 507 365 299 8 126 506 91 347 490 389 284 358 511 182 151 501 212 464 37 138 201 488 292 187 276 386 218 140 50 359 443 44 211 229 51 336 222 141 170 200 17 453 45 15 122 196 3 333 147 40 471 347 15 250 21 290 123 238 430 172 84 360 215 294 76 266 118 298 406 287 497 423 228 29 437 349 224 440 170 370 479 128 204 493 377 225 270 499 462 187 158 34 34 372 327 110 125 444 407 19 219 391 441 446 419 365 282 131 292 451 500 258 66 192 238 442 416 508 428 365 182 73 398 216 445 213 325 57 144 219 75 362 97 3 295 3 368 65 133 147 3 121 405 69 312 130 510 215 125 426 67 307 498 465 10 430 165 334 487 308
7 168
8 101
747 605
131 193
516 780
10 55
25 717
454 580
670 924
468 691
798 123
812 773
46 278
3 13
133 692
537 187
234 1011
342 417
373 397
978 982
296 200
206 681
271 178
248 63
547 186
143 54
470 28
347 318
107 390
483 9
264 827
15 139
700 203
165 166
286 343
386 40
72 173
323 567
392 383
145 609
462 185
235 664
957 321
948 875
364 684
172 57
44 559
172 585
420 942
967 988
302 842
801 476
36 44
91 129
762 466
64 3
335 262
683 724
4 5
90 25
663 529
980 504
494 83
219 253
261 67
859 148
647 609
757 631
181 345
611 637
15 596
892 672
132 822
97 29
3 21
1 111
726 661
22 33
337 109
506 73
899 749
938 433
97 209
597 131
846 221
1009 693
300 173
805 693
111 815
894 439
364 433
370 311
289 346
160 383
100 157
85 28
195 154
522 145
572 543
679 108
122 320
194 102
432 471
55 84
835 1010
801 878
212 182
78 4
545 411
47 279
579 605
448 458
354 157
578 72
959 532
336 186
203 594
146 204
541 928
108 590
904 936
243 405
466 867
33 1000
447 558
363 631
145 153
133 676
487 178
338 72
992 812
963 507
849 886
154 316
6 213
36 123
154 394
746 616
70 150
27 24
857 99
23 421
156 79
912 1013
971 633
766 262
748 11
544 673
324 101
404 36
221 589
890 300
145 632
32 43
429 654
131 283
32 56
255 292
92 127
99 114
715 128
286 380
759 139
951 854
159 674
943 157
58 8
56 821
245 371
887 223
184 809
610 251
496 974
314 102
3 11
734 51
733 1019
778 392
341 180
601 665
833 24
240 332
608 475
860 835
209 291
491 18
504 300
994 757
83 5
53 128
633 120
292 489
682 880
187 512
863 464
409 642
567 881
342 57
31 34
110 650
457 662
7 120
68 552
159 804
299 561
275 883
36 93
317 987
309 11
628 41
249 705
137 161
771 712
40 915
112 69
423 549
412 219
468 465
225 182
737 49
984 289
26 141
189 118
86 61
761 912
533 398
540 486
180 913
724 806
968 435
284 200
30 122
77 646
362 298
683 25
377 523
790 532
553 551
435 555
97 229
184 319
521 309
498 200
494 855
23 18
563 773
369 612
654 800
242 93
981 664
441 64
72 255
528 191
180 76
2 1
66 34
88 459
562 579
514 595
199 526
38 47
826 509
78 113
252 361
24 88
986 46
186 939
17 14
348 442
66 604
954 945
902 140
376 177
311 967
445 248
85 98
711 210
866 359
149 148
261 818
339 756
40 630
246 56
251 15
576 120
22 62
403 823
797 708
381 288
107 854
106 65
241 178
638 473
188 226
1001 383
41 2
675 145
535 229
101 164
75 425
519 451
3 30
197 174
735 119
84 543
116 689
858 66
178 149
67 50
793 929
295 444
727 389
718 541
490 472
703 1021
120 121
70 39
58 277
36 831
683 952
534 365
742 450
263 102
86 838
862 747
11 22
1 39
901 657
562 13
384 475
439 217
20 14
226 499
816 978
110 328
728 72
576 983
73 54
764 829
216 172
11 36
103 382
11 76
432 400
658 178
375 707
550 65
627 21
52 165
754 696
950 469
403 152
198 26
299 162
133 259
8 769
116 86
115 485
960 831
184 102
213 239
834 975
125 221
896 809
69 203
125 364
148 256
106 765
169 42
274 503
651 102
477 76
119 2
568 347
286 752
344 402
416 227
220 560
358 347
224 244
224 213
12 6
991 451
676 910
26 38
906 352
708 455
898 694
434 7
102 365
620 694
89 181
517 3
537 710
215 142
28 14
609 836
71 49
396 411
140 214
427 232
970 24
107 16
258 359
35 7
318 807
741 26
42 191
350 530
112 698
238 947
972 444
693 326
333 607
391 848
668 538
828 327
407 53
464 185
295 279
252 217
611 1
758 186
3 49
647 1015
170 245
92 228
473 870
864 818
98 875
12 824
47 210
372 261
242 538
99 43
121 602
32 110
290 330
348 181
332 486
9 236
1018 207
678 271
66 761
946 798
1023 584
926 448
671 402
139 600
445 525
110 690
321 868
542 895
147 38
22 26
66 497
722 612
589 750
497 554
207 699
118 366
652 217
261 264
184 885
702 474
96 56
16 408
414 20
740 402
877 745
357 261
166 311
349 199
848 964
329 529
117 260
642 760
539 133
793 209
57 262
53 730
853 399
140 640
335 803
419 430
6 5
57 136
325 36
384 95
107 781
240 180
68 571
187 88
508 835
547 659
538 830
755 666
65 339
374 29
333 215
22 57
5 32
532 366
68 20
378 328
791 644
908 263
160 71
395 399
905 835
876 61
310 1007
444 629
83 1022
44 542
732 585
163 94
646 996
409 794
44 131
956 151
192 795
142 231
69 81
245 733
535 914
124 34
949 133
190 95
291 619
60 566
323 13
655 473
973 231
37 286
479 666
136 188
903 125
787 257
531 91
31 79
406 452
861 666
573 14
449 626
2 4
166 355
810 219
544 1016
610 649
232 621
327 66
110 276
26 126
33 479
403 687
744 196
457 35
58 60
114 179
1003 899
198 873
482 156
126 615
120 176
16 12
433 577
224 904
48 54
731 77
772 549
1006 32
30 31
816 414
135 171
113 389
856 31
688 941
602 1012
587 573
536 774
215 443
474 268
613 427
517 738
739 219
69 52
82 30
60 196
400 38
138 85
764 206
168 879
9 511
317 321
405 450
413 360
178 725
1 3
46 77
795 808
41 329
488 143
46 697
391 143
636 470
589 648
632 932
182 105
423 514
368 293
789 782
190 207
657 889
128 466
257 60
969 24
105 177
42 133
446 163
977 375
230 704
927 186
599 58
1 142
137 31
911 768
668 923
721 328
387 782
487 495
882 305
734 751
454 132
310 270
617 56
700 874
35 208
167 104
205 119
70 74
720 962
252 813
548 162
249 173
100 82
535 995
174 541
308 92
47 48
184 393
83 152
263 606
625 112
72 644
592 420
109 247
367 158
696 95
232 222
144 73
920 764
134 44
449 198
32 89
370 507
88 570
132 270
407 622
297 277
536 17
317 291
188 493
614 553
174 218
763 156
64 294
234 298
303 26
847 350
44 770
140 96
148 302
843 767
291 492
692 701
42 72
378 685
869 339
220 12
149 505
841 578
271 814
682 403
21 132
59 92
575 347
219 30
77 267
411 832
43 306
925 373
516 122
3 8
282 410
897 184
272 86
719 395
94 23
322 47
180 736
200 188
100 453
813 900
438 456
743 238
83 254
251 502
174 79
420 723
424 290
19 10
527 420
817 10
149 377
1014 531
686 590
550 593
687 888
645 56
471 680
396 209
470 768
61 50
601 38
845 689
341 426
80 41
153 223
436 326
650 893
255 340
958 997
231 280
155 114
379 361
281 195
75 24
985 79
398 342
907 52
206 45
288 811
2 18
35 415
934 797
297 350
225 250
544 157
481 591
524 146
749 338
520 103
143 944
39 52
211 42
714 52
339 508
368 588
976 278
677 383
713 784
603 455
670 265
146 819
83 115
153 217
18 50
47 109
615 616
420 117
9 3
183 121
865 794
456 931
598 329
723 792
8 42
102 89
839 59
47 154
435 89
237 313
466 496
643 282
313 849
796 243
521 586
524 624
515 468
641 181
344 180
480 399
200 712
15 11
199 138
301 293
273 10
775 645
509 395
476 466
24 312
84 315
148 422
7 118
518 716
585 672
266 406
14 151
979 343
92 104
375 159
42 130
216 243
1020 440
282 153
989 122
68 395
518 488
258 121
401 277
19 834
159 14
239 268
563 144
59 546
661 70
452 909
1002 427
356 293
583 465
656 241
51 27
438 262
431 234
501 84
235 293
918 638
30 331
72 269
851 224
515 993
965 905
10 8
3 162
321 891
448 413
266 7
654 820
164 186
455 393
230 196
955 438
33 233
285 193
642 753
445 1024
688 537
360 419
465 294
403 574
108 99
44 63
1005 584
656 767
155 351
222 5
175 745
709 609
695 168
318 189
19 469
513 405
2 29
22 37
618 260
788 652
353 188
937 167
500 222
582 115
40 428
423 410
13 620
263 919
164 557
366 373
42 103
360 226
359 478
25 3
201 128
565 546
116 145
237 48
96 473
451 825
216 235
110 779
334 167
953 664
564 478
141 703
98 274
31 45
45 59
387 28
117 70
95 22
584 916
7 14
619 999
195 307
429 334
669 262
98 961
504 940
437 29
112 720
192 62
875 921
24 46
7 6
634 386
197 447
680 840
799 192
23 24
137 289
13 584
802 420
352 13
729 362
451 445
660 438
158 116
998 878
470 922
205 227
85 933
872 190
635 624
125 19
363 117
56 510
184 917
204 966
330 460
146 12
4 105
39 461
852 210
183 785
467 245
265 128
14 40
234 198
41 275
274 551
287 173
564 706
58 135
8 185
70 238
639 564
776 186
713 503
53 22
783 528
140 472
958 306
459 484
930 550
163 463
166 170
945 657
23 304
493 569
31 409
334 1008
72 326
371 871
87 67
65 55
1004 619
267 288
777 145
597 850
556 539
5 148
305 73
418 250
33 202
388 385
369 201
653 640
462 481
440 93
319 786
290 8
581 231
533 657
4 1017
93 837
603 990
475 935
385 70
623 304
699 844
91 46
884 786
140 175
667 528
711 946 483
970 637 471
437 345 438
944 205 163
356 278 121
479 396 379
584 591 203
348 951 347
607 799 343
739 166 237
660 128 93
286 100 279
620 27 216
827 712 128
73 309 68
459 686 438
4 359 392
966 204 448
725 34 281
894 779 368
2 338 86
114 627 245
137 842 6
858 477 103
136 19 406
812 973 495
144 335 432
344 265 451
397 549 397
133 402 92
481 1018 473
85 234 469
931 751 91
370 860 209
408 739 34
347 720 171
681 132 472
958 583 97
460 988 473
892 39 328
878 1012 478
76 975 449
811 26 24
635 254 449
356 298 332
63 470 213
195 429 49
796 539 212
749 978 129
770 814 106
741 787 503
714 206 322
748 722 409
989 158 196
269 976 332
727 180 169
117 738 224
666 974 420
613 88 201
400 697 421
154 169 173
342 494 415
42 902 89
199 77 309
170 904 281
338 62 23
68 278 226
5 713 357
91 897 509
791 808 105
959 450 497
436 886 158
292 966 475
367 762 13
227 538 217
292 554 378
563 276 212
270 137 299
132 642 301
930 747 388
381 213 169
215 871 88
144 835 511
924 833 278
422 44 142
976 423 360
241 127 141
370 938 194
1011 708 451
727 595 71
951 247 502
814 862 355
620 847 76
440 86 211
470 731 104
890 581 28
1023 714 507
901 424 215
594 357 90
191 444 64
418 416 296
240 791 236
75 343 502
170 61 104
889 677 21
474 677 500
171 656 347
588 882 329
956 449 194
361 22 299
790 317 478
574 530 388
901 531 141
972 115 201
618 128 363
283 627 225
953 970 163
804 269 347
252 466 401
284 241 331
582 209 165
96 619 459
651 238 507
758 932 374
898 792 329
506 498 421
433 656 178
713 995 124
151 900 415
411 706 145
617 892 428
202 831 497
422 316 76
362 674 214
125 997 470
616 903 367
267 77 340
233 176 283
123 92 469
828 232 115
702 666 7
480 642 127
798 748 330
447 449 246
427 919 85
312 244 193
374 90 298
547 379 38
649 351 274
894 455 390
518 978 195
128 79 382
875 385 344
298 126 116
204 214 42
461 403 477
531 201 265
913 235 126
224 525 160
696 900 290
655 67 150
712 951 150
77 275 291
193 392 150
409 957 463
800 898 128
997 135 68
222 771 105
722 928 498
609 733 237
690 362 402
638 518 25
900 831 216
278 961 283
199 395 477
72 18 363
221 101 159
977 704 139
899 195 367
619 952 52
960 328 167
475 344 350
256 56 454
195 837 345
602 810 100
608 153 295
715 298 379
412 426 80
630 799 32
516 858 428
855 510 18
185 834 480
232 791 463
37 632 192
850 735 400
1006 13 484
257 369 91
688 991 274
452 521 186
281 970 272
769 984 299
595 970 138
355 389 307
976 94 18
700 992 68
690 479 426
48 544 398
0 335 156
524 508 337
451 282 278
428 582 40
374 719 297
765 0 388
841 550 238
821 110 198
271 519 371
803 920 62
120 546 97
613 883 121
908 670 113
461 692 65
134 480 506
152 867 361
703 600 84
808 275 426
314 670 220
196 710 476
736 828 261
617 943 369
244 543 490
956 612 352
414 92 308
271 955 433
857 513 66
101 955 245
769 133 28
452 609 333
249 869 30
154 232 241
702 198 343
283 60 85
381 352 11
294 809 407
830 376 148
744 608 509
871 644 106
472 973 375
315 480 299
534 749 23
740 587 190
806 668 364
133 663 138
937 53 497
301 706 301
899 205 90
531 791 309
500 125 171
994 934 117
726 976 444
263 127 451
937 977 186
567 83 478
611 603 82
310 376 7
501 964 294
283 260 180
405 435 210
308 42 201
250 976 167
352 406 355
334 591 127
416 542 28
1012 635 90
355 625 206
314 933 511
598 74 480
999 804 261
31 1022 175
992 147 473
375 15 219
972 117 75
465 158 390
75 751 309
708 932 291
613 428 150
719 414 465
511 685 25
489 326 14
630 302 31
628 503 508
747 82 355
906 971 308
626 250 264
537 556 351
974 207 40
335 136 129
10 676 342
330 171 330
627 702 306
105 177 427
162 43 35
115 851 290
371 100 181
926 440 292
111 465 331
251 106 264
932 451 103
67 259 103
775 587 445
972 482 37
1003 17 153
822 331 309
913 509 442
348 285 300
816 605 198
921 866 290
349 462 29
609 57 461
171 1000 20
667 530 283
695 167 209
1008 1006 203
487 917 496
783 204 402
341 397 248
203 676 41
648 206 453
714 644 302
702 148 385
202 441 53
357 666 217
349 858 386
226 861 396
424 747 362
829 1006 97
466 8 450
679 970 141
289 230 275
458 118 482
884 164 154
540 905 346
358 285 177
179 656 7
934 522 246
910 118 161
903 53 478
861 192 442
52 993 92
181 460 391
352 601 331
229 941 202
507 615 208
128 628 77
665 889 245
783 541 173
834 1001 45
7 912 434
1013 503 276
438 380 351
26 694 523
947 904 337
551 622 76
169 684 50
23 932 194
559 65 350
530 117 92
422 57 400
917 844 429
262 666 415
964 668 320
863 1023 337
447 570 274
87 622 320
1014 817 481
51 642 509
165 237 16
215 649 37
45 42 470
690 444 370
333 259 137
308 100 77
878 902 410
474 200 322
263 680 428
924 149 410
117 184 450
763 738 121
799 699 347
223 549 371
475 692 43
590 757 381
459 662 167
651 999 21
317 389 487
450 790 249
628 227 140
341 876 244
27 690 506
589 571 285
243 102 491
1003 990 449
652 141 2
609 146 472
1015 645 88
768 380 388
1014 1017 346
852 763 472
534 232 292
77 501 317
186 976 369
130 938 96
256 417 86
438 367 205
44 977 332
415 867 319
399 184 71
129 135 63
365 443 400
848 738 447
819 613 9
722 726 184
134 831 306
513 517 69
497 839 481
328 130 22
502 220 441
640 278 315
59 165 433
807 601 289
403 94 129
110 791 443
914 583 144
421 662 302
251 137 299
395 676 269
599 604 94
872 912 86
20 343 213
627 120 266
717 763 47
467 185 433
35 323 43
705 616 441
853 412 352
503 678 111
65 243 487
998 330 65
315 41 445
425 809 448
173 337 50
337 286 259
676 313 228
275 246 272
685 603 470
351 176 291
601 173 297
926 743 366
974 155 349
737 595 136
64 669 59
344 408 221
659 641 50
903 927 217
493 874 486
657 641 153
846 930 486
552 276 54
690 612 475
273 230 415
943 288 134
325 503 198
965 38 43
861 261 188
694 738 74
320 884 42
251 363 177
516 402 500
121 352 45
361 264 211
650 903 506
118 603 425
163 627 226
421 317 189
142 881 6
25 899 209
364 588 8
768 66 245
114 111 269
378 840 382
266 821 234
858 723 360
451 973 492
758 120 134
608 113 56
496 823 203
71 839 203
150 69 62
245 835 304
77 710 443
882 934 290
600 786 45
531 767 398
671 881 320
770 416 73
582 99 163
407 830 175
474 888 230
274 673 370
1007 616 126
900 901 179
659 433 56
411 822 133
257 645 160
697 204 316
802 374 64
623 42 154
474 792 41
117 646 508
722 779 286
618 954 247
40 993 138
871 633 294
491 808 177
691 621 438
63 187 124
80 331 407
864 876 502
506 852 450
252 110 76
186 339 297
173 495 415
788 265 445
585 445 279
172 872 261
347 996 443
659 907 482
530 400 86
340 348 416
439 401 426
794 185 157
247 580 325
500 12 505
934 276 262
788 22 348
768 470 511
654 969 338
9 523 511
345 959 510
742 856 321
935 993 260
511 318 38
497 805 273
794 59 281
819 910 205
268 904 483
202 218 230
729 222 362
649 715 356
465 517 182
457 792 422
754 826 344
554 87 333
608 878 331
481 574 104
380 26 404
603 241 175
809 87 378
483 974 65
1009 134 205
782 61 169
562 911 99
664 196 370
504 25 397
32 624 480
78 28 477
311 691 333
415 552 405
364 120 190
482 307 145
532 976 134
407 76 385
612 934 457
641 307 70
269 303 64
278 753 121
986 586 176
501 977 509
610 128 414
930 802 241
905 419 208
974 831 241
886 761 145
172 328 257
466 400 390
198 524 133
789 698 418
742 190 379
888 78 380
659 314 465
67 25 397
897 261 267
633 925 212
972 158 77
327 12 227
863 175 197
540 583 408
713 970 173
774 823 397
55 280 270
73 666 413
348 940 485
226 122 352
382 179 486
407 431 422
587 110 246
147 1012 85
70 652 126
898 46 315
159 294 59
831 207 126
734 167 176
840 28 2
1020 498 250
414 939 120
503 684 6
510 250 66
132 365 209
170 150 296
465 711 181
656 315 339
831 1010 130
857 1013 351
326 226 152
231 852 130
896 868 17
143 443 23
469 133 2
614 949 152
319 634 310
621 448 268
594 79 402
596 413 212
842 552 44
697 673 358
517 199 105
971 237 487
92 743 97
1 369 70
628 184 181
56 448 492
112 363 81
521 61 191
51 620 287
741 479 92
950 570 259
153 547 283
899 667 212
247 232 297
433 413 304
892 901 421
215 993 486
257 656 81
880 940 104
347 6 169
905 789 398
438 41 311
95 247 476
319 533 347
727 840 77
597 760 499
561 725 354
213 824 50
142 406 322
145 67 188
942 451 7
967 780 405
207 222 350
746 553 430
551 100 210
288 106 427
1020 977 5
827 0 42
197 343 286
270 543 415
733 32 38
465 456 472
677 283 407
201 179 93
306 391 304
430 314 360
378 826 139
386 893 136
741 135 419
269 555 117
290 90 399
750 551 89
1013 946 56
187 541 211
578 841 424
890 687 227
685 817 129
558 958 500
672 852 393
200 990 110
298 362 358
843 433 159
767 1000 378
271 204 376
92 639 63
760 343 118
575 476 486
491 960 159
330 832 189
274 440 361
630 272 62
62 446 348
30 305 144
238 167 386
852 219 147
160 840 226
630 304 487
571 462 18
392 112 506
823 494 315
87 14 76
526 855 205
824 481 250
998 883 279
181 513 510
2 228 320
317 727 491
782 745 109
903 222 154
338 0 46
354 85 343
204 795 439
691 539 444
555 292 232
48 273 201
291 96 396
1015 72 407
720 683 202
944 840 463
951 352 325
24 712 160
828 121 22
333 38 233
618 797 406
894 494 449
986 382 497
43 264 299
719 468 278
530 415 488
881 231 404
590 408 348
697 956 363
720 667 152
509 36 477
991 1011 49
325 1018 421
588 274 382
23 559 404
434 519 98
687 424 112
51 255 510
994 84 48
625 766 224
686 706 462
683 246 458
644 694 394
938 40 232
457 450 304
984 550 321
378 168 265
608 656 427
705 730 488
437 434 454
138 898 76
370 846 249
35 739 403
71 967 39
520 766 453
41 568 406
223 845 360
876 746 217
588 708 330
1008 671 3
907 216 456
710 463 79
423 344 435
359 895 471
107 310 43
662 199 47
465 60 94
192 270 289
905 77 144
541 602 212
754 547 205
184 617 95
525 41 276
370 526 199
694 17 56
899 68 146
944 151 306
189 441 268
268 588 471
873 279 343
393 997 378
995 561 111
5 855 279
522 545 287
553 598 155
612 741 349
753 533 218
179 803 130
759 254 330
27 595 78
7 448 438
574 47 304
414 847 272
945 99 298
520 763 305
251 70 339
777 290 448
571 428 202
812 736 383
380 317 125
820 749 130
874 537 130
675 306 192
775 89 91
492 408 24
582 233 30
891 694 275
284 875 0
1012 214 49
299 329 359
3 469 217
558 623 5
845 319 356
950 390 18
306 387 277
546 924 283
203 687 365
33 167 199
270 227 470
602 78 479
58 266 272
653 299 269
950 151 314
308 675 134
727 987 46
614 740 381
261 69 415
418 258 80
668 739 143
723 183 387
1020 970 471
274 706 11
445 10 158
99 139 75
35 192 396
775 589 69
836 472 166
75 545 441
840 689 350
1027 65 488
947 18 201
646 46 176
643 695 473
790 266 387
990 137 497
533 708 17
996 871 307
559 298 103
213 127 205
284 609 5
305 815 8
340 980 459
4 422 95
285 324 221
418 301 498
103 321 455
998 104 489
268 729 465
370 403 8
989 919 212
767 411 510
726 878 314
130 933 152
448 655 173
763 113 444
73 584 342
171 555 458
909 522 418
275 3 186
178 739 47
597 729 505
445 29 246
346 677 471
998 321 93
89 271 46
665 617 277
187 45 348
710 476 1
713 132 392
422 184 151
131 184 344
145 931 425
816 373 344
130 979 176
399 1021 133
1000 797 238
30 639 383
494 626 45
639 503 228
806 660 429
984 1002 340
892 904 483
248 209 113
206 898 446
179 535 54
985 241 436
561 617 428
189 134 443
682 370 415
327 295 14
300 635 310
178 95 260
396 730 129
269 132 354
820 705 59
38 652 246
659 551 203
788 479 268
145 874 444
433 890 96
57 679 417
132 442 223
871 61 393
1011 931 272
703 993 47
333 209 339
864 416 389
307 162 30
174 105 315
37 707 450
714 631 379
119 841 423
170 204 56
95 983 424
62 1 400
273 870 86
678 760 390
854 245 253
958 562 45
654 1019 222
253 894 251
49 792 453
245 854 50
209 765 238
211 668 306
65 231 370
811 122 131
32 889 318
604 920 151
576 126 64
439 362 217
218 290 449
54 345 496
802 588 230
436 905 461
686 255 172
788 892 233
655 169 8
550 306 61
645 411 153
1013 85 212
283 24 148
634 1 355
185 248 419
60 696 204
290 343 143
152 57 302
329 584 69
650 117 198
7 266 250
99 990 397
118 120 399
129 489 150
399 882 281
48 70 449
406 709 12
468 1017 318
44 54 449
157 772 278
421 1021 406
386 907 417
505 774 15
963 954 110
861 691 267
921 650 134
617 670 201
591 981 118
668 384 51
405 175 82
412 562 244
279 976 148
36 466 19
980 91 22
640 877 494
275 992 312
934 162 196
871 771 289
248 843 390
406 938 20
986 172 447
935 841 332
397 863 97
485 355 138
325 834 84
314 117 237
474 322 507
252 98 441
