1000 1000
61 90 6
279 524 30
361 889 37
65 777 30
526 867 78
433 945 373
41 189 38
216 817 57
461 661 81
225 305 68
804 922 495
205 476 46
368 692 288
97 481 74
153 741 97
117 601 72
31 911 9
358 553 265
521 869 319
305 356 70
476 689 271
157 257 37
313 821 33
341 777 306
369 913 150
431 966 315
483 501 20
33 230 0
103 783 32
353 522 184
1 845 0
305 429 129
23 573 18
47 281 15
403 953 305
46 569 23
123 237 10
189 875 117
254 536 135
156 345 150
57 871 52
351 617 100
86 492 29
525 965 480
391 905 41
153 601 55
155 712 15
205 601 162
138 881 29
177 657 31
17 617 8
241 485 118
145 236 126
685 691 273
9 437 9
681 773 334
705 971 264
585 631 168
563 935 188
741 852 386
183 989 64
447 477 176
226 327 127
201 341 160
281 697 195
55 393 34
629 681 465
683 801 288
111 601 90
109 445 22
626 995 19
381 721 98
365 835 219
551 591 550
633 687 206
97 860 3
349 952 180
345 886 270
489 577 62
361 507 273
736 950 5
201 536 140
83 701 51
497 830 162
169 221 96
163 321 92
11 137 0
13 735 9
301 976 116
9 773 6
321 855 96
145 407 108
201 671 26
545 685 279
457 827 360
969 987 840
251 793 132
14 363 6
389 469 56
47 565 29
361 981 356
660 851 619
169 851 59
156 410 22
243 761 65
541 685 508
452 506 198
21 557 8
761 959 434
621 939 160
155 995 59
379 751 152
629 739 116
376 716 43
841 881 230
11 721 10
97 605 50
217 737 128
209 281 137
616 901 455
43 74 32
461 544 420
465 581 411
855 957 748
41 481 7
73 701 44
863 968 105
141 977 44
403 903 163
41 529 32
591 932 152
143 460 80
313 330 40
353 603 284
481 497 154
9 81 0
228 563 46
137 996 42
583 751 183
329 596 297
545 961 110
241 507 55
657 887 636
165 310 16
179 729 5
281 294 44
63 711 22
226 461 172
85 921 23
651 776 518
46 349 6
405 833 2
198 696 169
369 898 14
677 759 288
41 582 2
92 311 59
177 393 141
429 931 264
283 723 114
497 985 222
451 829 355
269 366 85
151 603 131
891 996 60
357 873 162
156 905 37
116 795 16
289 387 182
853 881 702
256 683 145
17 209 0
216 715 71
276 324 247
378 829 213
721 895 716
246 725 66
863 897 648
55 745 43
108 313 6
483 982 407
313 981 201
433 885 134
44 969 9
424 721 2
128 921 33
201 681 189
205 369 108
201 751 130
881 995 378
595 841 172
361 403 290
31 801 20
741 809 279
633 711 0
363 977 184
501 939 239
256 921 97
56 142 14
455 958 399
193 881 9
329 431 235
279 977 100
211 481 147
788 871 108
371 675 180
366 905 199
106 331 14
647 648 574
147 273 144
124 393 85
325 428 239
264 366 120
303 951 220
35 826 6
155 633 78
207 761 116
245 551 108
463 981 135
751 881 622
96 671 46
241 339 227
775 937 560
113 459 90
613 958 88
637 664 385
21 61 0
626 881 84
11 517 3
461 553 123
111 330 31
305 516 75
38 65 6
37 219 4
223 494 126
315 808 226
568 703 117
41 471 36
15 141 2
371 687 56
416 869 269
439 462 94
278 879 18
521 887 414
526 823 340
574 781 270
153 551 37
551 701 180
346 370 77
663 751 522
127 659 96
171 659 52
81 691 34
465 607 450
28 806 13
441 486 178
39 787 26
771 849 496
596 783 477
571 718 302
9 295 9
543 937 460
293 641 252
161 617 44
196 843 112
325 401 230
297 927 6
367 686 52
140 391 77
361 529 308
261 691 2
138 757 107
42 621 19
584 981 414
131 874 116
600 779 498
16 841 5
419 751 35
278 714 264
331 601 166
121 499 78
335 631 19
349 957 210
181 208 122
215 576 6
365 807 24
70 112 23
247 593 136
714 720 455
165 503 105
575 675 567
665 689 586
265 533 44
231 261 229
431 797 236
202 363 115
351 753 263
193 801 128
27 960 21
151 501 95
257 775 84
505 781 110
75 126 12
601 739 49
635 801 554
471 661 68
801 891 764
927 977 506
165 334 36
566 863 150
407 441 306
241 657 66
425 626 144
385 797 52
439 499 75
245 701 222
561 945 53
13 497 4
525 564 251
46 225 18
316 641 296
401 414 18
147 577 118
541 631 232
103 456 72
181 266 133
161 769 6
461 786 340
305 549 232
117 927 32
333 801 248
361 485 120
93 94 52
159 709 76
385 643 264
614 765 599
671 921 132
132 255 6
217 611 24
61 710 6
52 89 6
357 391 124
753 897 319
167 201 84
4 908 2
577 831 360
471 521 246
67 561 66
759 768 294
41 573 28
481 727 127
124 975 64
21 377 12
81 890 78
49 481 21
305 925 135
221 591 3
65 243 62
433 457 168
1 601 0
12 405 8
497 721 153
505 785 374
73 605 17
299 573 36
131 852 110
401 944 384
396 513 99
444 458 219
62 771 21
128 461 72
833 866 593
81 328 9
181 201 120
829 831 666
465 681 352
94 472 4
675 801 66
289 295 170
435 983 184
649 720 278
870 951 430
85 269 39
207 228 44
379 514 238
156 995 85
161 167 68
665 946 2
205 891 142
293 875 102
161 559 112
559 779 185
44 153 15
323 915 24
191 865 127
280 881 207
51 305 33
552 695 104
95 641 69
1 481 1
41 626 36
441 833 383
353 625 31
449 889 50
8 783 0
201 826 86
139 190 0
11 218 8
128 153 111
475 784 24
457 705 80
265 816 63
221 366 24
326 688 216
311 621 0
193 501 159
193 789 78
311 783 188
200 425 87
114 363 91
331 617 204
614 957 421
833 997 720
610 709 110
55 981 54
569 832 510
86 476 5
825 889 146
177 726 56
85 245 6
401 543 264
301 472 234
451 913 194
497 826 149
530 843 34
126 241 37
282 733 71
30 100 20
201 545 128
693 920 32
145 899 144
377 745 39
507 583 11
234 953 23
929 969 194
641 737 120
617 876 400
87 586 32
119 314 110
113 312 84
390 713 139
327 997 59
162 457 118
357 446 274
111 483 38
43 323 9
677 819 492
521 561 268
507 929 490
37 39 12
821 974 34
93 947 74
93 881 67
371 523 171
297 453 79
173 665 75
121 345 42
539 793 261
421 921 397
456 752 77
849 876 848
257 817 110
289 349 96
114 721 10
413 764 27
336 705 75
805 846 468
421 651 69
431 901 39
311 511 168
907 921 368
61 880 54
209 946 186
280 407 100
332 401 297
213 345 204
628 800 504
681 721 546
270 746 73
109 750 96
176 609 9
216 289 175
441 467 408
503 751 231
181 844 52
296 729 16
597 941 392
103 455 101
717 731 430
235 829 173
197 847 3
470 953 84
111 579 0
233 489 73
1 789 0
9 351 2
281 726 154
9 849 0
373 441 314
471 979 74
463 529 406
127 606 112
569 931 69
565 725 394
71 901 70
580 873 99
549 661 378
601 981 184
321 534 188
943 989 251
40 776 12
35 657 30
89 485 26
81 991 6
318 518 261
241 673 233
410 694 253
209 260 32
127 156 2
381 833 288
286 771 246
600 993 326
553 633 372
411 554 266
193 945 66
561 865 208
532 691 424
901 990 604
286 937 191
649 651 520
457 727 334
131 151 58
121 140 4
161 993 84
251 341 120
287 841 4
361 417 302
657 901 642
854 901 262
641 736 180
41 636 38
449 538 293
288 801 224
12 235 0
188 705 155
517 947 282
313 860 156
491 701 420
17 475 2
1 837 0
806 964 6
593 602 476
274 425 217
277 424 127
401 425 82
206 460 163
600 637 21
676 855 64
153 819 50
33 435 22
186 673 5
864 902 139
221 316 68
153 981 2
867 916 452
267 641 124
508 557 244
191 360 160
27 857 2
133 416 36
602 989 53
62 473 39
297 831 200
543 657 360
1 211 1
751 761 179
817 833 107
467 623 36
105 204 50
617 623 167
76 563 49
601 871 469
41 723 3
91 216 23
6 857 2
321 793 210
481 885 280
457 737 389
491 929 300
91 681 88
519 601 277
276 865 255
217 257 192
131 171 96
527 865 93
41 721 0
177 651 86
142 295 105
696 992 241
427 571 119
665 736 188
120 174 69
525 961 522
585 751 536
34 652 21
269 754 99
840 971 305
221 996 148
202 997 2
26 725 18
325 614 132
477 631 87
391 775 161
156 829 34
337 773 205
265 585 28
348 531 266
111 727 89
201 601 54
317 627 54
369 717 204
441 493 76
497 813 258
122 376 85
721 905 706
190 643 187
176 961 102
33 905 16
167 425 128
309 461 109
489 898 473
33 483 21
87 261 60
529 817 412
21 409 12
696 737 321
597 929 186
297 565 52
46 81 39
177 423 102
182 730 102
486 951 1
271 521 148
345 545 250
13 249 12
118 722 59
139 767 52
43 925 20
27 860 21
185 406 143
433 441 306
89 886 65
49 913 30
121 305 74
309 431 302
209 527 12
463 501 420
651 889 468
570 800 279
145 889 39
451 672 148
241 439 208
126 713 29
161 881 12
48 411 42
17 636 14
257 683 240
456 965 157
379 383 226
571 724 292
401 413 213
137 951 122
49 742 13
73 81 13
9 389 0
586 791 513
201 319 59
25 231 3
335 757 54
40 441 17
595 713 59
151 545 81
367 649 202
322 602 30
143 266 0
649 801 535
445 782 168
203 911 180
169 701 80
617 713 366
618 723 258
761 971 278
371 557 250
881 981 813
141 283 81
169 235 124
256 465 207
577 578 289
853 951 742
125 762 112
429 961 358
243 756 188
301 805 28
251 412 1
165 431 148
418 801 325
301 605 238
411 932 64
53 971 45
88 456 13
44 905 19
1 715 0
244 441 163
120 162 66
927 936 456
481 916 412
312 785 207
701 761 394
341 721 36
438 993 82
411 601 16
1 101 0
9 945 6
871 897 164
93 915 28
501 963 71
283 353 28
209 373 21
269 826 128
601 776 162
216 337 181
589 737 320
791 997 273
31 507 24
53 241 37
126 806 81
61 554 50
265 541 216
178 181 0
364 970 102
361 511 174
320 401 62
525 947 212
274 886 20
405 428 192
617 671 206
104 555 72
681 877 586
498 917 358
86 421 60
635 768 160
206 381 45
26 201 15
41 869 20
405 629 356
179 236 21
649 853 624
121 792 26
267 609 196
509 513 435
395 691 66
456 673 393
801 981 546
589 881 504
521 808 313
135 899 132
671 913 155
337 801 192
11 426 8
117 161 88
489 791 35
521 703 499
181 279 20
369 685 170
162 751 146
22 995 7
217 973 29
301 913 2
960 961 901
101 601 66
460 586 276
85 331 75
110 445 20
184 873 37
217 271 34
238 601 160
65 509 62
705 843 142
276 866 200
215 905 100
265 609 0
221 774 111
281 405 210
249 265 96
222 483 190
25 354 8
197 441 66
906 961 374
729 921 716
500 648 240
471 615 419
344 436 138
199 875 164
49 413 32
215 421 42
483 689 259
761 806 204
349 941 0
66 201 39
81 845 27
473 522 147
414 601 391
725 865 364
888 933 146
45 461 24
241 294 202
277 674 174
484 881 311
432 946 211
71 154 32
37 257 14
100 803 49
5 489 0
34 138 21
13 936 13
21 633 21
19 934 8
298 359 138
454 815 256
360 633 60
579 748 92
219 739 104
145 821 115
139 777 38
266 764 193
651 741 603
109 911 65
1 617 0
417 485 19
167 710 36
21 94 18
101 244 66
375 391 368
63 361 53
321 609 124
321 651 208
231 831 77
71 481 58
112 301 13
233 925 154
595 931 56
601 640 408
681 691 49
351 853 137
113 729 8
540 629 77
47 699 0
766 848 142
296 897 127
99 736 95
264 931 233
47 697 10
501 809 476
97 779 90
627 745 36
141 376 124
198 989 21
271 694 104
421 597 294
516 641 269
345 564 104
803 871 96
308 527 241
257 946 4
688 834 436
523 691 388
93 438 14
737 901 66
41 967 0
505 554 34
624 661 441
127 746 124
217 937 156
288 553 41
769 776 600
154 421 65
325 875 88
921 956 354
25 35 16
241 466 228
476 841 344
200 473 15
11 619 0
281 769 169
681 999 340
254 583 26
93 718 81
71 241 6
12 289 9
126 979 110
925 993 796
205 403 172
113 933 0
625 737 540
332 961 90
101 949 75
101 543 28
368 859 261
359 531 288
719 945 72
841 986 684
335 943 192
521 945 457
81 954 30
232 513 130
269 273 84
56 375 55
61 62 0
417 833 28
706 741 167
168 559 154
777 861 618
519 831 130
351 435 201
518 751 204
185 873 138
733 877 444
265 985 149
484 561 30
671 943 492
49 571 48
687 769 613
873 977 268
399 623 292
76 513 42
85 552 62
111 855 104
178 947 65
296 851 111
386 620 157
675 736 372
63 702 59
367 771 256
282 297 1
6 809 2
89 617 45
389 801 270
629 841 132
211 629 8
107 645 36
850 893 11
421 481 54
329 704 255
461 763 408
401 843 212
283 729 64
783 795 246
81 373 17
221 599 144
311 546 184
185 355 81
101 737 58
316 781 271
429 966 0
191 345 128
263 745 152
445 701 344
81 817 38
1 389 0
573 617 171
635 850 277
413 531 114
383 827 270
497 770 216
149 866 90
813 849 178
25 677 14
353 981 291
469 501 4
77 684 56
385 809 348
51 593 12
516 671 429
71 924 6
249 753 88
551 728 330
48 571 44
301 920 100
655 673 30
51 331 28
985 601
