100 101
31 73 2
1 7 0
37 68 28
17 49 0
7 99 4
90 96 16
21 63 4
29 46 0
22 65 12
86 97 78
1 13 0
38 81 15
60 100 0
23 49 20
81 85 8
11 91 0
85 96 52
77 81 18
13 53 0
48 85 12
5 10 0
48 71 28
45 86 6
65 95 50
79 97 55
2 100 2
1 45 0
23 39 13
85 97 62
31 79 24
17 69 6
33 89 11
5 99 0
23 80 12
1 89 0
8 69 0
66 71 31
70 89 36
27 70 20
57 76 54
1 93 0
85 98 5
14 35 5
31 53 16
15 71 12
16 19 2
41 97 36
19 73 4
13 70 8
19 97 8
41 73 15
19 29 4
36 79 10
37 79 8
11 49 11
11 87 8
21 61 21
76 99 74
42 57 0
66 76 65
1 56 0
33 51 2
76 81 11
17 87 12
53 85 38
1 61 0
51 53 14
53 77 27
13 61 0
9 58 5
33 41 12
18 82 15
45 61 4
1 99 0
63 81 4
17 32 8
13 81 2
83 97 42
10 28 3
5 33 1
68 86 55
81 87 30
34 89 26
82 86 54
51 67 46
71 85 43
1 80 0
9 59 0
1 77 1
5 26 5
37 73 0
1 21 0
41 45 13
21 51 9
43 51 16
53 66 36
85 88 42
25 45 7
48 61 31
46 78 18
25 29 8
51 69
