999
111100001110001100010110110011010000000100100100000000001100111000011010000001100011001100010110000100010101010011001000010111111010011111111001111110111101011000111101110010111101100001101111011011010010111111000111010010000001000110101011111100101101101101001010111110010101110100001100001111000001110011000011101010111010010000111101011000100001001110100101011011101010100111111100100100011010001110111000011100110001101011110001100110111000111101011011001101010000110110001000111011011001000010111001000111001110111010000111100011001110100010001010010000111001100000101110000010000110011110101001111101101100100100110011011100111011100000111101100111100110111110110010101000101010110011000010010010101111011101001111010010100010010101001001111001100110100010011101110100100001010011000010111001011010011000111001110110101100110000111000010110111111111001111100011101000000100100110000010111011000100101000100001001000101110000000110000101100100010111101101010010110101000100011011011000100111011
1
2
3
4
4
6
7
8
8
9
11
12
13
14
15
16
16
18
19
19
20
22
23
23
25
26
27
28
28
30
31
32
33
34
35
34
36
38
39
40
41
42
42
43
45
46
47
48
49
50
48
50
53
52
54
56
57
57
57
60
61
62
62
64
65
65
67
66
69
69
70
72
73
72
74
76
77
75
76
80
81
79
83
83
85
86
84
88
88
90
91
92
93
93
94
96
97
98
99
100
101
102
102
104
105
106
107
108
109
110
111
110
112
114
113
116
116
118
118
118
121
121
123
124
125
122
127
127
129
130
130
132
133
132
134
135
137
136
139
140
141
142
142
142
145
146
146
148
149
150
151
152
151
154
155
156
157
156
159
160
160
162
163
163
161
166
167
168
169
168
171
172
172
174
174
176
174
176
179
179
181
181
180
184
185
186
185
188
189
190
190
192
192
193
195
196
197
197
199
200
201
202
203
204
205
206
207
208
209
210
210
212
213
213
215
216
217
218
219
219
221
222
223
223
225
226
225
228
229
230
230
232
233
232
234
233
237
238
239
240
241
241
243
243
244
246
247
248
246
250
251
252
253
254
251
256
254
256
259
260
260
261
263
264
264
266
266
267
269
270
270
272
272
272
275
276
277
276
279
280
281
281
283
284
284
286
285
286
289
289
291
291
293
294
294
296
295
296
298
299
299
301
302
302
303
304
307
305
309
310
311
309
312
314
315
315
316
316
319
319
321
321
323
323
323
326
327
328
329
330
331
330
332
334
335
336
337
336
338
339
341
342
342
342
345
344
345
347
349
350
351
351
350
353
354
356
356
358
357
358
361
362
363
363
365
366
367
368
367
369
371
372
372
374
375
375
376
378
379
379
381
382
383
384
383
385
387
388
388
389
390
392
393
393
395
396
397
398
399
400
399
402
402
401
404
406
407
407
407
410
410
405
411
414
414
415
417
416
419
420
421
422
423
423
425
424
425
428
428
430
430
431
433
434
435
436
437
438
439
437
441
442
443
443
445
445
446
447
449
450
451
452
452
454
454
456
457
458
458
459
461
461
463
462
465
463
466
468
467
470
471
472
473
473
474
476
477
477
479
480
480
481
483
483
484
485
487
487
487
490
490
489
492
493
495
496
497
497
19
294
294
294
294
19
19
294
239
19
294
294
294
259
203
294
294
294
294
294
259
259
294
294
294
294
294
294
19
19
294
19
259
294
294
294
294
294
19
294
19
203
294
294
19
19
294
19
294
19
462
294
294
462
294
19
19
19
19
294
294
294
294
19
294
294
19
294
294
19
294
294
19
259
259
294
294
294
259
294
294
294
294
294
294
294
19
294
294
19
294
294
294
19
294
294
294
294
294
19
294
19
19
294
19
294
294
294
294
294
462
294
259
294
294
294
294
19
19
294
294
19
294
19
19
19
259
294
294
294
19
294
259
19
294
19
19
19
294
259
294
19
19
294
294
294
294
259
19
294
259
294
294
294
294
294
19
294
294
294
294
19
294
294
19
294
294
19
294
294
19
294
19
294
294
259
294
294
19
259
294
294
294
19
19
294
294
294
19
19
259
294
462
294
294
462
294
294
19
19
294
19
19
19
294
259
294
19
19
259
294
294
19
259
19
19
294
19
294
19
294
294
19
294
19
294
19
294
294
294
259
294
294
19
294
294
259
294
294
294
294
19
294
294
294
19
294
294
294
294
294
294
294
294
259
294
294
19
294
294
19
294
259
259
294
19
19
19
19
259
294
19
294
294
294
294
294
294
259
294
294
294
19
19
294
19
259
19
294
19
19
294
462
294
294
294
19
294
239
259
19
462
19
294
294
259
294
294
294
294
19
294
462
294
19
19
294
294
294
294
19
294
294
294
294
294
259
294
203
294
294
294
294
294
203
294
294
259
294
19
259
294
294
294
294
294
294
19
19
19
19
294
294
259
294
294
294
294
294
203
294
294
19
19
294
294
19
294
462
294
294
294
19
259
294
294
19
259
294
294
294
19
19
462
294
294
462
294
294
19
462
294
294
294
19
19
294
19
294
294
19
19
259
294
19
294
294
294
19
294
19
19
294
294
19
259
294
294
294
294
294
294
294
294
294
19
19
294
294
19
19
294
259
294
294
294
294
294
294
294
294
294
19
294
294
294
294
259
294
19
19
19
19
259
294
294
19
19
19
294
19
294
19
294
294
294
294
294
294
462
294
294
294
294
294
294
294
259
259
294
294
294
19
294
259
19
19
294
294
294
294
294
294
19
294
19
294
294
259
259
