50
342924743 822205542
249104261 188181615
505320986 10619070
644597554 463917234
168546443 166145449
234788901 193353173
492474940 431761760
174366091 26756186
138261806 506663933
1339860 221678760
107631258 319076496
124407409 916854845
124568744 872784663
443120280 238926200
19368874 32232955
254873962 107399964
66917127 385192912
67754044 65708880
154441992 108966066
186222778 143905111
8352057 478002281
387970775 271101783
452114504 87242547
116938882 144702621
17587923 447280802
435881051 499901267
129456212 483247127
457799603 358792730
66246315 438161917
551087009 476862348
534889995 153415486
130011447 333889523
285166528 65809142
92278203 655283573
62016510 28210494
30655251 132128077
181161525 711101361
71871215 78375971
342323762 92036112
135679831 938087603
292704519 725302725
16646836 881681166
631621248 410937021
62413285 718301537
152477083 359249316
291634262 13280962
447060964 258945520
227581519 238804960
938965998 423799330
2751648 6174788

