2500 5000 1000000000
1 2 3413
2 3 26097
3 4 12324
3 5 5333
5 6 6567
1 7 21248
1 8 1839
3 9 21477
5 10 12384
4 11 14837
6 12 26075
12 13 19046
5 14 794
3 15 3635
14 16 14234
5 17 1124
6 18 27456
18 19 18831
6 20 16886
3 21 22687
20 22 661
20 23 18644
1 24 25863
3 25 11531
16 26 2989
6 27 30784
18 28 11262
2 29 2897
22 30 10865
20 31 20484
16 32 11677
4 33 1356
33 34 27807
30 35 8392
22 36 15549
2 37 27021
18 38 8777
37 39 12325
7 40 26823
12 41 18391
37 42 1618
42 43 9513
16 44 20027
4 45 17828
5 46 14068
30 47 17623
46 48 14124
32 49 17055
14 50 32316
25 51 32421
23 52 3010
44 53 19751
2 54 27275
45 55 18684
27 56 4791
37 57 26322
6 58 14103
11 59 19899
38 60 474
39 61 6376
14 62 1129
20 63 26291
20 64 24207
64 65 22755
61 66 24797
56 67 27180
54 68 11853
51 69 15606
44 70 8485
18 71 18272
71 72 30494
39 73 131
3 74 2246
35 75 29435
3 76 4131
45 77 22692
67 78 17049
9 79 9121
29 80 16909
30 81 6307
31 82 10571
38 83 24167
65 84 14245
2 85 9857
13 86 24541
73 87 21337
48 88 15942
65 89 16243
7 90 14885
64 91 2547
15 92 22109
38 93 3168
69 94 30028
63 95 23976
8 96 5104
47 97 1636
43 98 16462
96 99 19038
3 100 20244
83 101 11088
92 102 5245
18 103 2287
16 104 9333
68 105 552
100 106 24062
50 107 31658
56 108 17874
62 109 28580
48 110 29769
38 111 27344
33 112 6782
13 113 23216
108 114 25261
30 115 4376
27 116 12256
47 117 8428
88 118 203
82 119 30763
73 120 31220
56 121 23340
50 122 23319
83 123 9512
102 124 25544
91 125 29177
109 126 27482
77 127 5409
32 128 12288
16 129 526
89 130 8498
71 131 2461
125 132 10578
37 133 4316
45 134 14992
12 135 9492
57 136 8971
92 137 4359
135 138 27704
50 139 22390
101 140 18824
112 141 14054
28 142 23109
96 143 6820
70 144 17085
128 145 7431
136 146 24739
80 147 32501
56 148 7858
114 149 14504
42 150 11155
121 151 1970
125 152 6145
64 153 7743
18 154 8235
74 155 22427
71 156 9306
43 157 5620
7 158 5331
142 159 11616
28 160 21759
99 161 34
78 162 22985
114 163 12329
18 164 1864
129 165 2521
37 166 4510
86 167 3086
164 168 25888
54 169 12638
35 170 22967
4 171 24223
131 172 13701
56 173 6825
110 174 17100
54 175 29533
95 176 32012
100 177 13287
15 178 6508
118 179 20543
100 180 28251
39 181 10742
119 182 32375
107 183 4655
15 184 10926
75 185 11500
9 186 20387
140 187 6539
1 188 21075
97 189 1168
183 190 24568
119 191 1700
143 192 25902
41 193 29918
139 194 84
193 195 1602
116 196 29493
143 197 29319
71 198 22503
167 199 28190
113 200 7412
18 201 10095
54 202 3256
143 203 10598
192 204 25610
91 205 18222
78 206 15391
60 207 30012
45 208 19370
107 209 13200
126 210 17224
44 211 27959
147 212 18716
38 213 28949
92 214 22454
142 215 26593
7 216 1082
113 217 27505
24 218 28606
62 219 9016
94 220 26611
93 221 2573
26 222 31496
186 223 16685
15 224 715
33 225 5252
117 226 27410
55 227 5160
193 228 14169
204 229 26407
126 230 2988
174 231 15234
116 232 15560
96 233 30585
52 234 11133
18 235 4105
232 236 28502
112 237 10420
40 238 5244
144 239 24704
5 240 28888
19 241 28738
132 242 21624
219 243 32284
158 244 6452
32 245 19013
88 246 21905
128 247 6408
70 248 14053
192 249 32272
100 250 18108
182 251 27874
182 252 8059
67 253 12971
233 254 21571
128 255 15676
18 256 4120
11 257 21331
196 258 12355
63 259 8732
66 260 24052
194 261 17399
71 262 27436
205 263 9340
235 264 30426
201 265 26044
177 266 7237
112 267 10954
151 268 12713
84 269 27515
142 270 23077
187 271 13673
179 272 28372
31 273 32318
145 274 827
116 275 27439
161 276 2275
140 277 12742
84 278 22086
20 279 30181
24 280 5360
138 281 18696
226 282 23262
17 283 11978
159 284 29482
139 285 19115
44 286 6634
187 287 6928
82 288 12117
231 289 25995
244 290 9767
67 291 14429
186 292 12615
115 293 9529
101 294 29863
286 295 6475
219 296 15724
179 297 30329
61 298 1360
121 299 20969
205 300 17732
265 301 31683
232 302 23385
273 303 13368
167 304 2016
204 305 12739
182 306 17872
145 307 23726
12 308 617
178 309 25561
207 310 30743
251 311 3767
21 312 12441
102 313 28825
260 314 29282
165 315 24879
173 316 7488
274 317 24139
299 318 14907
303 319 15081
139 320 17088
117 321 16237
286 322 25343
259 323 7979
172 324 15249
275 325 26412
112 326 26206
61 327 18991
123 328 17086
96 329 28143
199 330 19678
171 331 7588
110 332 1126
149 333 1484
116 334 9816
81 335 23851
306 336 15931
108 337 7953
210 338 21114
301 339 15067
45 340 12295
138 341 23740
259 342 6467
48 343 13246
246 344 23586
28 345 22787
218 346 5002
122 347 15441
229 348 6141
239 349 14798
55 350 25464
65 351 15623
101 352 27803
278 353 5431
3 354 15625
342 355 24263
322 356 18194
300 357 9745
106 358 16016
337 359 10089
302 360 30990
304 361 20574
34 362 6448
325 363 26173
138 364 2383
67 365 30167
69 366 2403
196 367 28804
46 368 21542
253 369 6760
85 370 8054
66 371 11765
25 372 31739
285 373 22705
152 374 22539
352 375 30010
200 376 10698
340 377 9863
207 378 1174
266 379 14448
102 380 7586
350 381 26993
228 382 992
158 383 427
155 384 3877
41 385 23339
286 386 19080
112 387 16239
288 388 24075
56 389 15910
222 390 15229
43 391 24888
128 392 4766
297 393 25094
56 394 20613
217 395 17395
42 396 11839
20 397 30755
337 398 4793
6 399 28291
98 400 19423
82 401 14345
136 402 25350
248 403 7741
159 404 4231
210 405 21496
227 406 4781
300 407 9067
214 408 27602
223 409 15716
94 410 19396
347 411 3533
18 412 10350
312 413 14709
217 414 18868
387 415 10516
262 416 19614
366 417 17801
48 418 25017
227 419 18789
384 420 19130
362 421 19373
312 422 23397
422 423 26588
389 424 429
149 425 10024
275 426 6429
388 427 3846
301 428 3446
410 429 30960
291 430 4250
345 431 5990
34 432 26536
408 433 19507
240 434 4969
248 435 13297
42 436 22507
381 437 2767
256 438 26475
127 439 20114
281 440 13432
236 441 16858
441 442 12118
439 443 13479
317 444 29345
263 445 13851
63 446 9010
166 447 4994
283 448 1863
422 449 18575
419 450 6365
53 451 17640
150 452 5985
50 453 10982
72 454 23688
166 455 27541
251 456 30844
91 457 25603
121 458 22840
165 459 24503
27 460 309
43 461 9343
101 462 4422
203 463 27503
59 464 10688
225 465 27430
322 466 26335
79 467 22355
399 468 31845
442 469 31096
47 470 13444
147 471 18158
275 472 22014
299 473 6186
62 474 13707
15 475 25918
212 476 30331
277 477 11170
15 478 16028
89 479 24885
59 480 24926
336 481 6271
202 482 17973
420 483 14905
7 484 3647
169 485 30735
164 486 15655
111 487 23716
329 488 26953
235 489 7383
120 490 14103
420 491 3653
9 492 9147
486 493 26382
13 494 25342
302 495 10973
58 496 21608
27 497 26914
190 498 21416
27 499 12450
151 500 26679
262 501 23602
20 502 6201
273 503 7359
387 504 25252
316 505 25746
61 506 9379
23 507 6098
111 508 28221
45 509 9803
333 510 2610
52 511 29293
373 512 15653
364 513 10648
189 514 0
458 515 29079
269 516 14741
286 517 3946
414 518 15233
392 519 27464
414 520 1622
214 521 5604
79 522 6393
373 523 13040
282 524 20296
95 525 27871
477 526 5120
192 527 22000
359 528 27102
297 529 23144
95 530 4101
500 531 10270
187 532 17824
96 533 12093
49 534 28872
31 535 8262
196 536 11432
400 537 2900
384 538 735
473 539 1188
346 540 21541
436 541 29268
116 542 13362
54 543 26475
478 544 15580
538 545 12314
396 546 7295
26 547 29506
469 548 25505
353 549 3381
160 550 21974
157 551 1985
6 552 16866
171 553 21355
129 554 9502
159 555 9720
184 556 7709
87 557 8754
316 558 29326
489 559 11496
184 560 11364
456 561 4919
420 562 4661
487 563 26120
316 564 32480
544 565 11994
369 566 23667
269 567 25026
308 568 17996
94 569 12463
112 570 5758
196 571 9203
303 572 25206
57 573 7167
498 574 10974
326 575 8302
231 576 17089
122 577 8262
480 578 12784
550 579 1914
535 580 5797
226 581 19891
305 582 19047
503 583 25167
268 584 20013
186 585 6570
50 586 16838
385 587 32669
71 588 27256
89 589 13125
164 590 3304
512 591 12294
282 592 7737
282 593 10191
446 594 4216
21 595 21151
174 596 15928
386 597 22344
376 598 14713
76 599 12659
599 600 463
222 601 14564
354 602 26048
165 603 11775
301 604 4973
40 605 28555
175 606 7285
292 607 15799
53 608 28950
77 609 11866
205 610 5781
71 611 13951
312 612 7392
337 613 27937
310 614 6003
567 615 27443
369 616 7544
51 617 27876
254 618 5426
151 619 6176
51 620 20123
577 621 3162
309 622 12620
382 623 8073
261 624 414
397 625 27760
92 626 271
36 627 5667
401 628 28135
359 629 25799
244 630 9755
311 631 8089
510 632 29041
81 633 18482
309 634 14053
582 635 6921
296 636 8523
289 637 31033
55 638 30519
577 639 8068
351 640 10778
338 641 20120
1 642 24749
147 643 18578
369 644 147
375 645 18369
426 646 31546
373 647 21164
630 648 25090
39 649 4438
396 650 1441
21 651 1984
538 652 9414
327 653 22960
188 654 28156
147 655 31665
542 656 22737
580 657 30043
189 658 6712
658 659 6356
554 660 14381
390 661 21399
553 662 151
522 663 31860
628 664 26482
253 665 17112
353 666 4141
504 667 9039
52 668 1617
340 669 1351
331 670 26980
438 671 26135
421 672 4109
585 673 13632
103 674 26233
482 675 17906
315 676 3068
23 677 31186
170 678 29692
93 679 2298
394 680 3595
109 681 2881
426 682 14675
50 683 9917
345 684 1847
392 685 1927
628 686 4407
463 687 1214
567 688 26132
332 689 5839
23 690 21045
176 691 755
673 692 1866
619 693 24569
686 694 26415
11 695 22597
261 696 30227
100 697 19737
96 698 14297
125 699 16147
95 700 31934
650 701 8183
226 702 24893
683 703 29103
364 704 1328
499 705 22160
206 706 15927
202 707 30431
493 708 18781
526 709 24468
221 710 16377
71 711 15965
603 712 21459
437 713 7910
203 714 5768
684 715 3416
673 716 20528
23 717 16928
581 718 10557
53 719 15089
459 720 11174
342 721 25868
4 722 24390
515 723 15551
44 724 1407
551 725 1579
684 726 14370
449 727 843
681 728 28563
118 729 19250
460 730 13352
661 731 9876
655 732 32467
530 733 5512
156 734 3329
278 735 25228
496 736 11201
79 737 26314
130 738 15913
169 739 25498
170 740 757
202 741 5447
165 742 23922
718 743 25366
733 744 9627
495 745 20612
144 746 17281
416 747 5072
12 748 6640
460 749 30137
326 750 1103
586 751 24201
160 752 27592
579 753 13394
547 754 14249
23 755 28280
455 756 7434
224 757 623
501 758 4529
67 759 3526
514 760 26162
361 761 24933
232 762 19290
541 763 21011
468 764 18126
188 765 29243
465 766 23280
541 767 6383
280 768 26114
349 769 23085
438 770 31886
63 771 21601
706 772 17157
413 773 30508
397 774 2726
123 775 10084
458 776 13729
643 777 25692
715 778 9853
19 779 21093
110 780 16055
663 781 20116
26 782 12460
646 783 28614
344 784 10424
210 785 6370
456 786 4512
22 787 94
144 788 30765
20 789 20741
184 790 21018
541 791 18423
289 792 11313
55 793 29681
415 794 944
782 795 31182
401 796 20209
321 797 590
418 798 31050
353 799 13591
182 800 22067
125 801 25849
595 802 20390
447 803 20854
466 804 21452
658 805 8578
683 806 17877
445 807 31623
608 808 30247
130 809 24236
788 810 26044
552 811 8535
786 812 22725
77 813 14576
346 814 31892
173 815 12009
447 816 9400
180 817 26363
27 818 25450
163 819 6834
442 820 296
2 821 11819
229 822 6047
792 823 16925
530 824 21454
607 825 10006
659 826 9065
677 827 5639
768 828 20859
759 829 20995
163 830 22096
37 831 5956
182 832 24210
207 833 31599
109 834 19890
249 835 8984
45 836 16265
781 837 28809
89 838 19776
6 839 4031
131 840 6509
787 841 950
501 842 26494
550 843 6375
559 844 16987
533 845 24846
279 846 30279
800 847 7216
280 848 25095
71 849 13021
175 850 25415
435 851 9651
41 852 25145
43 853 5667
85 854 16511
350 855 19576
604 856 12107
113 857 24340
19 858 12485
484 859 24317
156 860 18605
292 861 11673
495 862 8257
193 863 24502
226 864 8545
564 865 20941
464 866 19697
452 867 20872
631 868 20607
803 869 129
799 870 7973
804 871 21581
57 872 4529
183 873 22457
778 874 20996
826 875 4435
834 876 5560
291 877 13101
169 878 27654
100 879 30685
47 880 8934
61 881 20680
270 882 1911
100 883 18849
296 884 1442
357 885 17708
82 886 27386
241 887 30536
591 888 20711
741 889 16428
572 890 29188
413 891 19697
858 892 28357
216 893 8529
618 894 17757
438 895 28334
23 896 223
139 897 23637
303 898 25507
691 899 9477
139 900 4331
418 901 11691
721 902 31174
734 903 31088
160 904 4405
52 905 7925
619 906 2957
549 907 8925
567 908 11548
595 909 23437
802 910 27663
405 911 16943
657 912 27027
245 913 21757
390 914 1595
68 915 28348
694 916 5538
546 917 14214
348 918 30033
914 919 4813
624 920 2787
916 921 11933
784 922 28007
240 923 6177
268 924 15877
73 925 31081
623 926 29669
116 927 25706
913 928 8012
852 929 20295
788 930 26632
666 931 9679
726 932 19215
497 933 5190
664 934 23395
12 935 28520
391 936 2616
12 937 23979
677 938 14937
635 939 9669
485 940 8904
106 941 18030
737 942 17572
737 943 15207
11 944 30800
784 945 5051
833 946 21970
782 947 15685
653 948 31865
849 949 10610
378 950 32195
350 951 12104
104 952 28541
77 953 20135
353 954 26924
650 955 14543
903 956 28844
89 957 16931
522 958 6679
225 959 8493
788 960 24297
208 961 7905
565 962 28769
955 963 7206
11 964 2346
557 965 4242
92 966 570
909 967 26229
287 968 12027
150 969 22554
396 970 17576
42 971 12873
382 972 20730
186 973 8208
12 974 1029
843 975 25540
74 976 20828
124 977 8514
58 978 11388
247 979 7546
273 980 25704
631 981 5935
577 982 25232
455 983 7416
756 984 20727
112 985 1163
409 986 27541
248 987 26426
225 988 251
963 989 18366
389 990 26165
659 991 17716
323 992 25076
734 993 32613
346 994 21229
764 995 4170
195 996 5500
743 997 16080
765 998 27789
980 999 20184
429 1000 29116
66 1001 4738
147 1002 20667
871 1003 8363
290 1004 20980
314 1005 21684
115 1006 30832
328 1007 31621
909 1008 14072
203 1009 20946
439 1010 122
103 1011 14237
609 1012 14254
898 1013 15613
803 1014 16888
61 1015 27677
3 1016 16785
749 1017 29831
114 1018 15074
382 1019 7075
880 1020 10544
543 1021 5754
967 1022 18046
832 1023 12480
757 1024 2735
990 1025 25874
987 1026 9708
606 1027 19068
249 1028 31301
208 1029 31550
979 1030 22683
303 1031 22736
546 1032 1213
505 1033 20771
123 1034 17617
406 1035 2346
823 1036 32758
1027 1037 4249
867 1038 12327
680 1039 749
359 1040 11106
1020 1041 14764
852 1042 2058
492 1043 29678
78 1044 8331
408 1045 5916
150 1046 31292
1018 1047 27896
755 1048 5001
261 1049 733
354 1050 23889
944 1051 3656
363 1052 25485
665 1053 31384
391 1054 26931
296 1055 1042
819 1056 31578
848 1057 1064
604 1058 16286
546 1059 21243
549 1060 454
723 1061 25118
263 1062 17572
318 1063 29853
836 1064 23101
418 1065 6206
41 1066 18218
868 1067 17414
328 1068 30014
150 1069 16383
799 1070 31081
861 1071 14905
487 1072 28892
944 1073 11535
673 1074 14702
825 1075 31403
843 1076 2367
236 1077 25037
449 1078 10651
42 1079 12231
908 1080 22817
31 1081 21453
2 1082 6436
311 1083 14187
262 1084 27217
490 1085 87
197 1086 15506
738 1087 8041
213 1088 5683
436 1089 20712
214 1090 13892
744 1091 29191
102 1092 13886
968 1093 20399
824 1094 28393
252 1095 21119
238 1096 9340
365 1097 11282
719 1098 15878
1022 1099 27008
679 1100 3086
1044 1101 3879
1071 1102 25206
366 1103 8619
620 1104 2470
805 1105 16443
443 1106 19174
365 1107 13334
214 1108 7178
75 1109 6478
1005 1110 11861
137 1111 1228
826 1112 25752
1011 1113 19349
423 1114 29850
308 1115 20300
267 1116 14268
505 1117 29687
343 1118 28381
400 1119 8966
258 1120 32124
939 1121 32657
370 1122 24604
949 1123 12257
338 1124 25069
1040 1125 24626
787 1126 21928
923 1127 25271
979 1128 21947
730 1129 4319
865 1130 20390
48 1131 20951
1043 1132 24229
124 1133 27216
961 1134 14735
277 1135 31106
727 1136 14334
589 1137 18288
614 1138 12976
168 1139 18542
374 1140 17197
1052 1141 31201
206 1142 9898
998 1143 31815
904 1144 18478
706 1145 3703
1106 1146 13811
303 1147 20009
988 1148 1551
1026 1149 25016
714 1150 28243
1116 1151 28455
496 1152 4980
724 1153 1123
583 1154 21352
1000 1155 21703
330 1156 3859
210 1157 28645
71 1158 14115
561 1159 21892
19 1160 8249
442 1161 2789
731 1162 25161
560 1163 5451
62 1164 18243
599 1165 32185
857 1166 3315
529 1167 16894
502 1168 32294
23 1169 22255
43 1170 9998
394 1171 8180
845 1172 10471
230 1173 32710
526 1174 28891
775 1175 26230
215 1176 22051
1034 1177 178
858 1178 25456
377 1179 27716
219 1180 20361
1038 1181 5595
158 1182 26933
57 1183 9230
910 1184 31323
943 1185 5022
1144 1186 26216
193 1187 26875
480 1188 2033
926 1189 6922
1100 1190 4506
126 1191 6950
595 1192 30262
676 1193 7781
116 1194 7215
261 1195 3100
467 1196 24616
103 1197 13733
752 1198 10978
621 1199 15199
332 1200 7772
820 1201 17143
814 1202 7743
1078 1203 25318
317 1204 14200
460 1205 26427
212 1206 11047
792 1207 21403
952 1208 8376
405 1209 18054
967 1210 17231
414 1211 8667
938 1212 20074
559 1213 7327
776 1214 19906
10 1215 8698
1032 1216 5234
637 1217 8578
1121 1218 12122
928 1219 13501
57 1220 22214
272 1221 15840
1100 1222 9035
78 1223 25565
132 1224 2546
704 1225 3997
183 1226 25497
1134 1227 20106
162 1228 917
330 1229 15953
122 1230 8604
909 1231 26086
162 1232 6883
594 1233 8136
363 1234 20099
431 1235 31110
1098 1236 6433
963 1237 11394
480 1238 13262
978 1239 5109
530 1240 31276
738 1241 17459
99 1242 23506
488 1243 10033
404 1244 31986
1231 1245 16964
549 1246 19001
243 1247 2347
1106 1248 1015
1149 1249 25168
647 1250 1152
555 1251 16459
811 1252 17874
789 1253 29864
155 1254 27256
283 1255 8170
103 1256 19886
342 1257 25295
784 1258 24261
629 1259 13526
56 1260 19401
1087 1261 1023
810 1262 16226
729 1263 466
787 1264 13816
275 1265 16802
1144 1266 11802
910 1267 3091
953 1268 14369
837 1269 3034
463 1270 10512
1142 1271 14276
966 1272 29887
90 1273 7674
321 1274 29497
1005 1275 29827
304 1276 5474
1222 1277 4874
760 1278 19677
1079 1279 14818
1243 1280 11052
1263 1281 19015
1024 1282 31769
1251 1283 21479
549 1284 24405
215 1285 7073
728 1286 9568
1262 1287 32652
1176 1288 29608
70 1289 23611
87 1290 29685
90 1291 22335
1200 1292 4868
411 1293 13038
1068 1294 4722
220 1295 3939
272 1296 29149
1014 1297 15558
906 1298 29509
1168 1299 718
513 1300 16056
549 1301 387
246 1302 26926
768 1303 3913
1280 1304 25266
1100 1305 14362
130 1306 4034
387 1307 16915
1175 1308 4601
18 1309 23346
183 1310 1003
201 1311 21598
145 1312 11345
147 1313 3495
118 1314 27750
1285 1315 30672
832 1316 28048
1172 1317 20234
269 1318 21059
825 1319 29443
1131 1320 28194
745 1321 31
578 1322 18792
514 1323 3589
1087 1324 29575
916 1325 14174
476 1326 26895
1055 1327 20185
1285 1328 4304
684 1329 25971
327 1330 5187
334 1331 1525
1154 1332 5926
295 1333 18878
48 1334 4711
640 1335 10946
176 1336 22083
104 1337 14035
721 1338 30639
946 1339 2080
1192 1340 11511
1213 1341 9979
917 1342 23973
519 1343 14559
555 1344 27044
297 1345 8369
315 1346 27557
377 1347 29766
1309 1348 31426
1204 1349 27430
19 1350 12129
619 1351 10895
219 1352 28508
86 1353 4797
697 1354 17759
719 1355 29033
1269 1356 18321
1080 1357 15760
32 1358 20854
932 1359 16501
502 1360 5396
739 1361 20457
685 1362 18260
83 1363 32202
79 1364 27564
587 1365 24778
1003 1366 763
495 1367 23153
567 1368 8628
742 1369 32358
432 1370 12607
935 1371 32490
1070 1372 24732
674 1373 17061
416 1374 2122
1311 1375 1957
393 1376 1383
914 1377 14244
637 1378 20504
1302 1379 20873
1126 1380 20779
733 1381 3122
164 1382 15099
989 1383 5745
799 1384 27028
470 1385 6228
568 1386 3608
1056 1387 22954
375 1388 10594
570 1389 12738
1296 1390 6632
131 1391 9334
893 1392 16614
317 1393 20584
409 1394 697
951 1395 4748
409 1396 9864
910 1397 743
748 1398 22826
760 1399 11926
1204 1400 22340
766 1401 13073
955 1402 690
834 1403 7857
847 1404 26409
1333 1405 14960
143 1406 29210
375 1407 8433
204 1408 25049
1069 1409 18112
524 1410 12286
559 1411 22490
989 1412 31500
269 1413 3696
940 1414 13136
155 1415 26344
1151 1416 3852
1287 1417 21797
1140 1418 2517
1372 1419 24328
145 1420 29498
874 1421 16438
1350 1422 20646
937 1423 31516
1347 1424 5768
329 1425 31537
1232 1426 31920
866 1427 11387
1392 1428 29180
1327 1429 11349
1106 1430 29493
345 1431 30575
1188 1432 18740
1273 1433 14614
97 1434 29257
913 1435 8118
338 1436 15069
998 1437 23197
1025 1438 18773
616 1439 9473
411 1440 8506
186 1441 581
310 1442 24983
550 1443 3960
433 1444 17059
1419 1445 3615
1387 1446 5792
341 1447 3124
1081 1448 20995
195 1449 19822
640 1450 24277
32 1451 22979
1326 1452 16217
773 1453 21804
139 1454 17391
273 1455 1192
916 1456 22584
968 1457 9347
951 1458 11131
815 1459 29656
432 1460 14408
778 1461 6485
667 1462 28507
882 1463 17726
132 1464 2498
726 1465 13492
687 1466 17987
1135 1467 31288
339 1468 5624
662 1469 12139
786 1470 31804
1253 1471 29719
869 1472 9675
570 1473 24179
790 1474 31524
1161 1475 16547
949 1476 12850
99 1477 26495
195 1478 9004
84 1479 13973
165 1480 25786
673 1481 17777
770 1482 29529
391 1483 25116
557 1484 26624
1114 1485 7394
807 1486 516
301 1487 16728
1264 1488 2105
1160 1489 24734
67 1490 17754
1285 1491 20706
459 1492 9130
1075 1493 17957
702 1494 11228
1288 1495 26690
648 1496 27440
1389 1497 2604
343 1498 1248
959 1499 26231
1104 1500 29370
332 1501 1306
293 1502 14606
640 1503 11891
1211 1504 4554
1260 1505 3979
1128 1506 21220
1139 1507 29596
1491 1508 5112
298 1509 14032
247 1510 22323
932 1511 22092
593 1512 14703
1297 1513 16749
1142 1514 28063
610 1515 20561
1446 1516 1902
1061 1517 922
1115 1518 22819
399 1519 29038
202 1520 26824
267 1521 962
932 1522 16523
124 1523 27609
918 1524 7780
1491 1525 28423
169 1526 18168
886 1527 28859
1155 1528 32702
1478 1529 23997
1509 1530 29792
305 1531 23731
262 1532 2916
1156 1533 26602
779 1534 28171
694 1535 13395
206 1536 18297
144 1537 2508
836 1538 32535
1250 1539 28833
1299 1540 29238
15 1541 22611
1141 1542 28917
1139 1543 7064
1164 1544 612
636 1545 1442
142 1546 13289
656 1547 15524
856 1548 30691
1058 1549 13715
1238 1550 22414
104 1551 5418
848 1552 31783
160 1553 8752
669 1554 21328
1364 1555 11517
414 1556 21173
381 1557 4155
173 1558 7920
494 1559 12010
935 1560 6570
1426 1561 5030
726 1562 6915
430 1563 5421
118 1564 23092
1487 1565 9244
1425 1566 18803
568 1567 9721
277 1568 26904
518 1569 374
794 1570 22013
1230 1571 16372
387 1572 5930
1570 1573 26695
368 1574 28338
957 1575 30393
1564 1576 12760
833 1577 5713
424 1578 27766
1381 1579 32597
1138 1580 21408
114 1581 7949
103 1582 19332
993 1583 27850
290 1584 1172
1464 1585 4135
1060 1586 29672
154 1587 15503
916 1588 10973
1173 1589 26111
520 1590 20995
1069 1591 13069
1284 1592 19254
736 1593 20522
1316 1594 16138
356 1595 2084
11 1596 6509
336 1597 17903
1191 1598 14727
375 1599 25508
1196 1600 22757
46 1601 27338
314 1602 28119
1583 1603 10709
1556 1604 3350
11 1605 17132
1022 1606 3754
60 1607 6127
1124 1608 31243
1560 1609 14265
436 1610 32135
1051 1611 12450
326 1612 29923
1340 1613 27720
421 1614 17221
864 1615 30864
630 1616 1106
897 1617 25063
878 1618 22675
385 1619 718
735 1620 20765
1043 1621 27797
512 1622 15985
1011 1623 19814
247 1624 26273
336 1625 30598
1491 1626 26292
965 1627 28120
172 1628 17228
971 1629 6563
345 1630 27782
626 1631 3476
1018 1632 14626
809 1633 31239
680 1634 7396
661 1635 13954
394 1636 7737
482 1637 1154
931 1638 20254
1048 1639 28539
435 1640 19774
1185 1641 28186
831 1642 3418
1333 1643 10445
150 1644 30190
192 1645 2437
1282 1646 3346
1219 1647 30907
1493 1648 15774
237 1649 27569
762 1650 30609
1105 1651 10234
1265 1652 12212
80 1653 24636
831 1654 634
294 1655 3637
1650 1656 32299
1531 1657 11772
330 1658 22593
255 1659 16009
1314 1660 4627
1336 1661 11128
1106 1662 20656
184 1663 1034
1091 1664 27662
1558 1665 9069
1354 1666 31076
136 1667 11837
91 1668 21716
1496 1669 2378
618 1670 28237
282 1671 11676
874 1672 23984
1189 1673 32180
134 1674 561
1435 1675 21
470 1676 12545
138 1677 8963
461 1678 14122
919 1679 28043
765 1680 12986
891 1681 16835
97 1682 1827
1155 1683 5203
865 1684 28898
143 1685 15668
850 1686 31839
579 1687 17848
608 1688 25620
1335 1689 22475
1438 1690 6642
818 1691 12920
1371 1692 0
883 1693 18351
964 1694 5190
709 1695 26437
1110 1696 5097
949 1697 6972
1400 1698 22935
945 1699 6469
1614 1700 31525
992 1701 28035
757 1702 27255
1192 1703 17042
1495 1704 7585
874 1705 27336
1228 1706 587
704 1707 3770
313 1708 16474
1083 1709 9474
290 1710 4045
281 1711 5952
6 1712 9700
892 1713 14431
608 1714 32136
773 1715 28698
1583 1716 32487
1572 1717 16318
70 1718 19039
407 1719 1073
26 1720 10909
638 1721 6451
1118 1722 29190
1560 1723 16868
643 1724 18261
397 1725 31366
957 1726 9606
1666 1727 6021
36 1728 4852
1351 1729 21940
153 1730 21438
506 1731 16346
1491 1732 7022
822 1733 3437
626 1734 477
1357 1735 24221
42 1736 16209
1363 1737 31125
150 1738 29673
1463 1739 27901
484 1740 32315
206 1741 15299
129 1742 9531
1199 1743 30235
671 1744 6495
270 1745 25540
1684 1746 4352
229 1747 9101
888 1748 1028
379 1749 25625
4 1750 19130
240 1751 6623
1406 1752 9221
343 1753 22132
1171 1754 26301
10 1755 9485
793 1756 25170
897 1757 4160
1091 1758 12978
975 1759 13578
284 1760 2925
619 1761 1814
570 1762 15895
300 1763 10812
1453 1764 32751
351 1765 1353
1285 1766 12989
1700 1767 29182
137 1768 13569
1221 1769 11867
1118 1770 32073
1696 1771 29469
1105 1772 1251
1579 1773 21381
1539 1774 17844
1233 1775 19035
384 1776 20328
99 1777 6195
147 1778 14284
8 1779 22255
707 1780 27255
801 1781 26245
1686 1782 7088
1090 1783 5890
650 1784 25228
899 1785 13263
1169 1786 15959
114 1787 21555
1169 1788 2869
1675 1789 5402
589 1790 10761
959 1791 8213
1740 1792 24470
1217 1793 9121
910 1794 12005
649 1795 8364
1359 1796 13030
1114 1797 12629
1334 1798 15193
59 1799 11508
185 1800 12527
105 1801 19802
788 1802 1197
1601 1803 14682
238 1804 11922
390 1805 6280
1584 1806 32633
612 1807 5184
1770 1808 19009
1802 1809 27114
1249 1810 10282
1795 1811 29309
225 1812 23682
549 1813 17218
120 1814 7042
1455 1815 19419
797 1816 14451
265 1817 5507
270 1818 32532
902 1819 1943
1798 1820 15424
1668 1821 21846
1732 1822 14796
836 1823 30949
745 1824 12719
1545 1825 24469
1388 1826 31845
193 1827 11113
1704 1828 32405
1027 1829 11731
1677 1830 6641
1088 1831 32703
138 1832 9565
144 1833 23250
296 1834 12372
1663 1835 6132
91 1836 5512
460 1837 30476
1452 1838 8393
1621 1839 5130
263 1840 19496
1716 1841 11563
115 1842 22620
280 1843 7800
1106 1844 17509
943 1845 13969
946 1846 26735
1831 1847 18600
451 1848 14328
1848 1849 8144
1842 1850 28469
303 1851 14200
697 1852 12210
322 1853 23858
565 1854 20538
724 1855 8122
428 1856 25590
259 1857 12083
463 1858 15576
892 1859 4787
1283 1860 27963
194 1861 22274
841 1862 3267
132 1863 6815
14 1864 17547
1825 1865 6916
1799 1866 26239
1191 1867 10027
1810 1868 5126
1068 1869 6993
673 1870 14309
1774 1871 18938
1091 1872 22368
1791 1873 30261
1303 1874 32417
983 1875 17185
1753 1876 19550
1332 1877 15536
456 1878 24759
718 1879 23979
1827 1880 13149
403 1881 14071
262 1882 5369
136 1883 7190
927 1884 24524
1019 1885 30960
497 1886 7058
1067 1887 13524
1003 1888 6317
1296 1889 18106
873 1890 18047
1564 1891 24267
33 1892 18712
752 1893 18723
124 1894 4625
1195 1895 28117
346 1896 183
77 1897 4655
711 1898 19821
113 1899 16192
1542 1900 17483
1438 1901 29080
1600 1902 4875
591 1903 30287
1095 1904 11814
781 1905 6473
136 1906 4410
1689 1907 2231
690 1908 24239
1206 1909 4577
389 1910 8858
1623 1911 6948
1810 1912 15585
551 1913 32566
1187 1914 13985
367 1915 11698
1379 1916 1740
1766 1917 13520
363 1918 2583
1685 1919 6259
465 1920 12819
1551 1921 6762
665 1922 12185
499 1923 22511
1806 1924 7276
43 1925 24692
282 1926 26650
1685 1927 10656
1860 1928 3107
1714 1929 1172
962 1930 19293
643 1931 30834
167 1932 151
918 1933 9760
1179 1934 16509
337 1935 6473
725 1936 21180
1613 1937 10917
386 1938 18022
303 1939 22395
737 1940 9623
43 1941 12900
568 1942 3161
492 1943 20817
608 1944 9925
1254 1945 23759
85 1946 23147
927 1947 9354
54 1948 7924
524 1949 23824
1887 1950 18950
1104 1951 27352
1826 1952 21096
352 1953 24195
1057 1954 20071
1668 1955 1633
1321 1956 12664
1813 1957 14647
399 1958 3358
278 1959 15936
1569 1960 22798
1098 1961 30321
755 1962 1682
1780 1963 11009
1280 1964 25387
1713 1965 9513
823 1966 3706
342 1967 29481
242 1968 1888
1968 1969 32395
1523 1970 5221
1433 1971 22443
1884 1972 2902
1318 1973 23159
1493 1974 15410
695 1975 4212
1543 1976 840
639 1977 29698
1908 1978 18073
1242 1979 30944
1405 1980 25219
656 1981 32242
645 1982 18849
679 1983 3138
1340 1984 23533
548 1985 1862
1852 1986 14631
857 1987 12897
1341 1988 4731
1358 1989 12203
1525 1990 16222
46 1991 23541
1015 1992 6585
1844 1993 11272
1868 1994 25929
884 1995 28462
1538 1996 17989
1837 1997 6900
1823 1998 2882
935 1999 1069
1455 2000 20053
564 2001 10554
1905 2002 12663
91 2003 29065
461 2004 14893
1248 2005 1628
1579 2006 4200
1221 2007 10444
1914 2008 9385
570 2009 10509
1842 2010 362
1072 2011 25331
1418 2012 19386
62 2013 25525
366 2014 14119
378 2015 7410
1008 2016 28896
986 2017 18673
237 2018 17947
1305 2019 25645
628 2020 2485
428 2021 24593
250 2022 32024
1331 2023 29440
1222 2024 16482
1792 2025 10648
555 2026 3524
540 2027 7480
1306 2028 17447
836 2029 29631
416 2030 1302
599 2031 3223
69 2032 27096
1371 2033 32499
1533 2034 5084
1604 2035 19796
552 2036 7259
1803 2037 29266
447 2038 10040
1223 2039 10905
323 2040 7467
543 2041 8242
70 2042 20766
708 2043 23300
667 2044 5335
250 2045 6810
640 2046 216
85 2047 32038
731 2048 29571
1922 2049 6086
1762 2050 2946
464 2051 25607
403 2052 8550
353 2053 9896
273 2054 1166
360 2055 13216
793 2056 32587
263 2057 13153
1230 2058 26177
1391 2059 19807
986 2060 14097
1306 2061 23500
337 2062 2613
1212 2063 3238
451 2064 23595
2052 2065 5108
974 2066 29141
101 2067 21325
129 2068 23584
1493 2069 6809
1552 2070 24292
1813 2071 26140
467 2072 16139
759 2073 15792
312 2074 15350
1541 2075 6481
450 2076 14364
2028 2077 28383
215 2078 21748
1205 2079 19744
18 2080 1558
2012 2081 10245
1676 2082 24477
34 2083 14894
498 2084 9167
1788 2085 8111
1697 2086 21504
691 2087 3605
504 2088 18611
136 2089 19876
421 2090 5379
464 2091 22499
429 2092 14657
1753 2093 16219
1114 2094 26847
284 2095 17563
17 2096 26508
1168 2097 15487
1125 2098 16801
332 2099 11186
1720 2100 25532
829 2101 15218
1768 2102 21930
299 2103 27539
460 2104 7307
841 2105 9671
1899 2106 2096
476 2107 5660
414 2108 28616
1957 2109 27846
18 2110 8636
745 2111 27935
511 2112 2775
2024 2113 28140
103 2114 22698
1377 2115 12002
691 2116 6959
1061 2117 10089
1088 2118 10668
25 2119 12959
16 2120 20186
115 2121 15520
360 2122 71
1360 2123 21765
1137 2124 9465
1755 2125 19114
1452 2126 12116
124 2127 13493
702 2128 3646
1149 2129 3283
2024 2130 14720
1921 2131 16069
1597 2132 23919
824 2133 20764
848 2134 27085
1774 2135 2880
1975 2136 2026
645 2137 15543
1733 2138 15374
1963 2139 2468
1415 2140 13851
332 2141 24718
316 2142 5487
685 2143 32099
439 2144 9224
2087 2145 7613
137 2146 19691
361 2147 19043
1373 2148 20934
501 2149 23059
1961 2150 980
415 2151 4479
574 2152 1025
968 2153 1173
363 2154 20047
934 2155 7427
391 2156 5240
939 2157 27131
1035 2158 11221
1679 2159 7475
1139 2160 4734
1261 2161 22833
966 2162 20403
1931 2163 13509
1311 2164 13178
380 2165 6103
877 2166 14730
45 2167 21858
1008 2168 4968
1484 2169 9921
594 2170 7632
904 2171 27690
2074 2172 17750
481 2173 22136
1989 2174 7757
112 2175 24109
741 2176 13288
792 2177 11191
2172 2178 21151
238 2179 21746
96 2180 20948
915 2181 5103
1814 2182 8375
809 2183 23284
1657 2184 6759
1968 2185 27075
1383 2186 25946
781 2187 18463
956 2188 25086
910 2189 18829
2036 2190 27808
1660 2191 32344
1807 2192 30350
415 2193 13783
1673 2194 14968
145 2195 30194
498 2196 4124
1395 2197 3043
1108 2198 8995
1730 2199 6714
1655 2200 4421
844 2201 18468
235 2202 13236
2197 2203 30188
101 2204 6072
1841 2205 6850
1199 2206 27286
685 2207 12220
14 2208 23735
27 2209 19482
1571 2210 16390
1359 2211 22222
1578 2212 26010
1303 2213 28988
313 2214 32405
759 2215 32574
456 2216 1100
1161 2217 28779
2085 2218 27560
869 2219 11929
1072 2220 10188
762 2221 21920
757 2222 16375
844 2223 6241
1020 2224 31916
1908 2225 30471
1920 2226 28689
2113 2227 10893
665 2228 23958
213 2229 27009
1321 2230 17622
1054 2231 27143
2087 2232 5058
1895 2233 17696
964 2234 17404
393 2235 7980
1160 2236 26497
1770 2237 14766
1250 2238 26763
562 2239 21072
1741 2240 182
1297 2241 29479
794 2242 11105
1662 2243 6199
2013 2244 5975
293 2245 20026
1319 2246 23471
276 2247 11933
1551 2248 29680
1893 2249 23756
622 2250 18297
34 2251 26799
860 2252 16416
1469 2253 14964
1840 2254 13338
1070 2255 27536
840 2256 10011
1434 2257 12544
1856 2258 9917
287 2259 15061
804 2260 17958
160 2261 11503
1845 2262 31973
599 2263 5385
2090 2264 27934
1500 2265 502
1596 2266 21735
345 2267 8233
1330 2268 12017
1934 2269 32635
1137 2270 18027
1051 2271 26153
1078 2272 16931
1273 2273 21788
1301 2274 27375
634 2275 8558
791 2276 12619
1625 2277 18217
539 2278 13891
2104 2279 22866
436 2280 23444
1148 2281 13094
1982 2282 7950
1261 2283 20131
1782 2284 17724
1306 2285 25674
1460 2286 5959
1483 2287 14372
1546 2288 14360
1875 2289 14339
1324 2290 21693
296 2291 20234
2036 2292 13326
1438 2293 4719
259 2294 27024
2147 2295 11136
1139 2296 12185
1916 2297 8932
668 2298 11445
1621 2299 28964
1385 2300 10313
1097 2301 30826
2265 2302 29302
1144 2303 19336
1784 2304 832
2003 2305 26171
591 2306 5360
406 2307 15025
740 2308 15798
1564 2309 14410
1803 2310 19603
431 2311 12188
2206 2312 28022
1868 2313 14265
2228 2314 22694
802 2315 30900
1259 2316 4447
1606 2317 32609
1296 2318 30656
601 2319 32349
2069 2320 12773
910 2321 8270
2201 2322 12368
401 2323 20332
874 2324 20877
849 2325 5697
2081 2326 26901
215 2327 32172
2152 2328 11636
2141 2329 3116
775 2330 20903
93 2331 19035
1636 2332 19912
933 2333 28857
41 2334 6893
904 2335 8875
385 2336 26189
1247 2337 23236
172 2338 32676
2324 2339 27714
31 2340 1753
1305 2341 15836
84 2342 7390
325 2343 8635
1970 2344 7129
455 2345 28358
633 2346 6785
858 2347 16162
1163 2348 16074
155 2349 30713
627 2350 9156
1960 2351 32379
559 2352 22208
124 2353 15907
1513 2354 12214
1508 2355 25660
1635 2356 2275
1252 2357 29859
187 2358 6582
1606 2359 7118
776 2360 30957
73 2361 25101
1063 2362 2556
632 2363 9232
422 2364 22958
1600 2365 29866
1229 2366 11790
2352 2367 19412
1507 2368 19848
541 2369 9973
2263 2370 16716
958 2371 32353
1108 2372 5875
2353 2373 13343
1095 2374 25957
688 2375 24559
1896 2376 6394
412 2377 7307
1098 2378 19167
622 2379 14894
1691 2380 10172
1715 2381 31315
2219 2382 10643
1477 2383 14527
1592 2384 10476
747 2385 9665
16 2386 2351
2071 2387 30137
1118 2388 1105
952 2389 10711
312 2390 22962
2204 2391 22053
1457 2392 25670
2384 2393 2248
2172 2394 23540
619 2395 13955
1406 2396 17979
629 2397 20604
1106 2398 23067
2292 2399 26435
1004 2400 23347
1902 2401 32528
2020 2402 12327
2238 2403 31052
218 2404 14404
2326 2405 14163
533 2406 9319
696 2407 23161
52 2408 22298
372 2409 17739
261 2410 4097
1184 2411 16919
531 2412 26229
789 2413 29358
731 2414 22382
1919 2415 28008
2231 2416 27302
1197 2417 11113
546 2418 13051
1721 2419 11299
2267 2420 11797
1983 2421 29212
291 2422 18250
2135 2423 15601
157 2424 446
2040 2425 9372
1754 2426 3535
2414 2427 31218
1177 2428 19888
1752 2429 4207
2219 2430 3411
1125 2431 21814
1807 2432 29069
1841 2433 22356
879 2434 25205
1787 2435 9541
2349 2436 29965
1106 2437 9145
895 2438 6180
722 2439 16792
1330 2440 2170
13 2441 11587
1384 2442 20518
2146 2443 28445
1336 2444 21813
253 2445 3402
1491 2446 15252
482 2447 7350
1709 2448 7728
2193 2449 25433
1381 2450 25435
1741 2451 28602
1540 2452 12402
360 2453 18866
262 2454 16572
2008 2455 8307
474 2456 9110
571 2457 6600
350 2458 9677
1314 2459 9887
36 2460 27212
353 2461 196
1987 2462 30199
185 2463 13807
1591 2464 13014
582 2465 25601
764 2466 11894
666 2467 2699
83 2468 6028
1736 2469 5520
499 2470 16092
2304 2471 1420
2164 2472 8025
1409 2473 22708
104 2474 12686
949 2475 6528
1728 2476 3644
48 2477 13927
1378 2478 9285
1644 2479 1769
2164 2480 1480
1128 2481 8659
69 2482 4238
267 2483 26815
409 2484 30117
559 2485 27866
785 2486 25674
2250 2487 4330
2284 2488 23565
1408 2489 3215
1002 2490 27183
1527 2491 13512
2397 2492 22095
2005 2493 11706
879 2494 581
2 2495 27053
1671 2496 335
1486 2497 6488
213 2498 10859
1579 2499 29022
2115 2500 10755
2380 1905 32379
2224 289 22165
1495 2461 15182
540 287 6777
1482 413 19071
96 545 6725
1902 630 9135
1331 138 9137
792 1511 19815
1385 1349 32625
1657 224 12615
2484 1408 4147
2322 1715 18992
2099 35 24878
1239 2385 10672
1229 2263 3065
1991 490 1106
2204 786 4272
991 67 3238
1160 101 11410
1807 87 29467
386 1475 14993
2312 1627 29953
1961 1020 1685
2303 1704 3915
85 2139 1886
1824 2082 14831
2010 776 31817
839 2213 5872
2389 635 17251
948 1343 19573
1069 2253 12689
1196 642 25474
273 165 6583
263 1617 3367
336 1854 20764
246 781 11841
304 279 11913
787 2486 5670
374 1230 3789
1411 1341 24270
1746 1495 9388
1744 2008 13658
1173 541 4968
1497 925 16392
1603 2018 23137
1153 1015 4849
194 891 15742
1417 839 14121
960 719 26979
1924 1812 16407
1333 356 25498
973 1333 22816
563 922 13880
790 2372 10743
2250 264 940
1144 250 31280
1425 136 6838
1222 2069 11505
768 1592 2997
1907 1112 5065
1077 1642 30675
86 1177 17436
1808 100 10163
2446 2137 7334
2338 1262 15025
2211 387 4350
928 1234 16591
776 2390 12071
2264 677 8424
1840 858 14217
1813 1716 6596
268 324 6639
1359 802 18454
2437 775 19033
125 1618 13458
1628 374 14017
2245 2114 21668
1413 2348 17196
2418 1355 28004
1202 2419 9111
2 625 15322
1882 1274 17313
619 1836 30397
45 304 14852
2212 2196 32037
416 1367 6709
1348 1685 8937
1514 48 24779
492 1387 22183
1740 2247 18298
829 483 9891
391 2042 5055
91 485 16639
2017 578 32664
1621 1854 16642
316 647 15836
2393 435 15962
428 1048 25609
1953 1596 29865
1360 1382 16806
1640 1285 18618
593 2033 29072
1799 2178 15918
1857 2316 19394
1223 1383 27525
1897 1891 24186
2305 590 29642
1951 1128 19410
1237 1299 21584
758 2240 25881
1899 2389 14913
2159 493 12181
592 2447 26348
636 1483 13948
1582 1782 15124
1015 870 15422
98 1473 8369
2445 1919 4467
945 2014 2021
385 919 8723
1695 1977 22282
764 655 14786
272 1358 22314
348 2145 9801
2395 886 7489
2054 1847 19363
1165 1550 1557
281 1552 32543
66 1947 23947
833 2111 10114
243 56 3010
730 511 15929
601 713 29014
989 1608 29171
2298 497 18850
1699 600 25918
1655 2491 17618
1116 1688 25591
103 1821 25894
2147 597 180
1491 1841 20925
1608 2471 26479
1486 829 5807
1122 1363 25882
188 2500 32115
523 1702 15328
2285 2185 6582
783 1100 27206
755 1757 9780
2082 2456 8041
779 816 10807
1288 2111 16641
97 2092 27575
2355 758 14337
803 2072 15202
1008 1067 16096
1385 624 32495
2492 171 14580
2173 1057 21380
1341 732 15461
1799 2472 1309
215 1092 159
1522 177 14642
1454 2274 24917
2013 1092 23062
2260 841 10858
1084 688 23992
535 1194 31579
1393 1053 15829
1417 1572 20742
71 1929 12480
194 1470 15070
192 1764 14659
1136 1638 31976
1803 1076 18758
1489 2451 29215
25 2278 17989
1978 2432 31493
1917 1486 4027
621 1221 12949
1958 1540 1798
1514 1526 6095
1396 1022 21879
1013 604 25740
2310 2098 6278
368 298 31343
1588 234 1380
709 2305 13564
266 734 19554
112 323 7235
2196 342 23016
484 2423 30118
2462 17 21990
426 1744 6298
1478 543 17426
1008 782 19317
787 42 13904
2051 839 20654
1746 1563 28680
1199 968 18195
1263 868 29797
1420 349 8161
1495 1207 4784
590 15 17353
1027 117 27449
194 957 7227
1785 630 27804
2410 610 10395
2264 144 15418
770 675 7971
2131 1804 11835
2246 1196 26531
212 875 12414
1342 298 4701
1924 93 10557
2371 2001 22445
1139 1998 5454
1492 214 15684
1492 2132 31559
461 2399 17428
442 778 24562
106 498 3656
1557 1938 7639
1258 1360 20187
970 1070 9406
881 1822 7337
2190 115 1913
81 157 271
564 1474 11613
1954 62 24181
915 36 18987
1749 63 9563
244 646 14940
1150 1631 20159
49 2206 23308
861 276 18668
885 6 15353
1350 2030 32
914 358 28491
1295 2388 32391
1684 2138 3628
499 2441 22387
1236 280 6735
1744 2336 16359
763 32 1014
2454 2291 27339
1769 1625 6434
1430 2140 2396
935 1703 19945
514 986 16568
503 769 30499
1186 664 2977
2319 1875 2039
2149 976 27579
1659 1745 30700
735 637 4092
2164 1223 31359
1865 318 15878
972 105 29311
427 865 27291
690 594 23189
812 2359 4472
769 581 2488
1531 1706 5934
1365 1234 5520
159 2496 24535
303 883 28142
2285 2376 23488
924 1993 29657
1386 1583 10063
16 657 5099
2110 1261 3546
2381 1172 7922
632 2206 22315
2243 2466 3342
2345 963 21978
358 845 22212
1113 1681 16594
1146 1777 27837
818 211 3216
1974 1035 25133
55 1563 18691
1072 597 26385
942 2498 3866
311 97 1737
401 1621 21844
1951 458 5308
1475 1612 9472
735 708 5119
1493 2192 12776
1526 1476 2109
1748 883 21651
316 861 19791
1150 1697 27503
2330 1578 8263
651 2127 16770
1077 887 16346
1902 1262 22883
91 453 17261
2473 1984 29117
1042 1232 20274
1305 1191 21632
2160 290 28946
1545 132 5261
1875 66 1379
165 949 21892
2051 897 21392
2451 11 10228
2249 1168 29249
1371 1693 30760
814 2310 16295
1152 1175 6210
1617 1417 9715
567 2396 7774
349 553 19752
2431 1607 13816
2029 1112 4799
204 454 12235
2157 2409 29921
98 1502 7648
1227 201 25112
714 1945 12679
2253 569 24522
614 2035 28524
1527 2027 2276
2476 1361 12819
1363 400 21360
1040 1176 27983
684 271 10002
1328 516 17818
605 306 26530
1445 581 25690
139 601 32348
1053 50 3692
1762 1122 29018
615 1067 29848
2271 1816 3160
1731 618 3511
291 2057 20206
2072 2156 6316
925 2383 5061
426 2010 14471
2346 47 375
2106 847 1897
2342 2485 8467
601 174 3327
1872 1021 16256
492 2244 19378
2126 808 22067
1112 882 9177
1385 1727 27890
1481 2486 11923
1072 1714 2464
540 44 31259
444 1512 9278
1275 1421 20384
678 1565 1197
745 1093 28442
2480 822 15564
2081 1707 1934
1611 1921 27920
2288 779 12980
503 2086 31396
2164 189 28943
581 2034 9646
2295 2477 8137
1282 80 21338
1091 1092 13298
1060 1022 12969
794 469 16122
756 1647 29759
1658 1156 28282
1573 1624 27815
223 1096 28069
894 2413 30149
1345 9 22782
2288 211 3940
1541 51 25888
1646 1600 26673
141 1705 32705
1488 1633 28539
1897 898 7732
447 372 9607
1790 906 12050
55 471 25455
618 426 19676
1393 1844 5298
2349 1685 28071
361 1273 11264
861 1919 28734
1105 1686 18931
2488 2426 8502
400 1317 26539
1467 2378 13033
368 582 12427
1164 876 14677
1510 725 23938
910 139 5968
1491 1925 10667
503 1664 31892
587 2461 11054
113 2423 11399
1398 1815 19611
1035 2114 21463
1421 2053 8769
1661 572 18236
1886 2163 13353
58 1635 12280
1136 1011 24768
2336 1725 31479
2335 839 1364
1034 598 26012
1973 1792 28911
548 844 20373
2038 1171 6969
182 564 6997
847 533 31839
124 1298 28418
1246 821 1085
134 2086 9721
2172 1208 24117
1945 786 18230
438 2161 15483
1460 2273 28481
950 7 8381
612 1341 23665
2443 870 20848
688 1560 17060
265 389 12846
1994 361 18362
1206 1749 23268
170 362 7285
546 279 23742
817 439 7572
2365 2228 29979
202 2373 22331
1701 621 19945
117 2177 14594
1293 422 10300
1259 2327 21328
1728 405 14589
34 859 9918
1031 1770 26880
2467 342 29884
1941 511 24809
1500 1722 11445
1631 1749 7839
2374 1389 4947
436 1670 5446
1871 2104 10693
1384 2452 23031
565 1357 14605
1444 218 28326
369 1727 18873
1990 2021 10750
1989 1582 19108
2274 787 22044
2072 200 18820
1437 1169 14697
120 895 30323
959 765 9227
2093 2281 18365
55 779 8605
2168 536 1422
1560 1301 25139
1866 1945 23899
732 163 7894
762 90 27421
1578 304 31992
1886 539 31409
1168 74 4501
418 1683 11773
59 2125 28660
2014 1586 17580
1753 1104 31054
1144 402 2201
1255 275 14784
906 1884 28234
242 1133 21585
2068 1309 23300
2003 260 8958
1235 1292 19037
2347 1657 4345
1450 2346 19291
1976 2372 9386
916 1393 4481
586 1102 31763
323 647 12378
1278 21 31137
759 760 6235
682 2220 22673
716 1922 8763
1439 119 10097
1696 965 29203
442 2004 3183
2365 1388 19926
526 2260 2659
51 1141 15123
504 1220 3812
2265 37 26102
2256 2333 12486
510 1835 2048
1876 674 972
2329 427 20216
905 1507 4477
1525 77 13560
986 573 12373
641 1055 24746
747 397 27083
1902 2300 4366
2467 2344 13544
2298 1608 23138
275 85 20061
1155 779 8706
1335 339 14426
772 677 25948
1572 1064 15256
87 2092 31813
1595 108 28755
2038 1426 16728
1949 2018 12580
220 524 27436
1778 407 13053
1409 2422 30580
1325 238 9400
1050 793 25970
1119 2047 32240
153 1819 12102
1074 1490 22567
264 696 2547
382 1106 7773
1130 1726 573
1173 1466 24234
713 932 8359
1554 1306 26234
2010 1749 26937
235 1028 23920
1611 972 23516
1338 2287 7213
2210 886 8296
521 407 21347
1035 1028 21943
678 74 3323
1046 1570 7522
904 2339 29756
440 1484 1517
780 2119 29490
1425 286 29576
77 447 25289
1633 181 11197
1730 2037 6228
2394 33 17049
1431 456 22140
764 1000 26672
1644 2400 24775
501 984 2965
669 1434 30775
1845 1531 1172
1382 365 11450
680 693 2006
75 273 599
2462 2014 8501
456 817 14938
917 748 24171
1739 1250 28670
2241 2014 18526
1657 1924 30006
1303 227 21431
832 570 18340
647 2380 8591
381 871 24302
1743 1530 20298
1382 863 19680
2106 2048 16639
558 1042 32034
626 1602 21503
1627 352 9586
729 564 20308
2005 1796 30873
404 920 18006
2498 698 15765
219 439 1441
2182 492 22960
1248 317 7443
1185 1424 30595
1602 2433 14752
737 518 3590
1473 51 22550
1296 311 29256
1685 569 30256
1070 1745 9061
387 766 22909
1129 1759 29642
1933 769 23568
1050 30 25586
362 740 31991
1633 989 16920
211 2153 18141
2216 2273 16280
42 407 2411
1405 462 30707
645 1948 29257
383 2403 11953
41 430 22729
1173 1647 8346
362 1154 7069
1373 337 31222
1605 1809 21039
31 2366 9945
1227 1677 23409
763 1423 5032
150 372 4671
1151 248 25427
2224 266 13225
1022 2439 28159
1442 17 23998
1362 1187 22031
1743 1838 3506
102 2095 31442
2445 2069 14960
1801 1193 22337
695 414 9469
568 1040 16520
1468 1990 18995
1884 1242 19290
2332 839 6588
1114 2369 12350
341 1419 17498
2272 1012 9809
2265 1310 10204
770 740 10552
1850 1527 10572
2208 2101 18995
646 792 15938
4 2175 21901
42 305 3164
938 97 3304
2500 68 29257
161 610 19470
575 2259 4074
2128 992 28999
2006 2489 2938
2234 1731 9078
2473 2246 28602
1553 1320 24413
1281 1378 9101
1329 2143 25304
2381 1303 13715
894 2343 26617
1062 1932 5791
1281 112 31556
910 300 29723
1481 233 24443
447 1195 16309
1340 1469 14011
2144 1244 9201
377 1689 23517
148 371 15729
2326 941 18516
1371 7 32524
1306 437 25089
259 1528 15123
1476 503 27055
1107 1184 30291
1923 93 20029
558 1264 31154
2331 1659 12698
1828 224 7548
1261 376 17444
2468 2057 5562
2275 382 4098
152 1376 10537
479 1517 12693
701 1096 17577
1294 438 6940
1594 690 23360
723 2164 12553
1934 1148 1797
2264 1967 6611
922 1037 31114
2406 974 22297
1732 2469 2720
2210 2300 30579
2302 1850 10894
867 1837 14158
1192 123 14607
394 1317 3222
2196 2338 21679
2264 708 11308
1396 1786 11879
2492 571 26959
1106 344 23428
2357 1641 11904
1961 2472 5178
730 342 3220
985 2473 22391
1582 1188 18408
620 1953 7377
685 2346 13553
385 2031 9121
659 2403 27812
125 1314 6826
1378 200 13930
1208 852 24035
1067 1639 18587
549 668 28724
2247 1705 432
1641 664 13640
2185 1783 19376
978 2067 21449
763 2107 18568
1283 244 8858
337 1726 326
2061 1139 9196
523 607 27511
1431 1068 26434
31 1438 32529
703 66 18371
282 1968 7346
1354 1274 28261
551 547 30495
1265 2398 22486
2146 1994 25668
147 1012 27707
1353 256 14629
2389 1425 2825
1544 2406 29056
412 152 22449
1799 1236 12046
1405 718 9175
2010 1372 26025
343 1150 6722
2456 1856 8385
2315 1614 22992
1948 2017 991
1175 1002 4626
1960 657 19249
2349 2311 31573
1324 1414 29260
1383 439 16971
700 741 5802
1658 1480 17297
110 861 30864
138 2412 19900
2283 2193 30810
152 437 8378
510 1199 26473
243 1417 6063
2245 225 19229
2127 1244 26249
1867 137 5542
1716 181 9993
1136 862 11150
1703 137 10487
985 1235 7757
162 2205 10152
1616 1243 9034
514 1059 15160
1670 871 19466
2108 903 9721
1616 1535 12165
1584 1656 3836
446 894 24026
1504 513 24791
406 702 28370
2331 2121 28644
967 80 4344
473 1840 19883
1614 815 559
1 1132 22339
1418 1893 7176
1458 1601 10945
2262 90 27983
897 1581 21526
1096 1587 1922
717 189 15335
425 2106 555
1942 1060 17220
1161 1150 3936
596 1103 3404
54 676 9163
1669 1498 21529
2094 105 31242
60 1954 22678
34 681 27728
793 59 5376
96 2194 4225
1300 1897 26692
1816 2280 581
2018 1398 1152
475 780 9162
2049 571 5446
1888 252 10535
2126 2061 25209
2329 1480 19357
546 2167 15066
307 1933 22833
717 1851 15774
2304 1738 19022
814 2268 15528
570 1229 27244
239 1244 31029
385 2185 16890
451 740 31521
1606 2174 7927
372 224 18190
595 1013 9974
2010 382 21012
2062 837 6290
1734 207 20929
890 56 7028
1753 212 32145
1969 1296 1393
1177 1287 4907
416 2287 8311
2496 79 258
614 1976 4158
1951 63 4906
1337 1558 18424
311 834 27782
1053 2341 24431
1534 87 2711
2337 9 21592
3 2464 7312
1628 999 12234
2367 1539 9860
922 681 28937
1284 401 20416
1154 2065 22069
1160 2441 26551
1799 1903 28792
2434 1691 12033
291 655 13505
393 762 23141
241 819 15164
1319 797 9187
2465 93 28409
438 113 8754
1557 664 23684
1796 2265 6458
150 433 26983
1665 1314 5737
41 926 22462
118 805 503
238 1614 24680
1982 924 27256
2362 1628 13188
1155 1038 16965
1094 1091 8752
890 981 7854
2150 1928 26059
1357 1380 22247
2161 1688 14368
677 2121 13623
210 2036 3405
1494 1550 22225
1931 1224 2886
2242 126 26454
882 266 9270
210 1119 11012
1216 870 20533
137 914 22245
1640 1354 6158
1593 904 6318
1558 793 17926
627 1002 30730
2162 2 29414
1656 256 31105
81 739 5294
1204 1302 12091
1407 163 453
1110 1500 15954
1962 2048 22146
1166 1822 24436
888 1519 9301
1734 1290 6134
1650 1913 6407
2132 1108 25782
1779 1440 12745
1425 208 25177
352 1242 24830
1690 2381 14018
212 387 7953
737 641 11743
2250 1075 32175
2243 384 12310
363 398 21056
571 1957 766
1781 1051 14197
1752 2396 13608
2097 1218 20284
687 501 15388
2495 1912 9610
1999 1379 14305
95 1204 10664
308 2365 4518
538 2448 14099
1170 320 21340
55 1159 26638
2004 1180 13424
929 1492 15214
922 1737 31712
2221 4 17489
2282 1484 4692
424 2277 30138
538 405 32538
398 1045 30033
323 1155 8453
924 1268 1960
1125 2391 20638
554 634 28126
2217 161 19251
1848 1357 16256
1530 604 24224
2359 467 15586
2426 2336 23525
2432 313 5494
746 2345 27374
1839 1470 31434
72 544 1042
283 780 25645
960 1127 9264
579 702 28724
1257 3 22144
1001 2280 10380
1387 562 31588
171 2092 25055
1885 724 21985
751 1330 21696
350 541 29075
1454 198 11726
1738 375 28971
2185 1828 657
899 1714 23000
1082 472 9662
359 1469 2615
551 1820 4329
680 1978 19347
1930 2389 21194
1208 2128 25245
2052 2281 30881
2402 445 16617
1386 418 3676
969 397 2766
1929 1968 25742
155 993 7550
123 2418 7255
2274 2424 12145
1749 2469 22731
448 1663 6517
32 2222 12929
826 564 24835
1123 2047 30024
1066 867 19624
340 365 6454
2331 196 12713
942 2316 8082
1353 849 22052
1225 1331 20810
657 598 17752
1105 560 8164
2094 1956 23527
1353 1974 27454
678 1259 12328
834 1175 32111
51 1647 24285
352 2457 31654
253 1474 16116
508 1822 9701
57 186 7959
1309 693 22745
157 52 1589
530 539 11339
1930 1331 3149
20 369 3546
872 2343 21279
1795 1016 11007
2373 1824 32406
1427 702 11910
768 1250 23293
1555 1369 5383
1793 510 13157
2304 226 30975
490 2465 17609
1683 2200 668
568 2398 19143
1516 1072 28760
1997 1662 26895
1065 1157 17654
2200 1708 16602
925 1028 23681
1713 495 25603
361 667 19801
126 1898 8081
1677 292 23412
515 2261 21983
1791 522 13151
84 2074 25766
1505 2179 28576
1828 145 28034
549 297 26247
2197 451 22494
1019 45 14229
79 780 6470
591 1226 22270
1046 424 19843
244 395 15089
2214 1589 31265
534 811 8620
1627 1181 4383
2197 1231 30858
1340 1130 29950
1401 2128 2946
1406 19 29813
940 351 8668
1939 587 32349
355 191 22530
1328 2474 16068
1170 135 12212
216 1059 31785
818 1196 18190
2376 225 30783
2215 856 15389
1164 583 23001
166 1549 17909
2076 1166 19911
742 671 19850
619 925 10953
2013 1343 8122
1379 882 2282
1026 1458 32581
1240 284 30426
1313 2402 14503
2031 1928 22560
740 1249 13079
484 1244 3399
2167 1978 8466
1381 1524 25412
2194 467 14392
2199 917 31178
2087 1879 2925
1157 349 26704
1711 1634 4984
1526 996 30703
2344 1154 29075
931 904 23645
2428 1101 21678
2108 1734 183
1990 416 30033
6 155 19673
1599 1581 9569
1854 592 20080
1689 1115 18483
619 1110 32010
1083 1623 31925
1681 1262 29395
2020 248 9873
2330 1796 31682
2363 348 9367
2229 2034 23390
2190 2212 12760
771 1884 11619
1747 2176 31787
937 196 24563
792 701 13852
984 1705 1558
2079 1556 9077
1597 1688 14257
2496 1723 9950
741 516 28743
1013 1426 31815
396 308 28690
245 1078 24346
2304 2384 7011
1714 1255 11370
1270 55 16966
2211 75 28820
691 968 11989
2372 507 3343
923 173 25294
756 1108 3683
1631 1895 7485
1223 1155 13175
1688 241 10075
1135 356 24253
1306 1691 5106
132 1164 32481
1426 2091 7912
2276 2014 16388
1412 2328 17083
1482 1042 22452
1493 1722 30741
1216 1383 19729
2074 171 30664
1239 1552 3052
1356 1541 20934
2099 435 11456
2419 2215 19446
805 2166 29897
246 132 20988
1752 949 30907
614 902 23363
427 1407 20918
1591 1670 7922
1956 714 18315
2008 1040 17807
878 1153 1143
424 829 5755
1762 115 9691
226 1164 29589
1652 506 6806
2367 761 24475
1209 941 2830
1563 1728 23592
658 780 20495
1634 1601 12899
79 2149 5380
1608 2182 17841
1976 951 30521
2350 1523 29201
173 669 5928
2411 307 16360
2465 386 29175
1967 1395 30055
23 1442 18621
820 2027 20945
1460 436 10272
1991 1210 6474
965 678 7785
1193 1053 6138
2383 1532 10027
668 675 31135
2414 364 6914
9 1845 20210
2202 2183 22302
2133 802 27746
985 2462 9111
2272 2383 1548
70 1336 28856
1248 1380 6919
1029 218 8897
526 2302 30293
1691 2293 8412
911 1623 22037
258 733 1835
493 1885 14802
215 2401 1344
749 1545 32511
1217 752 26975
1566 1849 24318
2269 22 28246
1892 1010 9285
71 744 25811
1514 1476 5250
2145 763 4731
1580 774 11211
777 727 28723
1222 552 26934
1336 1709 7774
595 257 10105
1010 1488 16624
1065 87 23640
1971 1786 20146
2005 195 12307
2394 2236 1544
1346 1550 14859
1687 54 32534
1358 702 25177
2286 137 1559
701 140 18
1284 1030 23107
106 853 23138
1817 352 27806
2060 577 18125
530 969 6008
357 2272 18741
198 938 21138
1677 1103 27251
1868 1373 28962
495 1954 168
1249 640 20008
979 1415 28817
248 242 16592
1554 628 4477
1182 874 5598
2474 1387 26050
1514 1006 27733
934 927 22458
1348 1640 717
1976 2003 12207
1680 1886 4158
677 1392 4424
171 1487 32301
592 2154 3914
853 1775 4982
810 2182 23247
1109 2089 9768
1528 1383 20294
1738 223 4150
2395 1828 11984
2098 2465 13795
2462 348 23257
2010 1440 15922
1574 1167 17155
1629 1778 31946
1751 2038 14517
681 1429 18946
2224 1387 24562
677 1922 28955
2009 2120 9795
2283 2269 17870
2246 1858 3798
76 1152 10677
1893 385 20258
692 1314 7997
1359 149 14769
339 2373 19233
2411 757 23775
723 1395 18079
542 2394 6571
1375 1532 13281
725 2487 23285
544 1743 29528
2303 60 4017
2307 13 29688
1430 2129 11014
815 2332 12687
240 2101 17228
2246 2008 23481
1676 595 1371
1290 2154 9495
1894 1033 9150
78 845 11731
1092 2241 16793
865 1921 11677
1832 56 10083
1974 2046 16540
465 83 25541
1272 1670 22547
1556 107 25925
1196 1187 6814
406 879 10618
57 1645 18779
1744 1993 25856
1870 1582 22111
1464 1954 4969
1963 1304 3639
2087 1272 16600
2262 1192 22900
1008 2341 10000
426 1425 31856
20 2330 30231
2271 2083 10952
2365 465 25790
2328 1498 4421
1299 597 32684
862 504 29736
834 588 11718
2263 200 30998
1394 2299 5889
730 1527 31506
1857 523 5890
93 1717 11344
33 2097 14108
740 1049 7359
191 1561 25483
1697 2111 19867
1701 1330 15865
862 1161 6510
1322 1002 9142
1975 20 13633
225 1499 18470
1910 1415 15090
1927 89 13393
446 2236 21985
2411 2481 8862
2037 281 8830
174 1402 6686
195 576 26197
542 394 28394
1253 423 18863
782 399 30095
1861 77 31968
1661 936 21878
1147 729 729
2438 2283 2755
1708 357 1948
2011 1499 25136
2169 1310 1174
856 2112 6593
303 1876 20001
11 2098 26471
2183 2011 19596
1356 122 755
1205 1805 26745
511 1532 738
1215 1257 25982
1726 820 29669
1977 62 22340
211 1579 8510
43 1760 23702
855 935 6206
2469 406 10534
55 24 7052
59 1621 29168
1422 1736 2814
901 1530 22905
2306 948 19242
2491 1089 20585
1376 1361 1017
2337 363 21552
2320 572 12257
2274 834 22697
2348 2391 32147
1501 10 19208
163 1456 1087
1619 1198 19310
1233 1643 20157
1939 1164 18421
2313 1493 23606
1875 954 24346
1918 16 29999
1 303 10443
1473 200 10742
1771 849 3199
905 968 3046
731 1721 28715
283 1437 17671
1256 1253 7914
1925 729 10720
1375 811 6064
2464 433 20393
1 893 21357
348 1408 9494
1551 1553 20314
2199 106 5743
771 1533 4976
1843 735 30138
1072 697 22074
1628 836 17945
843 1906 5754
948 2084 13746
613 1961 22622
1006 2055 5042
2100 2297 30523
1387 50 30804
246 1137 32255
2100 714 13035
771 206 2013
761 133 30306
1554 2096 6120
564 433 14006
1820 2332 29068
37 1888 19016
317 410 5417
799 50 14373
626 1183 27459
987 293 14483
2283 22 11773
99 2181 24451
466 1801 5081
1189 1004 16565
2289 1110 28664
1502 1641 11187
2454 2442 15179
2264 1303 29175
526 552 6004
795 865 5064
1527 251 10058
2011 1542 16574
1729 118 25148
487 1663 24294
2014 1656 7943
678 1978 22529
1631 2265 18297
2010 1490 20056
663 128 19005
2215 1344 8970
924 1513 16605
1450 274 30193
496 1029 12160
1976 1423 2924
165 1392 4366
2487 1169 24231
660 748 24004
764 1284 10051
1873 537 13141
417 1708 20332
1114 2183 3376
230 1878 21427
1625 1407 24711
1998 525 22607
1337 269 17188
2214 97 30618
208 1390 21811
11 922 31700
896 1578 17799
1052 2388 27287
2311 96 17676
1544 44 4751
194 1514 26966
542 1814 15424
1645 1628 10136
1130 726 17671
1622 2251 2153
1838 1536 22430
1203 735 18969
965 752 14281
516 1516 10887
1175 743 16109
522 1715 21179
2371 1084 17866
617 2431 11693
2282 2343 23441
696 661 8447
724 2410 25857
2440 1146 31130
1049 229 7771
788 1007 14182
162 242 4420
145 1540 2717
2283 158 27644
1224 902 6754
472 2387 22883
945 898 24482
527 1001 4553
1388 1568 20601
582 614 27267
2018 1192 6011
2339 745 16048
1801 440 28602
634 621 13756
1725 1740 18795
1383 1246 15482
716 1809 25700
445 864 3060
1525 1896 25848
2415 1368 25922
2292 201 23764
64 608 19453
1562 787 9457
479 921 4405
726 999 1712
890 1867 32493
231 1968 25020
1068 2073 30859
1078 1575 2385
10 328 32445
1055 878 20197
140 286 17861
1537 1628 26997
1744 1532 805
58 202 28644
1974 2457 21543
434 1099 16932
144 1151 12470
2291 602 20525
1989 1871 22136
709 507 32482
178 827 1592
1785 738 19069
1506 884 25081
503 1905 791
814 1962 17477
1727 1717 27490
1851 234 6562
1301 925 27323
764 1535 11046
83 85 15116
1845 2208 30115
2335 785 20548
1985 1791 10989
1058 2446 31314
2404 1589 25370
414 872 17364
2406 1356 25043
1632 989 7943
1670 1875 14352
593 869 24478
1105 790 1235
522 1936 7038
118 1488 14266
1329 1158 9625
2314 37 3718
2198 1212 15707
1382 148 8941
1381 191 4712
56 2131 20545
2422 1474 12187
1096 671 4321
247 1824 4487
1209 2486 16748
164 691 27622
2344 1897 3113
468 947 16058
2282 900 10533
392 1871 10003
1825 947 12274
2422 957 8370
755 1665 32277
1891 1803 1276
1549 2140 16763
116 1247 18689
970 1157 6289
2182 638 8067
94 927 468
2359 987 1344
533 167 4852
1926 1596 11492
1639 1439 13274
1831 1684 3453
2221 1058 29754
244 952 20797
1431 370 4722
1264 2030 23530
361 494 224
2448 2032 26459
464 1062 13060
1202 1970 6595
1344 2029 19963
1542 2479 19654
1603 1333 4154
1505 2278 19840
2418 95 29335
55 2015 32014
1434 494 14586
1525 1317 13883
372 927 29522
800 575 2134
1518 1788 24481
293 333 99
1762 1799 17464
817 1363 12577
1895 170 17792
231 144 16289
1745 1062 31968
1896 1377 15709
1756 1120 16027
1528 1283 23050
486 1424 6855
1417 1650 18093
244 36 18848
2125 1687 20615
1434 854 28139
2245 2 5626
2090 1668 30757
2138 1435 4224
83 951 2987
2124 2485 22075
2232 2079 8998
1684 23 15055
362 282 25565
244 1951 10883
902 1258 10173
416 1150 3043
493 398 21553
1935 2 29516
464 1545 10275
2350 2367 20787
2331 2194 21957
884 305 20227
2009 2129 3302
291 1964 6117
305 525 8456
1697 259 8659
1930 1588 17004
52 1899 190
868 2486 25555
852 1125 12469
931 319 28328
2319 2077 25933
157 1295 26052
1644 304 7096
700 2059 6938
691 1647 14930
1772 1563 14045
97 267 17292
439 2426 3851
2210 239 23412
2017 268 17502
1815 115 26197
609 468 22026
1321 1307 11299
563 218 28639
1203 904 32685
1718 2386 11937
108 1400 14794
2030 1754 1200
1710 164 14330
1677 1465 23900
1895 1551 19257
2 87 10101
1195 1214 28401
1675 346 8187
256 210 2384
2009 1975 7164
336 121 11626
723 641 15606
530 466 11504
2346 1372 32097
1784 444 2662
1758 949 27441
1590 1472 24094
1274 2295 17508
1186 232 20318
440 2019 3584
1753 164 12408
591 1497 14345
1333 65 26573
156 389 349
597 1294 26845
2411 617 9329
1111 1258 26623
1235 848 29287
487 610 30807
83 2361 29688
1947 525 14107
2107 123 30
369 2435 22604
229 569 1679
1795 2073 10350
461 363 8285
2155 1114 13285
719 1112 25434
173 324 4090
2260 1588 1303
1652 1149 2749
172 824 8333
2077 2259 7742
753 358 32213
395 1198 14541
2014 57 7555
318 344 3911
1210 1668 4463
2327 1253 3991
1545 1949 27423
1290 136 30966
844 2048 19466
346 1437 27793
736 896 32359
300 393 17555
514 2304 32081
1648 1669 30932
1886 1945 2397
306 1042 8082
1199 995 25335
1799 550 32260
1654 1663 5665
661 837 28580
188 847 31596
682 916 31874
698 1021 16452
1103 1325 5633
1958 2394 31966
1208 2211 28367
873 1742 10350
1111 104 3572
303 1970 11378
907 2303 26179
235 62 32306
732 2315 12967
1217 2458 4547
1953 1749 27887
1466 841 15408
1662 936 14383
1591 2374 17051
2476 2151 22735
282 1630 29292
505 1971 9178
811 1899 17136
2320 2498 31796
1341 2463 15086
1734 2156 20407
1392 887 13601
1636 2112 24431
164 281 13466
1732 2315 17766
2341 1038 22129
1990 1582 28609
997 2235 8273
648 2310 31778
2182 473 963
2193 2450 20354
1989 1139 31815
2288 1504 17931
2485 2370 17047
440 252 13200
2076 377 14759
2152 1591 30904
981 1077 2628
1912 948 31227
2279 1255 26724
1349 1415 7420
1062 209 18807
825 639 26093
549 452 30049
1410 2239 12791
268 1431 25579
1913 1615 11486
1974 483 22212
1121 1752 20320
1849 1174 9322
1833 445 16633
2300 295 17047
2456 628 13073
228 1163 24323
1000 354 1224
450 2465 19359
920 22 1491
2412 420 16269
565 2256 21543
2354 655 128
2028 51 25451
2408 618 91
472 1326 3686
1758 1191 26898
2005 254 29156
617 223 1344
1516 1517 3520
2500 2345 32253
1828 2067 5150
1765 532 5829
1916 5 14331
1290 1248 30363
481 2249 918
417 572 14761
138 915 5216
671 46 2318
548 2219 23927
1014 1741 24217
2176 1577 4829
2443 703 30879
1126 985 28385
1291 2099 26160
822 1007 28792
2027 684 3673
2173 995 19577
2026 819 13617
2371 844 25847
2017 613 22501
174 1557 305
1149 45 21763
2311 921 1484
1263 157 18600
845 1308 24663
519 2168 23660
1056 1315 2630
70 828 6426
110 708 18147
836 738 7313
1912 655 23797
1073 1865 105
1292 2386 22525
728 159 20014
899 181 9821
1898 197 9294
1184 224 205
858 2054 15121
2138 2030 15583
1496 2170 23342
1875 2407 20359
1592 2178 8156
1995 148 9699
994 829 7284
546 2465 27061
1577 2286 16890
2302 1679 5194
499 1582 15148
981 580 11718
695 1815 30178
308 1709 4114
116 153 18148
534 1145 19415
271 2097 4491
858 2328 13130
1782 905 11967
228 737 25024
1231 2249 1838
1141 406 10296
1627 1944 730
1000 324 26210
2378 1586 9283
2416 1842 21705
515 1159 28642
1547 1343 28719
1541 1822 12469
501 61 24376
1405 1569 20725
2212 344 8953
676 1051 27239
1575 732 30722
944 2105 29625
1616 315 20734
1438 349 6379
2032 2425 5385
1036 1908 27323
111 2244 6964
702 1698 13697
103 1622 2566
413 637 2570
1329 1882 7377
1635 384 25422
764 562 10803
1066 2325 27155
2045 1267 28190
179 2185 13277
384 757 24377
693 2493 3261
924 2366 2685
127 1453 29658
2083 803 24919
1310 9 199
306 1784 26039
392 2255 31756
2127 389 31955
2070 801 8033
1217 2374 15498
441 586 17043
1790 1017 4261
1489 1610 16394
1595 65 27762
416 2383 10339
1782 1600 12897
727 1524 32425
41 2291 24246
2286 367 16128
2373 2451 9061
615 1069 28653
88 434 21173
2039 419 635
559 2031 836
1024 193 24553
248 1507 4978
2185 956 17324
192 1730 27505
1901 1948 30442
450 2389 25694
489 500 16049
339 1358 24623
2138 1708 24731
1570 935 12645
355 2411 6566
2433 1157 17080
1140 1308 20828
2128 1558 20027
314 926 18341
690 1404 12459
238 1868 1502
1815 786 20711
1763 250 3072
797 600 31931
1233 678 6402
1632 903 21391
1801 1883 6589
1635 2314 11413
1081 2060 19443
1385 2359 10629
930 2311 2898
35 1255 10257
188 1520 7298
1446 2367 21394
1479 885 11938
1623 2196 1437
2343 1485 17857
694 1502 16257
1446 2238 24886
1165 1258 8165
1524 1083 1762
765 2077 7919
2264 123 30911
1792 1573 24774
2447 1997 19537
653 2252 24913
396 687 29643
440 1568 28021
8 169 5903
1803 2412 7494
455 2326 28359
793 597 8170
543 1292 15952
1668 2333 29982
176 1654 6453
2179 43 31122
1593 1374 26456
2288 398 17065
236 2110 10029
554 1424 31541
499 2012 20370
1157 2219 5700
302 801 31513
1461 776 3621
656 1209 17649
1923 2435 21793
827 1189 940
1523 1741 27303
676 446 26763
207 787 726
1617 1131 2595
1226 1102 10150
711 906 6003
2011 78 553
1320 1752 27839
550 250 24469
2275 1505 5590
1513 69 22809
1830 1385 386
1013 1621 5796
1981 1999 22616
1974 96 17455
1916 2107 7464
1204 1773 20007
2034 1504 1968
28 1602 9478
680 1339 31336
556 597 28995
1469 2378 6786
1101 2382 6168
1144 1636 32108
1539 1735 1754
1531 1335 8572
527 2408 15819
631 1158 3981
293 475 21687
1486 1931 8627
2462 1054 699
2175 1238 3923
1263 623 24573
582 472 6463
1180 422 29513
499 1849 4267
1805 1005 30412
682 637 2580
1675 1003 26211
2154 941 26986
1003 498 12085
802 304 10019
646 278 2965
1568 578 17921
717 2348 1888
501 1948 32688
181 1924 10320
1172 238 17026
1235 1575 4859
49 1329 17653
999 1661 4217
1106 116 17363
2476 1927 25061
1364 414 1528
778 639 9780
862 494 3376
633 2461 3098
1950 2448 32169
782 1404 27890
513 204 19942
1829 724 3809
89 1296 20287
1040 1896 31672
222 1596 9037
695 2434 26420
413 1083 19668
1660 1911 23217
1492 1535 19206
1532 1355 5488
2296 2271 9278
981 2186 6134
710 594 374
1117 1561 30269
196 126 3631
1365 1448 8092
1855 1109 18562
1355 1765 7358
1951 2046 23439
1809 963 8959
256 110 4748
742 1705 6652
685 1520 32024
770 1646 6989
2387 1997 3500
1147 681 23952
2228 1053 24883
1596 1050 13141
477 263 2867
1925 110 7055
1357 2200 17426
830 2060 9360
1107 1001 16220
798 1646 25530
1287 2186 19982
1875 2426 21359
225 179 21844
482 25 21990
1509 1763 7234
2048 594 14055
559 1874 4972
1497 2294 8104
788 1118 3944
961 1982 22330
183 2037 2973
1369 246 12101
1685 2398 31987
405 981 28680
535 1254 5180
1386 1298 18392
1818 1834 7788
1869 769 405
1575 1663 1277
392 2235 25284
1063 23 23313
1452 1406 23899
786 535 29741
2240 222 2652
1881 144 18347
1501 249 31186
2258 947 28715
583 1790 6609
2338 1331 30895
1664 173 6526
1137 881 28967
1624 1777 3675
2039 1066 664
2382 862 4410
583 24 32543
1297 2385 21930
1770 1423 17539
363 23 14787
1228 2480 18454
1417 140 17807
1563 1064 22795
44 39 22663
2450 648 8853
815 1461 10469
2253 746 18790
1318 1726 2991
515 1866 14438
661 2398 3525
500 1396 24256
985 1993 1386
58 762 21903
1666 802 16619
2093 1715 11735
1706 2391 8827
132 249 6029
589 362 8802
13 1044 14551
476 629 10245
457 1599 30930
1783 208 16246
1275 545 17271
199 105 13460
465 643 29824
659 2175 24027
909 2176 13652
2017 1450 12399
1949 1787 15974
2393 1065 25625
2352 368 9868
1709 87 18717
664 279 19258
971 429 19258
1902 1274 29342
1198 2029 17461
1102 2459 9496
2091 448 1462
2408 2416 28033
813 1440 13674
35 1191 18490
1497 191 1950
1068 2432 5890
2177 777 25557
1813 354 1017
1320 374 23559
445 363 26722
1382 1230 27268
120 1895 7172
184 130 29625
2297 1490 6192
2241 875 24644
505 230 9694
2317 636 6424
571 242 28771
2399 2470 4778
1781 2055 24221
915 2305 13650
2441 567 4794
1205 2492 8295
1422 1242 29920
1063 718 21193
435 1902 18264
2114 1116 32461
827 395 785
1769 1218 2243
2029 1992 12698
1661 1612 13979
1448 1120 13788
73 8 15439
914 157 1851
181 1981 25617
972 56 23279
638 1253 25210
698 1113 9643
506 1248 17968
2431 1543 21491
226 2018 12210
1310 2469 8620
2150 1423 26960
779 234 10697
2482 270 24698
2437 1733 11565
1753 157 14568
2319 864 15369
1216 1447 1870
617 1677 28522
153 1446 1176
2305 1425 18615
99 854 3032
15 409 11076
1873 2246 17530
51 1519 18503
954 1060 18261
1723 185 20445
1923 315 10410
2044 1955 22996
2345 670 27201
1004 1505 20343
1607 1776 16403
512 405 15259
984 1584 5961
595 609 22670
1370 655 17019
2230 2482 3005
1756 1645 24433
2010 229 19763
2267 1862 18897
917 17 19765
1495 2135 2947
635 1191 5290
798 1647 1717
2201 1528 27926
599 205 24251
653 332 9031
2435 1977 15432
298 1486 17418
1898 1077 16049
867 2143 21637
200 1391 3893
394 1030 20487
616 1256 27782
1919 72 29543
1917 1062 29696
331 865 8786
449 174 15186
713 1841 3347
1867 65 18573
2208 323 15801
128 6 28620
564 1147 27052
747 729 25843
1765 1169 24844
2129 1410 13626
31 2339 18287
913 1369 12162
812 1499 31196
719 1375 21403
1728 342 13329
261 1832 17
1562 1317 15223
1821 224 4883
1198 1618 8279
2001 216 24204
77 512 5666
2346 1880 30870
734 1658 2549
1983 322 26814
1987 1627 2712
2249 1329 18392
2064 1752 22443
1900 1836 27483
3 1881 5571
994 359 30323
1349 2045 17310
1006 50 31312
47 149 12473
1779 1476 31834
2387 957 28659
566 2116 5198
2043 135 8442
546 1090 11645
387 560 434
1993 1007 7572
396 2157 5351
284 786 2236
1059 845 24024
461 975 15868
2091 1370 18564
2018 2434 10257
2020 865 25789
487 1392 28232
1803 1638 11889
1474 314 15865
726 766 18344
287 88 16557
432 651 22821
2196 651 19491
1642 628 21680
1830 203 12448
2450 1475 8301
1506 1572 32603
2404 1384 21717
1430 1148 1504
2117 1762 16165
261 2264 23736
1677 1860 22622
43 537 5828
2091 893 25909
221 680 11268
522 2479 3445
1225 630 30149
372 1459 31181
419 537 19307
1223 201 32000
298 366 22094
808 2500 2532
2145 2417 22631
2341 1585 18881
2322 696 13506
1502 364 7917
646 227 23018
1659 682 19888
717 1267 3534
1327 2297 31195
467 872 22477
1543 79 12696
572 1625 12528
2389 2187 28248
1550 1088 2936
2251 738 23280
178 426 31303
698 1339 23104
2216 1505 5587
2179 543 19451
1425 909 32669
1088 1658 30051
1069 2251 26220
112 593 21026
1168 678 31922
2410 904 30076
1863 1863 16360
187 1581 7824
2435 2173 2762
1351 1940 17004
459 1412 1454
2030 1070 9487
1313 622 28536
1622 646 14010
844 1303 16082
2227 1144 23841
353 1666 3756
1778 215 10319
219 446 31295
2359 560 16738
227 1777 19450
735 1425 13677
428 1591 40
1193 428 10525
124 2065 26413
137 1595 4593
1770 2250 31919
1071 760 22572
398 282 8203
2191 1109 20681
2205 1697 4054
2169 928 24852
1627 2135 19323
1040 1033 14814
828 2072 20666
1165 2489 4654
1364 2329 32210
868 569 21939
416 2204 15367
62 140 20186
2025 1969 19385
990 1877 2957
1360 874 25246
71 2463 29615
725 137 23735
2052 1128 25006
902 1427 8569
1070 2100 21887
1379 2323 19433
91 1817 21657
1815 2441 16276
283 2030 10694
99 914 28077
585 1028 3566
913 1012 29881
2472 796 24354
284 695 19086
1066 344 32138
1201 988 5009
113 931 15890
1241 1606 31603
2269 375 12511
420 1678 8935
1078 2166 19954
1175 7 21251
1729 2198 1168
730 1814 29247
2281 1923 14902
1419 423 91
1583 1282 3151
1277 655 30102
672 673 13286
1665 2314 5874
671 2278 19707
1610 993 29818
455 2138 2905
2177 906 10187
1328 1326 9461
1637 875 22606
250 1662 32309
872 1800 22493
344 680 32450
1962 134 9686
1762 2337 30118
93 629 8127
2267 2217 10726
389 860 28169
892 632 12509
2292 2220 8343
2361 2494 30207
1462 597 16918
1523 655 6092
1595 335 14916
974 908 27680
828 1034 30390
498 2177 12831
1892 319 20170
743 501 17007
1720 1807 17077
917 2281 32381
1018 2253 24317
163 1992 26113
256 911 1211
1352 2448 9728
1224 37 27760
675 1462 14068
449 537 15455
712 504 18417
842 2160 19616
1149 2274 21198
1304 294 621
1441 1556 22983
853 1973 22876
213 2011 2325
1205 1608 3190
1588 1900 22370
442 1164 10871
1753 21 22063
798 1621 1944
2358 1722 16259
1670 2128 17584
1968 99 123
741 2061 22159
1056 217 6287
945 1217 27105
82 1830 13231
433 2125 32508
2470 645 31108
1860 1520 30310
2462 1839 13940
2209 1121 20981
2246 1720 21307
1015 1790 30672
1686 1765 5695
2134 2135 7116
513 1772 30175
1319 891 26826
850 621 25969
706 2025 26403
709 925 3757
1596 1616 15947
1004 352 26546
1924 431 7983
2223 1388 6637
214 743 12797
1823 1872 18570
1630 1873 7500
1395 476 1328
1582 250 30188
1176 1013 14400
2406 2436 28097
2121 2084 32203
2390 1738 15730
1361 1966 2807
2193 758 22484
2499 1770 10131
132 1577 18273
15 1445 13829
622 1791 29969
2261 3 14297
780 158 21874
58 1543 18326
729 1506 25558
1242 1327 12456
1427 527 15597
1142 2446 13441
1229 1213 24866
1052 334 14397
349 959 31897
2068 911 6250
328 117 21919
1182 1303 18631
706 670 998
2253 1056 17432
2021 292 8685
1893 1149 13408
1427 806 5976
1627 2089 13848
447 1379 13871
2262 752 14666
1144 2068 32310
878 345 22930
552 1503 16603
186 1281 8813
2272 2166 25971
1077 1332 10090
1327 1703 189
502 932 12304
1656 2418 9180
570 1103 1434
2055 1469 1613
160 301 17623
1396 2308 19331
227 1868 206
665 1313 28722
977 1194 4860
2 332 13419
925 1423 15424
332 2124 28437
2045 1912 17873
289 1658 27764
2029 683 13270
687 2149 7339
432 244 25462
1906 469 14472
1165 2389 11385
1353 440 29180
927 415 25302
2240 2421 4870
1563 615 28344
2484 2452 26873
2023 2456 12775
922 281 21358
309 409 10140
740 279 5437
236 70 10273
2179 129 27469
2409 861 3021
1806 1516 16418
49 1794 8510
213 1997 25707
1987 462 6373
1093 313 21511
2366 910 15412
1459 718 3123
153 1997 4372
520 2105 8927
123 149 31344
612 1128 30818
573 199 3316
1232 1300 21501
2319 669 15187
890 3 20723
885 1915 16302
2203 365 1310
395 623 20465
1390 1110 2889
1146 401 18765
918 1659 27319
1516 1919 8968
1213 1985 670
2097 97 13153
187 2055 31616
2151 1285 12606
170 1966 6571
1056 480 29655
515 977 29504
440 1022 19871
1288 175 20888
440 144 4631
1610 2261 14554
1457 749 28246
2159 1982 549
843 532 19039
599 1540 29592
1796 2387 32169
339 2397 7961
1348 275 19295
1686 2320 23478
2415 1025 27450
