46 45 206919
569606 315059 137222 979463 804198 527848 201631 543147 425843 360989 632975 476676 215887 504436 38176 837483 713607 913991 389788 458546 882737 328110 820205 676592 711316 457187 204133 120533 189232 846580 843803 275190 161638 981024 254652 965835 25223 972634 508981 967418 849974 658307 444093 65860 162742 
998620 903342 392701 912610 809481 851246 311698 137590 187803 988290 365258 644989 708774 2142 834220 555353 845944 625761 233343 343319 880412 199177 884894 369397 224510 368663 219371 882816 812755 285230 561910 327726 704924 954610 756688 30756 322207 68385 684698 510009 573026 49955 154997 798152 568448 
505569 353504 414391 131329 586846 274061 528093 302375 158954 897489 526884 43968 116859 926051 856722 918441 4312 700800 139716 958921 457487 170471 281128 42223 855168 307488 131601 421474 462485 929752 989921 484405 283255 920663 132085 386453 194724 660177 205179 870029 74018 732062 913997 707228 174464 
287070 625668 178776 987869 765383 654048 961707 452206 451527 3930 307373 759015 135530 728847 737851 65281 235119 222255 864887 155782 870691 767691 350505 47220 972869 736885 121237 221282 650881 344816 395746 937951 486836 90873 442171 768570 744920 403878 220775 196447 924159 528148 955461 59688 773346 
209663 641320 8464 948269 22558 164245 818959 790249 31101 866178 763117 767986 503766 984399 418866 848582 896496 873168 335417 987368 831691 103986 248639 235568 324761 961437 159726 369260 433249 735765 658957 642911 377084 183772 591179 399641 348017 410138 706241 895469 792667 469358 663454 296433 970108 
598672 661366 382955 988191 996782 886674 819881 617119 651664 571800 458231 613101 247877 827490 46349 499993 2798 689260 877076 186570 280438 793069 50938 206927 15661 462758 515946 485018 126212 328730 971477 241235 990095 870783 745777 503228 757456 82010 120346 925472 653809 578577 538572 418038 922418 
584920 918030 441568 274179 311458 628137 70969 620878 195426 794247 636538 658183 310192 637908 300746 155273 609384 541980 145367 996519 804109 648594 270326 886118 285292 195797 539926 380220 734368 474315 302637 835640 392345 744204 109818 703802 888692 697138 324679 84117 7737 961216 258652 834280 599123 
559397 989553 724859 617729 134919 237729 421837 299865 508054 307954 585156 703851 364231 965375 954570 838546 784363 790209 747242 44919 416379 967395 933610 113516 292073 534079 121252 769640 792730 955532 885115 352126 461436 126325 486206 596354 364053 908042 412570 872106 732347 514077 92308 612930 995803 
46878 967827 780166 837086 715068 825084 253464 682462 275045 883332 490886 809123 520935 260525 601852 992818 661991 470330 454253 788315 956535 566959 152367 864577 979528 540825 113275 493605 633132 726204 5759 680009 694030 785924 33447 409097 127359 803262 607910 402404 686593 98795 727878 723880 875672 
329730 716697 54014 800059 687302 842329 272945 254260 511047 653873 750139 51871 767148 760095 685003 493351 765854 881363 187381 68129 914809 112829 195488 718071 720739 114243 921015 335885 842120 644894 727908 688201 877943 781922 4611 81596 624250 277556 335855 651648 931428 602345 703519 698575 362440 
904873 708278 128293 786235 412010 196421 217396 524838 908260 451818 761928 22502 889184 614165 380974 534078 342072 69174 928372 640345 73785 9967 780946 351340 862173 432594 282767 980869 136112 497694 343308 557336 205971 987952 343570 134332 700725 77317 175521 125336 529134 453801 147838 418318 67965 
528811 468747 926388 114336 913470 83085 188120 439788 864030 539459 818312 296623 338578 799180 949086 352623 658840 506421 74945 646791 366343 209276 863867 443659 384796 989203 489145 354948 653392 423814 422912 698554 892560 865652 812889 322381 465088 1009 762168 329117 56819 580479 625740 911748 896010 
91177 264370 554849 597598 339314 717992 480292 548589 581858 923950 449737 87412 929446 804684 257155 353259 743948 955708 245818 125951 284949 84550 591038 802309 846717 920154 859127 943547 62245 287227 839557 669774 551596 394405 783723 407262 628748 264014 472202 210606 704315 921938 814369 633761 242974 
71524 987019 503273 27231 232837 629223 828531 317386 736612 630839 680455 656765 6318 624001 235362 293544 979909 905135 361491 890666 205209 768752 519413 469222 240954 246370 173536 679243 60739 807296 922216 132262 794315 425488 675844 543503 571062 504375 377240 307673 135213 57694 480790 657882 198047 
232503 951425 694307 137637 829268 584972 859197 598019 104385 328418 838972 867106 501953 518215 927844 309249 956782 60105 619915 898622 735949 163417 469683 756675 57008 293708 891887 631054 774497 66121 345452 6999 17545 39758 660987 363164 141082 520183 961183 761818 848600 316506 628923 866904 351072 
556767 692504 307854 133223 312418 722827 869171 992186 192509 142197 49194 486216 550436 196599 777064 616556 542050 784062 150452 581807 445048 513616 239240 481582 474798 1057 330181 791303 629980 197085 658727 186746 405940 966580 319968 718358 689406 705491 226895 398266 364039 276088 400834 914474 989038 
177897 531029 531087 478311 681481 629246 439710 711448 868485 921292 186245 869542 767824 493899 15873 481260 152625 718970 887200 635556 555289 605557 841313 777131 832451 755931 141170 624891 156764 55643 613928 851012 586672 661367 845674 784504 290612 285384 495951 675448 206675 198547 61341 974498 208797 
593565 455758 361422 312534 342957 513329 867823 464865 354642 644953 813667 110572 786122 438557 783687 841765 568837 151050 944788 746555 996724 245643 553518 282107 257945 228965 5133 456491 806658 979630 665287 400222 951739 543060 712756 811047 56389 96930 275911 411030 741882 89578 37953 44356 44486 
337991 402472 129674 5392 863611 876228 2115 109253 429745 800573 367197 175062 322057 340039 981719 818039 521677 898292 769777 64737 611047 580824 121125 224328 373086 48506 966210 979015 602810 526917 539853 457152 929388 669526 462543 792998 545754 981010 418602 491850 297934 785798 666911 619991 642188 
164981 438029 163864 63273 724157 228600 190671 821332 866076 414999 194418 430933 897560 689784 33742 424476 229636 490893 353863 899162 469788 663212 961267 450797 81813 969468 748730 383962 636379 885072 26149 801359 323100 706364 380983 47257 934964 571654 384940 317391 503004 579357 748324 400563 785493 
782065 825038 15128 789310 695252 430641 259097 874815 908259 226245 956627 877727 491326 856940 30457 376398 399440 348167 215849 105803 729150 779457 557118 817155 164397 874509 320158 260105 139184 720720 45597 921248 62109 577077 226909 757360 7717 2357 632174 432328 228601 105152 826406 236279 962091 
856862 612676 877882 205028 344876 983684 450529 124333 540802 267683 288729 931662 587840 65185 70845 308559 110782 508444 887019 687858 251705 160730 211926 254061 309255 160605 999014 414406 987010 235292 892848 843871 364319 770729 565251 709194 270765 15779 833526 327918 283462 638606 259579 387653 703791 
846775 696212 330924 871570 99582 535133 123274 260312 263410 377335 569566 424015 376348 500324 927376 611639 909523 771247 492309 680252 852849 201502 951016 868627 551380 795285 668440 706337 54863 56093 926479 417989 268656 257402 289558 368237 308886 412832 628548 572296 790166 714466 512662 682865 731141 
440037 810855 640663 727635 303163 320914 580483 21016 788281 965462 572395 583565 633901 795084 154779 689993 721562 89119 958648 495316 378677 843237 804201 791508 988136 892848 98025 702601 921861 780889 433741 361898 108095 590756 605884 411257 428021 702719 432272 732654 668180 521019 832570 302080 316102 
987349 508425 37663 76467 983424 532978 971495 826660 853531 763002 331148 262730 377378 33748 184591 674618 983841 62840 782712 90948 668723 193968 518968 371441 142592 251621 39620 663610 84191 858052 979711 587891 882828 533725 664357 866251 583055 152204 209263 952937 915205 540410 215666 808935 90509 
400256 483552 590701 463095 782616 681648 648170 976583 200616 19610 635526 968588 575582 815487 52778 949985 311549 640668 832812 845274 821377 215414 944680 973580 941028 897616 405136 481437 113281 730422 88298 29889 213974 678998 492983 996589 876998 657504 489523 593965 677114 641401 562552 769047 456887 
615330 719031 768436 772349 68194 130061 110077 799959 74740 83656 740987 972355 5144 738775 601987 735565 827072 631875 465890 22422 641210 462478 899419 298713 468353 9735 975826 109753 572286 261224 82991 703967 496606 851426 992668 564799 981486 102744 364758 572577 186400 622096 544931 707895 360870 
663270 443459 187942 295144 909349 726715 936353 888178 142485 235066 356530 152219 727243 982634 240856 988467 65625 461175 485072 433402 453842 566223 931240 556585 930980 503816 259336 553075 565099 967230 430296 228368 927041 134589 39863 836389 861303 976216 724566 3787 211281 597448 672357 454875 96433 
913213 443341 678409 374387 444765 111811 828228 10987 559402 901164 458318 579569 160500 527744 661019 644081 958039 405738 571121 92628 445601 407509 953930 421816 648427 474069 149448 762226 146425 604322 858658 575989 564015 537067 466727 8779 165229 294954 19765 724630 712470 478082 820550 872969 5825 
481569 517049 963863 887306 604522 572842 332906 12030 43124 271073 176808 517192 420520 939033 179968 541194 314043 755957 105208 851109 222683 113986 532689 33989 650102 773670 746458 128183 594219 135778 650359 75787 169178 130573 963093 773699 703415 295998 302081 746538 567071 995240 780081 503942 450625 
960048 45135 764667 232356 150342 132127 971391 780679 664815 521731 430780 438484 784540 75314 32702 920317 725672 624841 605846 856245 587933 895897 76011 400282 714329 822548 483704 709568 602628 503998 160192 79027 549132 441210 311383 215826 89688 799125 512856 754502 320855 459988 709337 105394 535301 
258391 542062 777325 883231 664259 149921 987515 560155 742283 904148 274483 564830 387852 500403 683809 891849 176946 762835 957332 618156 590569 689509 707843 906045 202365 978697 226899 662352 204385 848644 714004 979127 907057 7680 378709 87668 673952 366223 164174 416234 786723 438657 497415 174574 455411 
697575 582774 632356 976762 56457 766863 567330 745966 991058 989727 464682 486106 732977 643385 690490 97973 873740 185969 5029 397772 564677 609048 71723 447252 773222 4309 233974 728230 501723 924899 183640 199298 24024 332347 176059 80480 615562 259740 342797 606619 249466 323830 609076 982443 967214 
815917 80415 840954 1885 601795 238725 566562 210843 826799 13813 984064 831107 247786 712293 849182 172684 412284 48479 196707 744630 740889 793538 876543 516980 136335 999513 766446 460164 608588 265240 943730 424505 862006 301035 426389 980152 56111 992950 190994 882909 523114 691409 230368 770899 920053 
79549 459934 848688 644379 656640 109670 901619 966530 986212 418598 102864 985725 185043 79379 594312 966634 23108 18816 828639 840494 961557 808791 896604 954506 516136 295865 993972 723897 526232 764870 643949 122132 741156 492637 282862 914147 602306 184480 880676 588517 603077 983539 90593 788120 579270 
684905 271105 118729 220072 99744 959223 181628 424886 372178 652486 941021 668042 646457 664917 710625 927678 825218 349108 185185 317854 631969 99332 436511 816448 980007 541379 419525 479898 631972 723996 59167 833228 995100 694247 569651 611195 169821 751279 36080 541999 920116 493453 726392 82924 158369 
953369 526953 499938 302476 712138 334143 934445 811469 770653 750892 307827 828384 686768 787724 976707 410763 363242 809934 922215 57489 379584 49761 227309 647214 85841 285659 567329 95645 12051 166604 770365 481771 693557 270303 784246 405694 604445 718690 217162 891450 985934 524988 719833 189053 829064 
696539 116168 192305 22824 38382 766145 918759 88142 509806 565973 690334 311816 649653 785978 840218 816257 556343 321988 26165 342997 106234 431858 947441 341275 165371 838890 843560 206710 75074 32613 35773 771612 148780 744430 310787 703513 26926 229546 308006 536731 311870 514692 848547 961522 817021 
688764 294130 373363 10752 320294 232711 633337 268503 180152 974611 433873 535393 818171 640583 610467 367135 192707 898430 515914 453488 725569 735778 480414 955114 43783 17144 266983 74826 382042 744856 891847 70806 555338 781561 597909 875631 14272 231245 660486 710775 722207 94358 246167 540377 251292 
372985 907511 443999 787767 939776 413838 513335 675553 894251 984800 235688 911395 768134 310513 809788 512989 202359 396945 68326 500272 994853 460309 514543 742449 120794 225317 464656 731503 471483 521384 982795 360820 945247 943145 148586 885022 873334 178272 76927 767585 163071 828966 195331 931204 655830 
5118 960544 374541 402063 545222 874812 913267 521882 389354 655716 159027 614670 636723 890529 602504 674458 389675 479675 619704 849171 144612 21078 722505 322883 614356 490089 2305 959673 201771 449860 615502 206888 410404 506394 125302 471977 381205 38569 993858 286910 210636 152884 417931 363710 559764 
536787 38167 465791 16461 657871 314961 161073 195300 553817 307 809655 560257 518964 285679 762027 968823 901180 968915 895578 407574 610568 367554 305130 649136 361411 592040 376123 30646 9970 739832 590410 63108 777999 56200 79569 952221 887512 756993 663872 441329 273651 473526 517937 792614 275556 
279964 277789 176735 765230 173366 100660 375797 540920 405790 541285 418682 514181 917407 965680 40502 657239 72441 103610 951589 644992 699530 903809 532503 456522 567680 490183 730172 557557 8120 39138 833112 804435 316926 526198 569664 490291 143210 945460 547562 548999 3096 482596 579531 920503 448275 
620032 94093 520715 239993 45681 165706 939522 465841 214560 912395 549872 221095 642567 623780 229214 198056 973243 33648 514981 499440 119663 521623 159001 581474 69185 707999 584570 551780 803881 21424 516406 940265 115516 553472 180257 677548 719177 119779 143388 450088 32173 209611 671182 191091 833390 
416747 389146 322984 966746 420478 338775 86408 942101 497776 667882 11285 205774 768803 79416 526007 790226 112173 466271 905741 665644 646527 99640 901172 282657 759379 351259 831182 968989 538793 538624 318730 955539 444122 641713 922285 864599 980487 525044 806699 478262 192925 334335 200388 478079 930102 
726394 268304 42274 192664 690396 224269 355542 790035 125440 154551 65765 993051 985732 34753 531843 40707 353482 3733 484828 511546 926017 865779 492033 451061 188829 970294 160337 39516 687033 638416 969617 413426 423071 528243 122441 629819 752511 994335 936205 394303 148885 1970 387353 650968 36722 
