50386509931
47442371707
37329569914
44426525131
44532803441
32385397861
38507803905
43056505162
276599975743
38639910222
41220026684
36470315583
48179666365
280872414527
37644362845
279183446801
272746445484
31960175787
33410742453
45128476634
38262054697
42144397848
278703417229
51277463030
39065818417
40842213755
40964054071
38699286150
34217812039
38872983433
40730973082
35512676842
41791566824
283902885865
28001200742
39930584633
38370805806
40143127427
43550939606
41968462446
28560215965
40675885868
48242377271
35284796272
45985660176
34124398891
39749681409
32178816750
49869218619
295129651727
39797392429
36431032897
258260967251
36220883687
38526367530
38061896366
288619481771
41426319901
32182097066
31491652408
42831971993
36529150247
35922768169
40929670859
43276462570
37428483150
277329261335
281723269873
38588339078
255761871298
37436583351
43424930465
282875453173
36137960164
284936415726
45066496832
36351131741
33066995565
39715522226
44398695367
48584032531
45426938247
40296927632
33486245228
44619632777
39830321711
40141626460
42163412153
297045354209
37742882435
46387527946
35272951656
267190249640
47929474858
35696922726
282243379128
42569483784
37628950493
35179272134
268885370975
287341642906
39620408580
39256355981
269506617688
296958997619
35715977062
37120221556
44718723856
258826986517
45591998978
35827204564
46610032907
43018453110
43079068378
39771931936
288152414458
42807364416
33825300222
40123315818
43380005367
35026275615
39170246412
40716120371
36957353595
40929630110
45823445177
35343700572
39131534044
38546296121
33153485394
32046186452
42231261875
38154682444
29329474795
34650539063
36377653325
38659181339
42261192117
273100803783
35409584838
42576547221
42534867754
39076090281
37636641539
44508518765
270312174081
296292632739
40231342305
38848005945
41547966966
36467724783
37078145931
274313707125
40157013501
36779902297
41551960201
37035080015
273843225634
47245847195
38614195512
273882176576
38207527403
36475300730
254301318278
268075095296
40089811203
37091919310
45197933060
30824749011
39598885453
44793464044
34604143252
47611912421
37547773394
37581209434
8019110471520
44101622757
39078337601
35925271204
34314456183
274058673433
42084000881
38211102100
31616542594
35095238112
37365637745
32508554993
41628712214
43351777102
272982249600
280370367963
43128974380
36329474899
41098178226
298854065372
36537727073
30731122016
35391783839
37375118584
46515861748
48641441458
256356160208
40794127917
289371462429
283118766102
37184214890
37931136150
35239328972
43913271812
36832227279
44705273182
38033443079
34407725847
32638724185
36777724685
40366403141
47911457939
41155204252
38150494739
41631559858
39120713126
39674627423
35837576745
34887330793
45999074706
44189563573
51546853943
37767668256
31141957046
26026861937
39152451639
39694324173
51742949209
280303967445
42743088308
44390100004
37184493223
47609023263
31880026415
273043521363
41031834508
39013753910
36037800429
37036013534
282946733960
36093694143
33944831236
264550493547
44218582409
282570623579
35884544844
34971854135
44678825144
32096271425
39264511987
39104400258
39539479669
37672226860
36387049553
44401633668
45885850517
44379846510
38616735790
46835396166
285136204801
35660221045
47548265185
293286151796
43686075529
39814237148
288739451228
35823423062
271164930488
36663366404
36649747061
37306774873
28656500897
40808468354
34894600485
43267587766
40215669556
285684047187
45509733877
44752051861
45795143034
27648721435
44215463383
35863489709
30790881095
33575526150
35428043199
36739466032
40505939362
293506388950
292847627743
42236436850
35208799324
33170089195
34460683675
35179158263
253525331370
283754424502
38673736581
280665631853
265157411830
299296644303
39819889822
38093672868
47823282731
36683451429
35619480720
35633241380
37789026858
292628272385
40101979889
282506570837
37098347794
47355325423
44308357183
41955676393
37615830608
42188454160
288971527290
284948812696
36327261834
41475608445
38123461918
269396213868
39874741135
35405507230
32054347573
33942183441
266486704117
51704895234
44467123515
296847351062
35770109567
46296253165
39352015053
262742738458
38453681531
42090679741
40716955784
34093134591
295622145768
44980286232
44162157721
31406908777
39213797536
40134862918
34778250857
40280587452
38373779805
30009210221
33792032035
36951321397
45895096202
38690987713
34323937817
38000113057
277542607580
27978128802
40125427495
33910824199
38251388801
36901481288
44055850777
44205549316
43819983069
39958408691
35452909679
36323294047
41937060346
279960419509
43964249804
42141525399
39043610020
38347440967
37527076785
295403504202
39191111875
39118684946
48480665027
33569352963
37868730605
270904210580
45108725898
295449054077
38851023712
40308798698
34379457791
273129603243
287365808040
36224529495
41178310716
31834777762
43648724427
42826288235
41565252088
40151194550
280015175178
43541351228
35133900421
36318652138
42019080469
42329884758
283405250481
48618902659
39539939062
284182215656
42523852614
35415394312
36346380973
40333901692
34097379806
41548186321
38418925616
37569950468
49827469007
37606888840
47518566574
46779053473
280574800037
34925495846
38545502432
39326526572
40588036154
36514949275
43719074348
38069142196
42968462625
296410488110
39598113351
266756509920
247535043239
42529275254
33702148180
46027010893
39549476203
35430696211
41658385923
277176302526
278059568299
33955509682
43556462224
37226941409
42575625611
45944791410
39024198993
40093624710
282910496847
38492638178
44459166892
44741467433
40236240393
32569741540
44268578514
277090695296
35709947614
274978312092
31429396428
33536677931
40808457756
53493213492
42396297725
39961015162
34665819198
48095978160
39483980136
37138298889
33095483242
32350104030
255262051520
37099233731
41571584633
41540061733
40185104213
47519863651
39797058291
48654681363
42444886713
40276358453
39566832189
41782142076
38024693213
264669224293
42980426868
38579788802
41427030976
46637728913
36799327707
35011444014
44697616349
291064883509
44071361097
45679703188
38487572824
44946302338
291999577299
51047687526
38525687415
49210037970
35637275569
34142335597
38516547932
41878512159
42636438925
43489348676
42938050781
40032657051
287520075867
34427248131
278618410000
37191574397
39677810460
295770144258
39612123098
291591021548
45366101998
35360542352
41822297692
43016176385
40956360371
38674004424
30880985179
42549975543
39076754273
37302025198
45679075824
42622018673
43685932314
33425572314
36296234550
35453034175
32291679513
38046391944
46568125164
46965116042
42819566416
32295970518
265843895115
40390738057
36836470501
32602320351
283262174618
40908015942
44031513983
44984262047
46573578244
42734677135
38045094054
42415054336
38870781230
272027572068
280538852136
310360232907
46026705338
41946242249
40032040900
43325919826
283071462219
264083081986
38344186807
38492396251
273196133325
39608632099
40820455108
270583410992
42030723756
281617897754
40401759949
290212250053
35741583676
40422181398
39842675665
291162357199
285048900264
37845488466
30832418290
32383067785
40525812364
36559444199
42071575758
41345288233
36009050016
34865325963
39127104639
42056835594
46861614247
35173036092
36663367437
32685394063
36936449855
40884433282
32592417326
272473443871
41791930820
281483027965
269190882166
27105886470
34637206388
42058076780
42687856605
283085165411
42725242563
268224184026
33215590717
38413644906
40395457958
36224445459
45706175235
33272283724
36613242513
37714439907
37583764965
36395393788
35789891198
38157089728
29777491766
37479155730
41187708986
46661899518
41987087783
32119092513
37423720943
40575123072
277315131405
43462945551
43086444934
42125893436
36508501159
41281841100
38692059947
41667484987
277684730350
45052035197
38478272963
270814069971
39802580982
42999776090
45157215614
280797075736
39785754086
42934927714
35155839777
41540750267
37821541684
277622255516
29217968675
41326629445
43575342997
54275662649
37270065454
44541985455
47620791423
278238350217
40885080062
38502540948
31849638718
285306645653
273043578893
262189356876
37711527556
48629630181
41410835535
38361969086
44732513493
35516009634
37791220950
297487285019
38187384822
42574250797
265499958591
267209485998
43581818717
44412609689
278109326906
42357796399
43403080175
48652121297
34408759652
39236924137
291994722366
38751056579
44058074047
39265735455
46205367936
36623573293
45014574435
43960289999
41162588293
37070157732
275536480865
43233286721
271219518539
34033365813
281078173932
41760714974
38034312229
37203545067
40083322953
38590696020
259082071023
35989302432
36927669310
42670585508
37764594119
44127226234
43632126179
286324451500
282686735097
40229059258
34689456301
33990677285
35900311393
41365465465
38956572386
42719726933
273254763558
45262138902
39829801589
274369320872
282671114009
282972743886
37057023146
33392079301
33907335332
37879428359
37934352020
42649600738
44882602628
33395776266
35475221332
43721785944
284830386255
34403400352
266199791817
41449810039
266004494289
39517032890
45202148173
40301389881
32793168296
34398622990
298749010573
289372783205
35581591887
41800043322
39377467300
258317005876
34876314552
37765367265
35674802315
44709611925
49647958437
45946858075
34850679979
43080485063
263311325959
39050623604
33515339941
35517842631
36096934581
38871765946
35573972204
45269925892
46654039867
37099963425
50543197557
37922222737
38840473488
38087638387
39366991693
277473385968
41845032587
43411141925
44160347705
33334382933
35143807423
43693838992
31761422216
44915806268
34077183093
40611535263
47273762427
35353447133
31488366478
291152521671
52829615222
41642076907
40909517271
33537881638
273878024696
302838018146
42725597758
270370756353
43551617244
41051286590
39716667327
43255247094
31478221131
34687686401
40832502093
39553434980
41651395710
39703613531
42863869518
32709377098
40651076720
47223133095
42245259176
285360593012
41396952846
31662915180
275788889856
41846618970
40354144838
277020906070
41554549603
39700941446
42847592475
38990456848
39612171276
36638876050
39717026622
50035967360
37998558838
284861953804
29892142536
284659371205
43471916619
36043129383
37360152752
40150551689
42321410494
41597787733
33503637496
39929200485
44482919280
45041390591
37526785464
45745200758
39370012814
283518340741
44015998914
40982551569
44122991319
294256408422
47155697234
259710350735
39565151626
33406527138
272526611141
37518768500
41185566705
43400029635
47385491050
262335807364
34025238565
40575963093
32818116494
44139419428
33399749546
48881997416
35406611990
40604407530
37068648983
38643829586
45453528973
32809209879
277810405753
37436041515
38905999891
41136069145
38476366096
35840309757
42284461790
36466649581
43761173053
35449895091
33788676020
39666163716
286079328961
31337040912
41601990912
279988328656
48315154732
45355758218
296573394010
35358432331
44507029760
48666408949
49376890131
43428613644
38473230498
38675753749
35207466944
42446690671
38348748491
42017428376
270176207257
41283893922
47442243096
295279173690
43123896873
44887227115
41419772122
279703209361
45607691246
38847807787
30708195177
40911610964
265950981372
39876332078
40733479812
38801851619
37341759065
38228878236
50774382156
280305996620
276731313769
42180056692
34120274239
36440077176
290441725363
277584028978
38509628907
268259061807
40354178482
35411931400
48228652203
39959910742
42783291948
39064792824
36614293120
35903136059
273331961017
39903813978
32965538711
42525319802
37434622179
264376316307
39266004777
38536293356
37023554730
42552405277
306218876958
282534696470
38006999235
38163257283
29545314642
40202560142
32870557794
40395736845
277252250667
30927891573
274874249694
45553170411
271092267316
32234535865
35064039126
44285769040
45988726011
28893503149
34264957163
38366077575
35844811712
38577547725
310768197435
253629139133
40549365335
31782289876
41555476628
48776216284
43807056163
39820717497
40917525170
37862529166
47334775765
39282532141
41964444262
44222251098
34676574689
34742551450
35922360173
40762134899
280496642486
41073366215
42524665185
44950690079
43340615034
41822338554
283390378793
33813403131
281873692157
297648979419
35610472244
46685543934
37852511754
35716161897
271820827898
40833006832
36789312660
38561535977
33231415334
39605974544
36825102934
37957897679
39028617707
42324025274
33208675493
41719902657
32715908368
37818939055
39933010390
261898219404
285638812148
44989205236
30609954754
32661923811
279029789290
36866905674
30902699274
52646585711
275834076586
39095339031
43143730464
39108318870
41111249681
290080848546
268699668765
40683986037
45738200935
40871295768
41715611966
41369411930
44578706798
44467458669
294010036168
36146616791
263578564550
43522083781
42168930461
37942016662
35251033872
276750676336
46741739292
41918759340
31661724163
40246977645
49413175736
42008910174
39199054390
36924989669
47728317130
38615116150
32418521901
42376330454
43637897639
269872862942
44419490973
37418336777
50354777604
38309094490
37681426871
41049166310
293435967423
40999588172
41233659365
279557319579
44465616664
44939302440
40828741143
45506777032
45529268055
41078984422
34924119048
31935232557
32971480322
41700778680
41445070837
37196527423
31956131722
41038381781
36078359843
44139698908
40092972700
43441568105
32804008368
37031681231
290796881158
36927019018
271362992509
46711664404
275205044506
38790586140
292108438483
42688472246
45997807415
42782326636
35700144051
42265275260
32475467075
28982268075
42476617708
48190362955
42404666573
44786982475
33676926949
34518361438
44326063407
40827848114
38214932428
45312311255
42587574801
43982733373
44657236406
39880962773
38303358464
35615122970
33642102297
298383672987
36372291031
35696492814
44576575504
40442223747
38845479740
32399109199
39938549996
41149208566
252801991300
31171105487
39222622283
36028123604
39806180618
50286813134
44391833996
263901715325
40856274606
43754542931
37968934928
42749868417
277626765825
33818900695
34446416682
41106061593
40132776408
48897380929
40240040760
41927406638
51395398241
40822449526
270361277778
42697100552
42612709769
39143785300
278499932468
34003715682
51403645912
39182701433
283385699017
44737615881
36685013956
37626466387
284757882573
281575846006
39730298349
49658781180
40226009205
48990783657
41908609471
286542618849
40360671405
38205075594
48790311371
278783848726
44572936897
48542729162
281647133382
45183694257
294983135671
40255270964
38752572872
40037970370
35759635433
44976299631
34337384802
45657691830
37187012000
39381763770
40225732529
38782702236
35500245245
39549816833
306010450956
38057480690
283861619037
37903119275
48601008026
33123154747
270247134026
46588094707
40291794672
41970083837
50638350254
41145422516
54011312170
40670674180
47592070494
43368443534
49136808764
37495225095
39862282095
44197160423
36620853686
35223330437
41832115219
285472039733
38955860508
34875093944
43764251289
49893177776
34729041804
39855639745
39894011689
42577277684
34361964488
39234808499
300225190143
36450753594
44992574573
40351644159
265709453372
47035773607
49593771765
41007691060
34657579474
33573384964
30263942208
39210496187
38319710292
264441187321
280581363075
34081804664
40412324302
36063357636
38530204658
296790253174
50848788357
39272613697
301567933020
43886613197
47532916623
44978542991
33067143929
40756957918
45259993128
43744178855
45538359636
279664133235
44467715898
37434661295
44276905082
44081213950
290011235944
40136471679
46435031017
33774530293
39323892464
47774933171
273720160757
289465439838
41148974342
50231528202
47516437962
287542091520
268875448137
287558673966
38911129485
48788705303
38750664567
298134377641
36400253551
45130168876
261780935991
35803665664
35173548980
41559747550
37648614328
290154107987
43069154976
46424036650
24105715249
282384547509
45299948792
48405350654
289788387852
42850909629
39094051429
45447298360
49591493070
42436394140
41638019117
43566795989
40630628908
37303419920
37641370627
34467448521
33901784107
37473251311
44176013640
288462719773
37644824168
38846574212
49213920427
39585425591
44908290349
28222692990
36827008925
290282662328
42495602129
35556175440
44080581613
38351201646
27540763936
33507254838
42775617443
43700502119
44478028964
44004687384
276255832442
44227049060
54546851230
43139059106
297328414006
43804583644
48651366751
43599680582
38959496168
42664287985
39341780164
40176042395
34341105895
30830119786
40381754393
36633148802
43269691385
37096103704
264771418836
277876890102
46258573296
305678975668
44032662799
41417537356
46623788231
40473921195
45009420705
34220888620
43691618037
35002078997
39197862243
50225402094
254886274557
41314772821
39057006677
31165090823
29256436226
38334618985
36711454740
41950439186
284681724880
308781708390
41588530394
41189552806
45065940883
279509165198
33760367409
38841418050
49497422764
265021964979
36724901499
49782888288
43979324785
42059103911
43640777426
31821300532
36191610491
44132049148
35515203092
40583098581
41795648603
38303982086
42506970890
283571448412
283941217896
44177990324
43617866713
37475511745
36435429177
42981227404
39432594683
280620965839
286071536351
41854016690
38394938570
51352716344
38076948166
40889136880
45781837906
38694492856
42516200723
38269034916
35142729504
44805152354
48162072243
280086563772
39314935431
38292575506
40729711860
44497459749
278914954961
43842564341
38988765049
33132525620
45532826786
45164396532
47701824994
34470016092
38727963464
44111728562
38788739502
47808762706
39968574454
43521419255
37126462460
33686812492
45746140248
45130861067
33912064341
38807850674
285775320799
45066162522
40760081026
35505922844
36742174131
46984912256
35168611228
28952988610
46590220407
280078477691
45572260671
39541754315
38102423573
46098191326
42765748373
37518891584
43129733383
41537573288
271878094761
32622623440
39419087297
279931604166
45936750645
39579002818
244976749094
271943866068
30202024578
41030899411
33636121242
38258559535
47800293718
30486812783
41190575306
286180618971
43074966846
35168342253
283817131842
35449713054
33509795804
38524509665
43209731455
45839715229
42926389599
269799296234
42803238624
43398735021
41195725425
37514072872
44107267912
37878581605
32982031634
42920307559
44469612407
39194034694
42886315033
34149815475
280034957367
45275952870
37675800957
43626347581
33471252305
30524300543
40631781071
284597160070
40566025179
282858607018
33239542418
39055277424
51055234892
48320033716
43896014431
40997688316
274953107087
44496572490
38339985047
39495257329
42384966083
36619966652
274336685787
34489475575
45794539180
311069868510
35117808413
46852565716
44693746242
39642867099
39744760446
36797888512
269895048738
261153202412
35220217729
51410199717
38598996157
269006540398
36293659856
36673129276
38293847856
37161170509
32708304435
35897180156
38006584777
46138302678
42310018848
45177035025
45937938134
35963011865
40180767988
46257245635
43246999924
38173872885
272759936039
43693695985
41961887299
47423173643
44746430733
43511599271
39687428791
38410700133
276168729316
42353516326
49572785423
48234112224
37556326326
307493721800
291998773960
37327742615
38418038660
44040604393
44386462023
38001275500
30721578080
290693708732
41161251408
39157102644
288698829821
40138157061
39856883478
50427779490
44175068995
42288944399
33696189961
304194212666
43995576280
34555486826
32624129551
51622251426
39684934314
286058885681
45818047514
34111451861
48440114901
42464223173
35096910697
43078177812
37600441672
42938715241
33395043962
41382828616
291411487428
40792991325
43071792759
276260526551
269939496976
43375658848
285787333301
43356649072
41005239943
39300460737
44359833424
47891426442
37207097199
37552420967
34960774178
270451646629
43895713432
46604782194
37722113411
275893135251
51512271577
34674578900
31027600788
38912872010
38086939940
44741833035
297052306504
44094966483
35297151234
39765318832
45053519756
43296230517
42496289694
284842364265
45323082341
37337308439
42527855386
42043577237
49065530246
41956907589
31305368771
50682604239
40137197726
39742738525
38562792220
45808537044
45046376743
45322403209
44024441297
44928318499
265789433697
37794207983
298580301715
43216114331
43104881264
35686167198
276595948191
40792099148
49402624964
46654924629
41085419402
42773360565
42228450860
35152465470
35995750880
42718508214
40217039309
275247125283
44529011923
32970589627
36695294112
38751582148
50421628748
39115085623
45106651658
41862684012
41734936092
53942155693
39724479976
38148747751
45744241367
48407767158
43921192458
42108877490
48339668929
284413656342
36773148844
39463427474
263209937907
43576823678
34069015901
36426159533
41455397201
44502286699
277895186476
37970079766
37626648216
288997073444
39135659575
40491701335
37302802492
42808294874
30286970794
32634015942
39590233061
34312725863
285932340132
36011797160
41785315237
32060290810
43067891468
44570540336
51725639261
37318811717
43349581158
290933701128
288349353657
284867984566
39946841826
38662103552
38284584794
46160180702
38181054758
46426649147
41706943159
279483748247
42547417663
302556983846
286766818255
40708710347
35940828740
283395754732
38099984886
42854836799
282707637129
45567505743
32035944168
275921826251
38243629577
46276278426
45738797076
45471915226
40271801726
40760630674
34714821267
287176914283
323401719412
308591581630
47369667081
35637056918
41085100556
40523557598
303303324526
287063669379
37781170730
42342284443
42836352893
41433725028
293093421291
42791284300
289706320735
35191799063
35829846320
287725376083
45179698320
43458421938
39757172977
270633346830
35009931211
44978895337
42535424976
282122770843
43826837082
289538354293
44098307133
41382909761
42213258930
42153367458
40543940125
41215463405
48128148532
32774259988
33501012230
44245255325
43775576970
35598200438
40792696297
37734894874
39220506032
40237083590
35777948694
42559876246
34640746311
39270165043
51741323846
34952445222
53578237755
25540594628
41155735956
41269937832
292814106225
46360696128
38169867001
34030231603
35453229197
41137728298
43198628467
32267154490
289217406921
38406477439
39698464158
37748072958
38560342167
39781433173
37463129696
293391218738
44256184889
38958247735
296946628724
45139734615
37618815707
301070380231
281208106822
40393504258
299185898552
36282455822
35350972871
41734786140
35456306920
37949534229
45069897579
36378533806
40190014075
290741025809
47518251866
41463119269
277422856361
47318953598
44410595306
51121474094
258674288928
48469001287
38215038780
44408086605
274476544037
38106081099
35149211943
273928786229
37055613601
46527009455
46785485654
282830370034
42616858713
42806541063
291895435859
286163058218
34335227505
39376773315
28077367248
34514912163
40122637883
45683491388
41741618637
37766895930
44802292659
38880649090
44695657433
32718344010
37675868475
42819321365
43636938577
43802901436
49803727600
35610324933
281847672752
35423712521
44481271718
34653369926
35687786699
38073509131
48586000120
40544445584
42363216304
37143308324
41434296601
37336426932
48318378879
44552802177
36077260518
43662693545
42621072428
300201550201
285098193101
38488799291
43981546886
41805993730
40948248415
36311018098
267125291320
38574978219
41401173259
43642058434
279390394740
39465722289
39123727587
39205019213
38082829597
280591895015
40202967797
45343928483
37495936350
307852940717
35225839621
47521073569
45305991985
276529068847
38415009884
43182244114
46607604308
41157239652
291117958456
38055961799
38584812548
34578849726
38595704402
33119676255
51255210806
294270317538
42627296895
47047696739
41910347845
47100947910
298961667909
45311186216
44053666935
37215063164
42569681346
44323525690
44678175634
41221289898
47579677446
38745421801
40234746630
41859892812
36396502115
38013680617
48194140078
44633002597
46225297088
37103517574
45641507948
30607582302
38385314896
36093714416
307407460202
46253607174
42996261910
39129928769
38480760550
36258334185
53209143974
37079124838
31399611994
269607896340
34892024243
41727047001
45471863110
40347114673
32807405705
30998976492
309845143205
45107018223
36278151423
8379209515719
46443497583
294827589505
296017946704
32982598631
48401403574
32357854300
37306687001
299998193938
35897683244
38497703896
41727925502
40538855918
41800873968
38421960232
284294976424
33790776810
301073682014
42327453424
41747260699
39522899270
284677036962
42954610410
36855190938
37103301034
51818664178
37761339190
38333596997
38906795799
40133489541
43333820134
288763560578
39872101732
40349510865
37721490246
40876197383
44739108954
31016403837
43615848631
41518335764
49906679617
35688708857
43309054803
43787410071
45147094362
48460648268
44042022897
39772590807
50606181629
40438625267
44171877891
52360112291
288792601464
47080870566
39776405714
33156380867
49925970684
287212232668
33994759779
287064079993
298003883923
44804266529
42964756071
315464367919
48433907354
46393961168
38879319348
307721782919
38521376573
295817605331
36145509175
44523095145
299245599261
29547573391
31151328258
40940245707
312322753402
289604254608
45784299259
293617925210
40270854591
44558525352
37510405086
49899182196
42151527836
36152944959
45478750830
34581509354
48589986403
36767055659
38566690775
50174460077
278954818750
40774580358
42145229655
39938943643
46753854185
45276470397
40291324938
36748010313
40831268784
39831167057
40602213521
285141141669
35735026122
276361643061
35500115201
36907951232
289710174027
36257485361
35527233245
39186622058
39844524114
28006901928
32543334215
44490167951
31964383128
35602553386
296229773544
45486273956
43482191596
40049672672
26430477122
44144074260
33139630315
43273303252
43315221913
36849553168
43811401318
274525848813
294502556801
41366077718
55094197352
42261220548
41955738722
49112511789
44226163242
45414631333
37974200494
39762274149
38243701945
43254005879
42807808849
40335931676
40229365158
273477778235
50610837212
46512677535
38606926965
38267089787
54210213532
42706788424
308681050642
37807041187
289123922955
36716992504
45706400957
43464237176
35718262647
38703986892
44196646312
50798445989
43061991998
273428951027
38804912231
48257550291
44396957299
38146953036
46090252219
36211279581
279224307799
313325744616
33687830361
44278480512
308605581789
36479518983
45273180355
43030383323
38243561088
34712603700
42639428956
276716097234
45585334840
39838161372
52124597579
38436047735
36998055909
33495404041
296361259857
42734816867
44566043375
287093134623
35212350561
45143046483
46003521509
37593655555
41570215147
45680072583
41997709199
43372004338
40955071738
41395346016
42073279955
40884929603
50665512866
46254811712
42543412022
36440546457
46646272203
39179358710
48697810739
42295496289
37823775245
34763459615
47661954669
265391660920
286042450311
38241302955
299406154635
37765268289
38952609554
35832743358
53538227356
38935259241
41835835430
40465678792
49864593266
40680117797
48448491672
272182399860
41792138296
34301788478
33835683979
49033096876
292892239081
288104211311
283027387832
35371646822
274558844027
44158434060
48097371273
38330852741
52291235004
38097277068
283485769815
35226420328
38250909854
301819758589
40675371655
312263529335
282042548348
44681186455
303436584101
40572549366
39662055469
41370654070
44082721202
40905069552
39040487968
47771448243
38638059251
47471990943
38445125261
36208396448
37243000546
39383452882
50801076401
275720554636
40809119433
36453807117
35981141126
40612364845
37350117792
38023409788
41326582564
38723534116
304028648887
42637572635
39365931759
46982698212
43000613543
38575244813
37366856753
44647459134
42646607110
291661542414
48579613377
43677201139
298118836173
47951880008
39802997732
37978972531
34858598176
287864993469
289546947801
48537602587
38906400255
309655418498
302148032224
46818772408
43152370409
34326318319
41859704779
42504548697
40843039495
44418123152
45858190437
47355557067
48109621146
38863066822
37084640625
297814885967
42245382372
45835304446
37976021746
41510873658
277257944609
33584091919
34923319838
37524745454
47270192584
289989500485
40046503908
36322321006
41931620026
48953988679
40991465498
41988181980
295737980881
39968447792
35601810858
35686004561
44654259118
41435180082
40176606753
46408752363
41276338726
49845996656
45755051256
47918329701
48634770145
35100669563
44045563393
44596437200
37464924466
38056795250
43103043608
304539895615
45179090170
41737439037
43056720853
37285587686
43675163736
46882423063
41414248607
50468782239
40292761739
41938656943
38558204174
40047195718
45178835535
44591751175
38992215226
43845419471
37438534094
42874656157
38964792185
37992879455
40635294520
44810205846
306233041428
36818301131
39848027673
40181965212
38750580738
36753610351
43745313087
49792330895
41925717265
42683790081
39852991295
42759060112
43650825088
39134823524
36946000112
43896148066
39086736513
48320788584
35226994541
38826920428
38972255854
45091092254
29738943190
40515526125
296705417641
49295208895
288069574351
43736724257
35274919334
48775408941
43858468982
41430539896
290955702513
45265907553
279924846297
42785106751
45417925968
47233478430
30490972316
48178233694
45524151440
46659475311
287506786689
46860775039
34776427837
41804505763
33568906523
34523454093
307396944441
37643621860
50130028862
35039672795
38950950214
39083282579
297040708160
43307225104
41885411231
48251581730
47841424311
43842672726
35428789450
48753410455
36838694699
40975154480
39019763523
42802686149
284139193919
290192083273
288196030101
34147649506
32176176173
43679071331
43740256765
41833823061
37912699320
39645476161
38074971537
49337747692
42051850099
49075239826
42956402532
47216824487
34278347220
43517555378
36758824636
38387678925
37423500303
25665721690
44977092919
34196647118
43583110875
259812148065
293124778690
290140141820
37231063766
42261563461
35381904624
290041138551
44662029990
41330520206
45188624600
40773202963
37317393035
31606091043
42030002210
45256046423
39245678658
44853043682
34769019689
35158245821
47022990755
46408812976
311984007782
288074540905
46535388189
53654672294
49499269509
38153775685
294854802356
30219183306
38500189046
277884684089
53871542477
39493178632
43667575049
38431496545
39707940229
289758401336
44192741408
281421217650
35337929672
298358860227
40459989707
38670513886
35470553647
302271440738
40344005441
36307945526
45546937129
41158162848
43523781828
42594303647
41042651330
309375818577
45180573704
41371046835
47234085885
41404262114
51946455789
43586331819
297679578150
33708555550
49667206663
36435155263
39431298258
40334044027
42255584890
40065417574
44264592181
43038952930
42094597578
36569294672
38237857358
283066083359
45754581852
49232912423
45395598733
282395706322
36557455901
44207003516
37375847968
35879959819
283730195675
273648570987
35798408915
42248947814
286204776152
39849801113
39352769041
38279417324
298905875354
42044572493
43898660886
301297211476
47744160957
42835177863
303255459657
44978000830
42282436759
42027447276
46512858768
46762527296
304217990208
45053241991
45180922657
45482119090
41086595591
44695345511
39589011595
49173702586
39916710506
45443122439
46997417033
48525739080
33849848480
36429321814
31217746543
33810634460
290871212726
39986482942
47052509522
40620501067
47339135798
41802862837
47747902779
38995776433
40252199221
45366876993
41894402280
36400887918
36006267468
34353403046
288581064670
294416478098
40653146323
39848197693
38574227142
37637845177
37751549877
39368775594
45064753364
47784538102
36714409199
44507831868
41437593631
261816979468
303828372079
280143961031
39738686920
37091780352
39497892706
278730559407
47443147660
36867444550
49524028632
45347638535
36439204482
45501902940
290969721349
43005851280
36456121122
38017514598
39613420419
35244032679
38066730050
46341497920
55214771855
338720755114
37307883842
53559441125
300378519818
40941770519
37158942062
42363662154
288176294440
37739741897
42842621760
38331152450
36862131465
297051095166
36043566257
46660273684
38523073340
289810630354
39110003626
43004876419
30742339548
287356495607
45606883747
45867492818
47490731923
44465779420
290987763864
298194805253
43211600810
43620351869
40345604888
33218921173
40539177937
281335325304
44574009446
42429222302
35747072985
41233864883
48663529993
38365920703
36804580352
296099501332
41024454431
40339536031
35511480216
35408093045
43122516173
40549401877
36049799165
38298293171
38983957396
49686369610
38952639985
281196539327
38583911554
37665272578
41186646123
49148167665
31995265636
46516608459
297367385571
39942968442
42679873149
42678366953
40812346956
303348998503
43448043236
38982772409
37240981712
304130075704
42420082440
295926887913
39371750861
41985803622
35463607504
43896358534
44848110514
42425610199
36055976848
40998822713
41761793647
44004041995
39264008652
43060736082
43683172149
40611065067
41775128087
42334775000
33847491793
36773273829
35451898707
291094584781
47292881524
42073792729
42692911274
41711762080
42139462143
46269760762
46829249234
37501275733
44292907432
39670934812
30465162620
42698229580
40346746245
273509035778
56680305269
44662990538
38515982486
42157025521
46062232336
42499788752
46080110997
44955581243
46374587212
44098682638
50643760983
41605624720
47086267638
313644987563
41084097935
34599165692
37430255431
44699709265
36737084375
39779631412
40201554027
43305607221
43720074805
45193643529
41048148179
39385535920
45362889038
39857747018
38946700402
294414537391
276899622582
297775622531
54813593193
38356226975
46861603567
301169769139
43344800378
37767323981
40598045869
36591897685
45776687863
278369452260
38150339644
299390719530
41483820402
34791602685
295925606926
37967359480
45870532498
38244255309
46501095630
322825975399
292981263865
299837475890
34918295255
36355781801
40376313412
34255332369
38712280759
43246832795
262341557204
45425840612
42955442602
46759027947
44931001884
40419644064
37538138820
41908835570
39459417832
38131625755
31700678169
307696151511
39091501153
40982331837
32414882642
49248802221
44005161967
50307565071
41281181392
50271088749
286705255571
45042962387
45893548070
39533718494
38600291328
43635740113
34581145652
283215037356
35898968220
40465268131
40745659037
42155595604
45079266216
277713870378
293355072854
45190546078
45796342875
44729934167
46520738418
36479085595
45320208770
48031454812
44569826609
284907633299
49017503445
275797448708
46121195538
50998833470
38407454048
282120554302
36600364203
41507609273
272820147234
282157366438
43342010638
39562278845
43790206117
38809779793
304148958080
35666055528
36204743915
45029085821
290893794864
38266002352
287384959626
296451873407
292992017023
51393396975
38440393990
41398141679
269069093377
51975489365
40140419067
51071357762
46324325150
304645393167
308540561064
38308630585
41165473684
35844123317
36223059599
40710766841
41845584670
41096438749
40621385152
38035044772
30349082157
34267722747
47978707232
281626798993
45049246564
41680480205
283378828986
294321646178
43223937532
296878453212
34270436444
39446369850
51984877506
51816165121
281838490566
33996586168
45328959914
37446821631
299211127510
51262825838
42871268594
41896778633
45949131342
35816545503
264336552060
39759100479
41265443665
47102907238
47284755650
52324422618
276662207872
285511258760
48395458332
46450790352
46353991689
45310801448
43152403661
38776867673
40263683319
37996923134
295724511524
34428946554
51354250390
49689644321
43362951975
41277304879
33224928090
47653214915
37950961176
45427717208
44707996780
39595768286
47587934745
41490428635
42088773662
34230656442
39170074618
39069919240
36162639791
39846646323
43550636986
44086125196
40956701879
46570618721
42993750685
43341391804
40920323412
279619124304
36860084877
47248254864
41340627250
289126733822
293314302126
38606081588
31723903340
40612406231
301062230305
37758697691
37420553097
42419520028
45902574668
43528627934
314084923662
34547285184
50774609100
37716334737
44204966517
42268913254
42541321047
34593300274
41574544633
31212933911
45316890030
290224388232
45502714661
36171689475
38209376933
39309419061
312610658336
41087996269
300929668027
50842887131
39529928192
39444879515
283988837402
278915122471
47900270045
43420893793
300581735738
38778025081
290215032971
45696172952
45057792123
42346040546
277552546011
303531959987
297562163604
41418065566
49443655575
42413551131
33165047454
287437286275
36357109317
36764889753
47773622900
302185630162
51640236866
294214215114
32292441471
38741754873
43490964908
316658219153
299488222258
297272323094
36691192793
40479173852
37438077731
41812211107
47903864097
35122837393
44157916509
298439137945
47014121770
39239153483
39122145776
37077594339
31535771287
34102629312
39301154882
40140329379
32920150398
42393622482
30000003627
282123309004
45819681005
36103768799
32221937772
38220856077
50911396128
42152191034
40854915524
35451677681
49495624701
51580585933
43322511694
40610344901
48739573500
35819222345
41963950929
306666162695
41360872981
52250437991
37181890276
33840344957
277910186349
310540718339
42244050200
38707554945
43100493401
281579527862
296335681426
39194388634
50105291415
37754717883
33400069265
53804006654
35407543953
46792829423
34347343162
32846449393
295372196549
280636921480
30147360819
42909996363
42568789792
49403746524
300341741157
54173374375
49719211324
43196513929
47370795126
38522992684
41782841714
39685125958
44765368578
39768231991
32400709603
34281992053
42759617991
39455414188
27579955455
47331054182
41140008059
286736194088
302569454998
34120855518
39941407411
45386824420
32108430424
36616860860
36810723111
37710349457
303960751829
39400457071
41549577263
44737040559
281558713859
40875037939
33231886302
43075567099
39511943176
288657559678
36143346533
45390935766
40538950838
43158525722
32698234930
35035471391
39813791662
38189046697
295329753087
42363966044
36939952879
287416785141
38419695579
41963554434
41692711960
34047512666
46169680698
43565320888
289397783414
44517024354
42060517159
32814831519
46622715876
42036396063
50298759808
44245112260
37409193444
30361561906
47644552336
41929077992
45474630754
38980713024
35989107448
47941882833
41074880233
36325972182
41760659663
43866163513
43906247257
39132956943
49665644147
39396974802
309389025216
40906387432
42935227892
47702509670
45931098022
41305487285
44985492220
40894203537
282326940733
289650440202
38555620868
39521307201
46668978965
41614725190
41718210956
44023003614
30943763256
39441700282
42601927779
42057470635
38611135263
48248458373
46112719568
42638322448
286670322216
302590621922
39109117371
41284142933
41319128906
290343156294
47955017778
266242929745
37935970536
34912924133
40928525258
284511758634
34437687412
39960600354
43218762939
36586481887
302932070562
40363501476
38753297410
52218991577
39136751776
47617338740
49480163819
43404581786
44356990868
46550012411
41355689799
43544116376
35775229475
31794046081
46441842316
40621829015
271361015103
292737051723
50216855570
37068579333
42067762602
39898855777
38401009224
39010357118
45890751984
47534360839
45927174107
263840365667
301539595647
37803015004
36484137048
50826202957
305846075192
50125123705
35231334947
37484227840
37446533852
37084643743
33603328903
39234638663
38230396070
31790494721
39398389460
279167600360
30023979866
49547520184
40175300253
284045053809
37337803459
46363272877
38578172431
44044164733
289705083743
45723954969
45259308507
292568785597
43012864116
39464915377
40808702960
272205997774
39014805125
36262157499
35027955303
46501374942
49157549207
41876575055
47054641921
42794984621
316658868323
290608128524
41579317903
37745887199
47841758642
300784804149
41395344144
35437591810
43426132496
306273232183
46381967148
39606100339
38856318729
297109275506
34833230127
49447960101
44086242024
291308799582
38507945623
42166925341
44855302282
43312509118
32627643268
43691840604
42701145868
45861667793
31534508007
302261997240
39143838113
295863563479
39392154691
37665592795
40659908807
45716855350
322545489949
47008544182
295203289398
43159314457
40395445384
39369544054
47110057352
36532832734
39644927141
37748680850
49795990336
47062507360
35865123257
38998299053
41134632515
42217524498
51133205723
286040215082
35205070866
40403875821
42123490154
45172598204
38660861514
46604263621
42417434017
288267379167
45151185045
40192649707
310796176125
35337202523
43813068019
41706369400
44668544575
51273211242
40148310505
304938659646
40305686011
44888916030
27150467752
44270831628
35401750908
45332522849
30562683847
50890931810
31510200417
47962195659
46562023977
41262507276
34929463665
40161539652
44964755820
52374039729
281457252961
303974734868
38942264904
295478087808
39904427329
41928955160
44873067792
295824591665
40082031793
47085401617
31019840604
42870834818
28843240756
57209343165
37876206378
307056704962
302060531884
42690003729
45832847064
299764580433
303069246663
44228856040
37540207437
43248331993
30944011730
37328506320
40068543997
40640252523
44732671724
291690639936
38349259148
39694689913
41169279784
40433827217
38670754342
38632564508
39221609614
40639185921
44376707448
37269098931
286439115439
49691807741
290825110681
50112507792
45451298239
33733830224
303599494597
283098500332
33626497016
34495132810
39983162320
40315160071
49805842277
43242913392
32772168677
39745238477
42368395180
45715130798
39428009468
41637478051
39654323411
304282968068
45047149209
43886575430
37638275084
37604294498
43301309467
46175531182
38970583860
40580572142
50006151387
34567445483
45950512243
45293123613
49596770191
43041351962
43278536656
288147094767
43137995846
36760141925
271193366759
272995141650
41072361006
295074385341
36187205100
45053831098
50885902969
37442681689
34618572759
40977727938
33728566083
308909436934
45054780857
42414349265
43365558688
26835810975
47260993008
41802712235
41588672782
286010462178
45011709018
42511849059
38654414790
48123949457
41905972787
279465770121
41179724112
33103141847
39088605533
290310700556
40376433455
268547057697
39964301943
314784499471
297105325696
40839385029
40877123782
39484154866
43411269225
50736878790
36941256274
35503985104
35452491794
290890392628
39495542156
50362891906
48059442159
45410494264
42385235036
44953570447
313129922465
40545621975
43294734229
50351641041
43496170320
41028379776
40873979519
37583121316
46611036974
45393320272
39672455494
45367361025
43019081151
41901075539
45020316803
51408908016
48366826887
35675947819
31986957546
40450278309
34319502536
38308550025
34508000663
37836072937
35040664057
40243777230
34105872948
299509215736
38322270348
51490346143
43505181564
36101213518
45693378077
37629001455
35474626820
31612291439
281300307121
40997091244
42365253929
312360319005
39997957750
40612305801
286223808177
42833254741
36668717188
39442056931
36054390694
44960021500
41786621397
305490178402
304547648040
32335634754
45495041295
40835429936
46338998470
42278478067
48454394953
38999828808
37295548053
41509978123
42718365070
310810058242
39309186850
47330723844
38607073984
42915935334
311409311948
46758027297
42924381390
314659274757
46761527452
34235205601
284972991177
285975291036
45555690110
40328876357
308473985349
45309006640
280538323942
261648743420
38926355725
43150732956
302800485151
34197123657
39072089101
51691114440
39565125611
38515532918
251630554972
42755124189
268877215632
39718032530
35185153550
35123731678
320046762344
279329092976
44091678362
43930936367
43277811065
42297638374
34894574305
40054856328
36940500896
43152467127
33769185101
41184745427
283212068424
44471262327
42410076386
291990054629
297779276605
34484637633
50841609420
39106101065
49699592248
32784015421
277336690083
284200090480
39562266378
40577540658
44692933367
40435879031
44431949482
43891043185
53370123424
280622211621
292334417977
37711988939
54383699932
317207603499
37269598348
35693684407
40775381075
40766675981
45862771864
47128171277
43120791838
42664378527
39322254644
51632656911
43136874797
45026829780
293791389501
44087053109
40985862435
45290639414
44215974367
43084014423
37405599273
45753990854
49238090605
44290309235
35980171203
43459652052
42509792081
295210366238
43115489735
42704908868
45505954430
40679509204
43047933404
45681151109
38120705956
44251656510
39221502542
31860152973
41056637942
37201009344
39377697358
48913312786
39146096962
41486500043
297292847051
40527613017
288755260166
40775234243
37473930700
293167202911
49420507290
47324921814
37772116353
39091832824
39262193123
37869411099
45530798654
46350094170
35257022069
38729256266
41721676894
48078523823
42373743572
30825367382
32425869337
39981719230
36133266588
48454188667
279637310365
40945259890
41940046797
295178547830
37465707518
295118590960
41186479361
324679541346
39399799518
39451422072
48039883277
45705023537
39003599189
51339387055
282669198211
38467905308
36716958108
42147859758
40218925631
303053922405
34864097120
34398888052
39502883007
37865890559
48152752039
39776864199
47425616580
31472725105
39323454609
297691996665
53089946513
48524842538
50854324586
292028974199
39369172304
36826922077
39041967685
34319882344
50452379782
46913514758
41613997877
49636944057
38348040427
281632381061
41922863514
297964366744
331540749504
40488481689
46288710887
39514838170
44411189293
50103688203
45334802721
41403073081
39467955806
42059450782
48771521420
38286966821
38217362480
42710923931
41280173079
49578793584
32336706519
44287956364
35750795576
38792219103
39131041097
317955467185
47281042821
42592622830
41500434647
40589304179
297370989184
46994099269
47830041327
286653946917
44952570737
46863033293
31933787158
45821975212
47547912461
44487500413
297228944186
39316747507
48040885560
42338795181
299639211761
272678546756
50165636206
51369990009
38494732970
304343295701
44135473632
39469332938
44072376501
37903148480
8796093425338
49816098566
39220129434
37608175843
50516173965
45490916410
45262208082
42439399477
36875718753
289665021574
47589877886
52540795159
302937758368
48486909577
48494748439
282941441918
29563199150
39772813997
46252105654
39847498891
36564903290
49228769731
47007793402
41435933778
40725306622
47842132799
42638340079
42266544635
50043441367
36697508765
42495581003
35692191545
38774914832
8827627875963
33075167541
41876000864
39525514979
289093223335
41676384697
38433218122
308709918543
38813457569
45847612271
47597806103
32452788786
45761992602
34420190470
31259805255
38505086078
48626600727
40568164570
45413624977
40260756654
45362350479
34016394449
45782652747
49396403102
44267699735
52087082217
39168900972
39464248103
39251164009
38842934222
42068682878
45955052954
48638222506
45923669285
28389862965
46552953204
40422074825
280343867780
55475715352
44578200175
41642486143
41076287307
289277851806
313432142797
46080320398
44534320899
39579268027
37605601168
302626348741
44392800947
44031628079
42003787779
43770521633
50483213341
297631289210
40649166802
50128541769
304437774831
266659555500
46630734977
37352798545
47239598368
46344071078
38007176441
35496164699
317342770430
39461658073
39330926423
40873388096
271416452973
278807724258
38110096933
45472665670
39499165398
43850999131
36160872655
33047637630
39149479979
45767542913
40235343522
36603278877
333753854310
46415707994
40485217651
46257997719
39837762947
49422177008
46220913597
43856329695
51903503663
47351119499
52180643492
32861669672
43992328048
36439054793
46051771540
39463210784
47888126275
42030345854
51667300426
34328169272
45382699866
41025162375
43385256022
37297449309
49873878108
40910074816
37213777599
34917177135
47067814222
40898373440
294935459653
37679716899
39725405243
49923871398
42505210152
33058983278
51247480137
47201372214
38738675255
38883547572
45468878302
266832539983
43099421166
282981846206
38695963881
291618336251
37623344513
288926594597
37195263195
49476539288
42622707785
42363574679
294050968813
41981131069
38282582936
293114800527
38231613615
45385923353
40196992705
43345741317
35664693203
44153213787
46349161926
44031054686
47894178618
316285111641
305883786872
294894484740
40376349687
39213127365
44581566361
43725845350
294425674493
47123288583
41076468744
45549793547
45562619602
46879198601
46252574410
36285687048
41542220807
46034055888
41035389312
34494797740
38322812375
40691642371
43386465333
40001464632
38132162757
41686448655
39929824430
40384771146
48431238440
52285358234
47371759390
36229861008
41669042238
25874077370
45275783553
39959903831
49313323947
39064577681
38808163505
38714188697
39173878687
44283745995
286820302691
30050141467
46632811997
38212304193
45756164060
49652258164
36530416869
308719356266
39972300049
40322451778
46232897312
34171879499
42981003973
46798689019
42105788545
44783756002
44637568804
41680310982
289935450593
40604340635
299015299087
44223593848
44994693274
297273834921
49472590100
283382579746
49029443217
41540198789
290781415656
49197226438
46898640798
48228301842
42865556877
320557927955
42599552073
43823121362
41249854648
298163403468
40955259682
39329092886
43676033509
39242561972
50619224020
42219216776
41769623965
43136750441
43024214869
38175872410
42956518345
42427607960
44982929295
42480450891
40724613296
286656728708
37561782296
273174432782
40375906011
285728495790
276967967451
47576146169
37239962060
35661207238
295360891455
45133756474
299348748848
34038711684
314805736639
46996287189
37820000582
296731215303
46685790958
39659542676
39143852267
296816582045
48040267722
308163313407
45782465312
30795309807
43983778230
43288531470
38189513716
48166781209
34851216027
301996073570
46314201433
42045897332
50172701713
44890520618
40621778339
50255120738
309023608386
34646728582
32020595954
53206909353
39741410179
41562411524
41208167515
45645812020
46560932941
38980714071
318959763829
40896755041
39701848035
43666952069
41821727915
34310104913
298270121446
40895743083
45355376166
44387464149
318424339881
305992876514
43460989487
37196779438
283657317007
45604082750
37150100848
312859022136
47119108530
38328097500
41361108974
39200011788
29175783999
310088954543
43897092176
297493110660
41386917629
49062839064
46787948929
316694856985
45020811698
43988440929
51206544952
40151858438
32792231457
42410021986
36077110911
311135369275
45315141511
55597316003
50229619595
35837429731
40572569610
49318442218
44415513891
36570747288
47678441839
48084992929
49085850771
46954372582
41781879030
41376316955
45667819228
38138353621
46535684346
43651634024
40509051087
35537305522
40089927956
46538690498
45327334722
41462944685
44999102420
48549478662
48231365926
292338290182
36858805753
52726098727
300809661274
48375656191
47679628613
46191908702
47009176223
40415451237
28014958803
48549807584
47443751987
50890248191
44101375002
42373054852
44248230153
42184140258
43679009894
43027242995
306569252072
41305575563
37499269532
296318859128
41979180720
37515047347
48080783377
49674421416
302017326864
40252081372
40224260968
51585740310
48450313247
32717759201
47558608764
44974178734
52849243823
39049865247
271575543027
278684214413
51254799633
44082757533
33661402249
35303882922
40047550179
43574813650
47677873922
307275359043
42894968079
44863510907
41164182672
295000418052
315132921240
40068687606
43264544883
40748719476
37968994747
39876583853
42906048072
42304645323
38432282114
49533310726
294579823263
53622529200
33822226276
301519594800
41156853250
44137803240
299592394103
41303043346
42493566835
45616525686
300149106266
47158017425
37358915626
44390486228
48466588541
51729198228
45771796582
45556419653
45246510523
31638084136
42844389233
279728689570
38404058091
44192188943
46545819876
37594090149
39358314371
40741802295
303274022415
43209063330
291784677894
34870422657
44407306979
44107289828
40548315777
49004200145
41144389010
285938560492
49344409719
285466847094
39382406746
45381179957
47697632289
30407587777
44826784714
39591390562
35656645008
43972220193
45921358691
46563409846
311097358413
302173490651
42715081792
34060167757
42217432868
46881364038
44259515809
34277848342
45844762110
41709082086
301716430135
40112772784
39816273189
36385644036
303943047533
319314357565
45412831627
40745236650
44774612279
37829867987
40906599767
289585842012
45305005259
39170986054
32674335301
303463839283
47971191791
315598651857
46080738861
35352027751
43903452739
43813244092
45533847436
35800772935
52753452058
294475261510
289386936465
32077884077
295362230572
37510730174
285465695338
34017312360
37639272023
41545496211
43993814048
43614300559
43813665170
40429399457
37285981191
39236860260
45915463247
42106273889
37099329341
295339810039
41955499359
41942841938
50948068632
48020455450
38762681012
38381525013
46217750219
40090818086
37660874011
46896038304
36203928253
311112057878
43461031371
44977258509
47603397222
315198647510
38990494374
43867870019
288439580968
321592296156
301814037501
29149913240
42766234242
39872283250
299259679597
286861986911
285606654432
50016316717
45688433048
42925654178
42450401623
298275742938
36453974102
46205205660
44911457296
43697819244
52720022744
30353288699
49625972844
46825863989
53043273623
293692990526
51390249703
43512794819
49393934144
298557598192
45274893643
295872217586
43235633251
33823751080
38855116563
42997880060
42229903200
35035749557
35595384090
46238327815
42165963136
312267376883
46284116713
46539524773
296712629676
39155688704
43937366911
33217530706
43135214025
304652698206
40623044549
48462155003
289029828419
46717696144
53717292085
39633127931
40357861060
270397978111
41585106691
40919707290
33115351230
39292819252
328366513526
51083174290
41915670573
41720098586
295784617812
51649531439
33610075142
34988370757
50334928407
43405966908
39112201582
46002451970
43115324044
37286431618
40810546118
39724110867
42618440117
49312071870
40646632583
36599405106
295941685825
34573048280
43716556386
39475538866
43326947773
292964757649
40193486873
47701341019
293661041155
36841282571
39745876162
309072707256
47019091504
44285136903
32787711382
46469241872
292980729124
36548205127
49544507488
318333673022
47513447868
46738030010
34490775266
40501544729
40009624521
313008713051
41057131881
47943086319
44666696375
39551995305
50737468586
51664471433
307431541014
38516915936
47103412809
45765216737
37947876656
42510503119
31264020718
298897721822
34086693575
44814062129
37102210456
45478596036
50255403801
296955438584
43902322456
300793926736
43703622561
43607293068
43536796860
41720669616
42645304365
38285563662
312234171091
43442873526
55473075608
40297734406
34327248217
34242358181
48420551008
303350236592
39105130580
42365958561
320397887523
44812302361
43509724747
48904758190
54172549551
40370268942
38329381007
45575246084
30824316489
42878833768
33525012176
42826167971
39264500546
50411361061
296463042812
44755125410
307084175463
47385905742
43155392459
287998472191
49451711394
46479803813
44437634795
39220541087
42301046536
43483532159
29419777369
49421002068
38591602323
46013969097
46698017279
37587883739
35934711571
41599330871
299082681165
48042423462
39582587953
41071069545
56286528530
41105477454
324316322406
44435749150
41688681209
40246144787
45437514544
34655451884
290441780224
45944890396
312603878601
311257189218
40974824062
304599265228
43304470244
299138377743
43477366116
44969773832
52547682900
40700176832
44193860470
46786780698
45246243868
50440834495
51028378230
41239910958
45816368290
309443101926
36383795201
41008640560
40967704706
44373484041
42405549205
43696656880
296214824817
44161191031
50523631949
39506435654
35548190081
47823956532
39337537905
42950431933
43584294162
39533926549
38573072176
42853801567
39516573500
37223732985
41451176656
45137885782
37180860865
37385763969
270070188145
287035890065
52490323814
46073453515
288258723591
42952482531
303708377546
52735848570
347687326027
312763335714
310829481153
40915348220
44664606592
42333608636
41589684094
37869664985
38804002894
48261368119
42786465969
39589519936
53370126104
42218621649
30796182947
37399361795
40599327441
48091118653
42794102601
40015896240
38948952373
310220085347
308790064659
35464995374
35149192513
40972790698
48359106346
42092063168
44543214364
293624413954
42817473460
272392970230
39280387199
44141996479
48536563575
46078548981
43009618679
48465513092
56950509517
35728783395
40298230023
42010616524
303006858706
44875067325
43352834093
37393771874
40328127825
36777240560
44878525841
39011549095
46736017379
50029857874
38153202480
40171800387
42283254792
43581878407
320826048748
41976134605
38751639685
300554980930
36296681488
43077323560
43460120867
49019305881
35192614539
41204631724
48766249548
41097795707
43388869186
45673368824
40882155503
46056159201
298809072205
40026674722
52150565989
52070304571
39177327365
41108916134
40900486339
303014942534
61986193621
40060291457
288731891870
50464214252
34793833865
43875848122
44714110209
46729942324
44281934038
39302570904
37875477303
48097102636
303100700970
45659837826
44640466792
45483291826
35548580729
44240591390
35731336827
47782684580
40445934390
300522653330
291617794203
35829885132
285056947926
284372259540
40831825813
310831049251
38192874661
38799464113
39349424028
323719383512
51464893380
42951109214
53854721982
324284578221
44544387760
37573626636
41715511205
42235550381
39980677379
45192834351
41014351624
54081474701
42724573660
290364669051
47334262465
49197066613
50648033493
37146689747
38128391954
46127323358
37410403116
44809575733
39940888556
40864539316
46618591803
41463890055
41506526436
41876579756
306457641545
46615984348
42234851882
40509072930
41147849534
45111630100
41062350687
37481744260
46940560120
291346398116
33198078891
297058634878
40250767727
37351188928
42475791376
298964381958
39432442799
44794733276
43444428069
41189757899
311672771254
42943221786
40532853882
39071952078
49272435861
37383043083
38575599726
40445587368
290061097053
40374386026
319893736682
290931242393
40020144817
34038829725
39397599500
38637397709
46620736207
43070975719
33172026458
46625146784
43635349471
37334319822
48499762023
35174831911
53449371720
43475488718
48128794589
43878028309
33331624945
47073674732
334931395206
44950279915
39060397219
40978222249
49084623339
46988071451
52668923614
48628167262
39167758092
46361383365
29964340894
39655450737
49524123432
50218452396
40245296967
37320329949
44102936240
47408276519
38778098969
39263602812
300343059620
31336778386
304222922680
42714737983
34826929774
305690455395
293617457392
45085264763
48029655110
40171634439
37424134031
41052418615
40996190987
44033682428
45336290290
43647099832
41521959767
40577277130
45465741943
48908999113
48916801318
43182641380
298314991499
39896307278
317175971532
43960758456
49213283591
41980507784
45809261600
39993703641
35060805345
37454210800
41625541104
40266152523
41377467556
41741363448
36913218005
292502748945
316759251830
44035921465
41599423217
40426095299
296058227774
32873604752
41889291882
51542711910
39592668636
38333311829
45011885788
44635150600
305598203959
40693114116
41727496249
50211129798
53330010600
322051823433
48096636121
39754332885
38862492777
46287683347
41981537339
36529458795
265908811445
40675559218
47087568062
55810231777
41267739201
44445529052
40274823674
33596479600
45179647731
40346345853
280826020429
45511413198
39420525433
37557310977
46914165211
48304434421
37598737839
45778821334
43058036574
38315498496
58079945750
38697994183
46169918605
286872345232
41259674327
45153681716
40537483244
47203433419
38049329567
40560058732
299844348854
40050799211
46212385812
46186971464
301835917534
36056837962
38407855115
50045460742
38167912454
47442136751
46012138012
38071893415
31394035676
47015497864
50083409550
36176373707
38020797621
43691600151
46787053425
46508024787
42113882285
47540045624
48767929115
38812730017
295897063838
46849675525
53834946793
49625636687
43525886542
36960692147
50713269608
41926031114
324430143798
40544953553
40264987964
46522846891
45255547979
315929552781
44097040405
298306738133
326396809703
296477094580
40393514309
49806811655
41735397952
44563589804
36844420276
39062770090
54698122600
44541615111
33335234757
48301027068
42418392254
45815726051
41734832521
45849921795
44479241847
45245598184
39789419601
309854088825
32153315753
36697234127
43446837533
300137568768
55874117724
51222136292
40253550809
44590843177
51476322356
49087276199
45562993112
37082026631
286005673296
42759945235
48776334148
40095428325
41818332382
265443100880
39670911302
47083517874
42029427207
47396412725
44679433381
37058402245
49160616664
317242655652
42946265348
54336283362
50927202839
44363947771
309161458224
46307689728
47033167572
44456304173
35296311761
42443132207
35262775585
40255516051
43788359829
328794274184
40321445942
37911699937
36493890096
53930596604
37580032170
34402697978
47157245225
304171217208
39680485736
52559995879
41672770678
43210965208
45653421901
46282786583
47319124842
46761189305
53310543271
48739389204
41706172802
33429338717
46537238800
48528828979
42604494572
43090003413
44446261739
40073125623
46068162990
43794136299
38493356169
49160515818
36713654669
36103637209
40414228067
32083240974
32768245550
43067371657
50615224092
47290104043
50087363962
38329550610
42303851806
36177591695
45826398860
43456676270
41928689325
39804327503
49056468878
45679423942
36900648203
37718897431
36448216174
37163053449
42816280131
41744064063
39589302160
50506665859
45354311013
48655977188
48275452082
40226704824
43538248055
42531363922
48470782882
54595116054
289901935703
43839685052
41657082699
316528542840
293143580219
45671076950
44138138137
39728270066
46604214565
43394707187
36818459286
35711905451
49261845832
46710692199
40325450179
42900176627
43226589454
37719221726
53733897763
49320802291
37191895239
35341952628
42366388231
300249676594
51584996498
47454876959
48482432311
42758014337
40034477051
47151234727
44954630705
42624504633
308105858292
53187626048
46888826719
41856103953
9013649253156
42190446501
48963081443
39157939015
39293487134
46382764143
35149284527
312613519658
37685264961
50967304318
44707987928
34275262722
35268417350
47866488031
44470900059
45180060541
41586183460
38222061447
40809513996
42907523005
58398035099
303379540922
45263158766
44305912405
36485559328
44542176581
53936697454
36199728793
40683679952
36903499664
43578743064
42173492223
28074214619
38468198532
45444198629
43976207032
42361281306
48692740711
41566628813
37040856460
41034294142
286583265209
41229447925
42075247213
34251179236
35817315308
35838268665
38116169759
41595353678
42443565794
41269195049
48899061873
52178500691
45255607441
37701748545
318509355973
41787187076
302869596117
49030212091
309448951789
46589222744
41119586001
45119449564
38725039999
38253970770
41324675301
38868122897
41968419674
44177082463
45846262058
299559999839
35732951267
34423251426
37688875022
51217626498
39527027231
43726264324
286564125217
42835851299
39886150793
49309336451
303537588120
54536768505
42854286309
48308769308
49343536157
37288404185
48743995872
42966993927
45532142619
42071247995
42374631828
22965331000
50119369785
41402596850
38578459041
34354489223
42544551515
46535166246
38541871113
50576797416
50515863995
338279100733
47620571962
284852251078
46126029022
46302545895
33739845308
41282943857
46188020641
47186916875
43474639330
40685331818
39518980370
42187570955
37660448192
45971139145
38693013778
325843358471
46969192088
39710446238
45682106524
43658414565
47444451561
39384161930
46966137649
288459246590
45746682678
42737735982
44761409027
44311479207
47546124421
43483513006
36467753492
287947127146
41328617384
41044992505
31087773229
36466039379
43446797331
45146506067
38449938869
299908732065
36987460356
45277795801
49191660243
39734344131
43264266137
48862405711
311221054989
47994216046
37299842640
41908884987
41224387503
43453573638
52280854319
40038178025
43540341854
50093403980
304308837622
31114976376
44317700343
43906312334
41480055353
41773044346
46563772617
43611303750
40905831103
46060973249
47124513316
31725562927
44191418548
36470014905
50100363965
37521317093
318123579104
42149732930
47745258939
40976173089
42746181054
41400906591
262033838761
29174299713
40985765556
50136874306
48810029965
58961875634
318790121271
36161773914
46196132158
39535046674
37898678253
35971366050
47166198732
41775200551
43494270510
44242334078
328258528406
42670956742
45650028132
33747452248
50929718616
52712527591
40196995731
42584535713
44828636533
45777474551
50612347900
41781162337
35635910677
44938371263
37609752880
39336883741
42291951181
41578434173
57586788137
43904075053
321448070853
36777586485
314306844010
41424906480
331299905180
38929428754
293148434850
288533418056
36208352504
286427991164
46342564160
320318311566
39762456691
38614852331
47921238728
308343347013
321699113666
37522560555
38073076864
37884908526
49075313639
36415691854
41589795996
307379197999
42585494081
45417041255
39433072616
41944485439
302240581797
39430951110
330010022081
34980033492
39663441130
48348914450
47314004437
325346986997
286916959886
40619896893
37349467984
42104232156
48023694265
34223524638
40611897183
314476131025
46807614889
45670123644
43796553691
52216738527
49400417101
49052178368
34156857200
46390116915
297780122847
301433734339
306156760557
45665339974
318055370469
43495572601
42724857293
51379543380
36409982564
47023218344
41167386667
285874853945
44757094842
43794307337
44872249451
43706435545
43995295073
43736608887
45270651451
43723490154
332996640674
39072248921
42168242163
44699446436
43992158771
47995665917
50506596155
36826110364
48000748951
44955532165
33993844346
53195192954
41121489481
40504729393
44355380638
41810867533
43730381713
42293720012
292675713904
47702521707
46598483531
52665025148
44212636109
37081128986
48746463353
46159371109
44958897528
42754056204
32213731272
40068237872
298860040201
43327790375
289567314886
299065085379
47399289607
39611708095
40900703721
43172035031
37746148238
44171198878
54912843105
299977793765
50991883113
32616067343
317506368708
293988602110
46648037402
44570116429
54373812268
46609147100
52553784822
318838566904
47363410512
331693776094
43833494232
38495168994
51947503361
50949064358
52572879905
47748913622
296107242775
44430018871
33989548873
33557582534
38365738475
42875834066
47579730373
46558683557
311965170476
41951707581
41635770537
40857192618
38101395783
35988913675
34290000893
42895233551
44332065726
46673500552
44014834243
39051966138
37890515397
44198728221
47115425125
295086007231
295170120588
41182805391
315566749523
48612946808
42295949879
39679231047
44989498542
38668602215
56297502998
55855009974
301457236657
33768550566
36781722768
49397713490
30509689809
34089072999
42534477681
49428358957
50670760120
42040674378
45431518188
295900583346
54553156413
45657342618
40637020995
314962466553
43055062711
303392095051
40193156817
45216916758
40722562075
37693294164
282463070280
47759157558
42886557959
42517348295
45032314717
38633222815
76188121715
54552064872
58507255931
62748607956
64124893109
73652346270
53033058478
53517813245
62439202503
65191710895
53086193323
53086696998
438726659524
73956435002
62933637579
72700280229
470097827042
71141219055
66104897027
79545210561
440311795995
58322178327
64320178900
467082352621
71418687218
74861771759
71827364476
53829640315
67416608123
67733805065
453672425705
79723646353
59722134860
76107331827
75622831715
80031784511
72686189087
62017106416
66587921523
64671189100
76234561727
64751794040
437111950506
70414761797
74197523319
60309446335
58198923037
68904058609
63307872469
462651467060
456513874937
59177213686
57220858295
56100304623
63400243400
59133486930
66868754052
59498585083
68369217158
75802695485
58302586895
67185157550
68691940817
73111922381
69181835513
454762190369
65342077142
69984244878
70028636609
68870443654
472738088289
55695442432
72509843887
60766007114
55413643370
57915492817
466895725338
430338497133
65234283656
52670180171
74895195808
60829779712
78527557572
78374753912
74634566593
80874534558
76354346355
86344839274
65363580494
63894544589
452314013263
64314359446
52916539336
76007045847
59945101578
67869912509
51138213509
433870623915
80355304919
79207286785
48639969910
70733759586
65934212842
56278709595
67277612232
408314944629
449090579182
67644837984
65750197710
67664307603
479010405559
58179678902
72556058387
66820881805
70487633361
48593049505
69622106176
62013774164
51319272599
68571096063
70115330618
51305344657
90955824954
88610868453
67758330144
61447568205
77491063897
72833152054
70738732131
53676382346
57726173532
74598132146
462598241064
60908251069
64587277455
416905216487
81013506042
68101331840
62334094546
54386997324
440175014965
80860176405
69784916278
57187477082
65111084845
69291917842
58246021234
60837947822
64583803179
66855823584
53626493322
63735909643
53773029694
62892831235
81301100918
443315997299
66887625997
73764599106
59580661493
496522598553
71217146626
59917361483
51969072805
59814827708
67362961933
75608741985
63781842214
71300701557
445939828976
453855350457
76176150592
469959482267
69178644336
75596725596
71844273156
483083673443
70152854677
66554301079
451613037779
66532022768
64885953635
74534565455
56320870941
55043965401
68619916552
54526825424
71824564584
73490479794
75927681673
61928597089
72406641636
57886754552
462425655466
59403816637
75827517845
61391360824
57726928195
55908258106
75772927999
48121795923
70085042184
71881697861
65074615841
64175506302
78061583734
60624998546
479357991008
60951776174
65916045645
69047741886
64588839451
62912960791
447369782700
62645595676
81901225063
62221850672
61763211468
50912050558
57156079316
56090522356
53833641021
449158674108
518737290817
76786023172
71735687954
65656042986
61669753260
69452843494
57916620645
60735285744
59869962165
69367210714
69417880978
70365452313
73724022354
476092291928
67927435768
64762254089
468253660892
41571040990
58045635583
58263219888
63015773110
59454596494
57775126964
428532669096
72139412143
51074259434
66969239758
52989200893
75050695830
55747108747
71569599321
79829920486
59372763014
60541104133
60442074316
58806653072
70188558138
82245323859
47421781131
56904117641
472044954664
56163946242
53147578312
489739467658
45303271370
501466255711
66160611101
45654854115
58979697558
67749995966
68929686324
87302481621
68063281865
75361356074
70606349435
61601398502
74203579344
64759221327
68929472713
77887755986
50268599756
58818314013
66805067065
395852204313
58061961330
429181152800
63963732831
52936186418
62750918370
60765426467
69280759141
58476699230
445421818313
70792574521
475155205818
73930122977
450269656481
430831729284
71543791082
66502892061
452847138042
56625755639
427768654590
464303684785
54097766905
439675119484
448053453747
61069101622
424642281690
59543936349
70243144574
425285208087
69091553173
72009957488
70882321645
69844257922
451222316631
63946523232
74322923433
469688356547
58056987168
64250898386
59423226044
435607829087
52853575900
445456417870
79125145970
63167303580
448824500275
68656474715
51369420649
459525847817
448399480734
58990107472
61277450186
61756986031
70403685973
80254743912
72052868196
65984559974
76870117878
468342007941
60030995690
71212432819
63161615373
68679312657
63791118385
58257514917
80916462219
71785996481
436044374518
67104618722
60199928289
58120803745
77898972464
67701399591
71957154298
69714470406
455097737031
46111965005
60052594868
77687553246
58079127294
62436458345
64799672097
60220594302
61195760031
73648335172
68315921569
63037153020
61562900234
62538187962
59581945749
449019664724
81431779394
56876920739
54915332895
79810937002
68347188552
61273724512
69034597226
492433129832
66787205136
56817832912
72215763722
68560941938
53757666019
457372711110
61750099339
76099446973
66193724278
65296611028
56676445756
77652011189
63567341959
67352434119
57749267848
73667376787
45622548884
64084598489
66391837748
60997712889
482398313962
502112078703
60014850675
45402785935
464403368467
59219718515
65278798811
479011026672
77082002606
62910700897
65659311354
81135019270
472426103719
469886989995
68863240035
64807132581
63987625386
64452784729
61395773718
76829186350
69536515453
69583355662
47730969177
76413573765
58931874563
67938849273
59947615902
73902310653
67271221705
56749071216
65761653234
67319695446
470334950405
476047958575
58985736223
58248425848
81507512860
481631329949
63717382247
58662064771
66900120073
94016944298
75956429655
77745846727
69723543466
79914954213
51889923959
58928848639
477424445451
60790955038
55557442114
57759372705
55842232619
64925272422
68360248377
71845536758
51879614001
60122070738
75712606703
59892173426
76707907110
70582967806
64046534331
69207804403
68219882933
434694878747
63030836690
63585516494
75742822017
82738189133
65915776757
69364181325
62931482356
53587233184
451333903891
57950087143
67706826215
53085142330
49134478881
55604786079
65702631548
55180384198
68522204863
72492923993
65616776204
64636360270
65884604028
56648030208
429492940195
66450457578
55615403091
56887631956
467559550809
78155286145
449774438079
67565337912
80440296964
57130893532
54837803605
63900011562
56913062902
56243042924
50930857853
63368620469
66275667559
72742430112
68507790942
59406470000
72948964991
61760216589
89298860829
66602095833
68307805174
77881799220
48379866545
65846495886
72809140932
68760054469
64995582995
77573347732
78032856611
75032110742
74982391538
59175882843
441966906108
58955314833
76453890269
71273131183
58496850609
62722846986
482415880445
68667585430
65774866092
75653691717
63425940923
60661991666
54741763069
492249307898
74976977814
