500 500
1247 1140 2076 5121 7773 6066 3150 5950 4033 4461 7750 9712 7055 6531 6273 7455 5036 418 7998 2323 8901 7152 6532 8826 8536 276 6091 8120 2025 4123 6001 6258 6286 4580 7047 9282 3540 6485 4018 7270 1256 4948 3883 8417 5599 6910 1359 4648 6846 4787 8591 5079 6739 7336 657 2506 3898 2227 8397 6611 8840 2451 8945 8202 9908 4486 3214 7369 7465 8913 7560 1564 1958 5259 9130 1191 7806 6130 8592 9184 8248 6517 6619 7040 3328 5416 577 7478 8196 356 2330 8084 1655 964 724 6800 8754 1673 1200 4436 4222 5158 2562 8271 6331 3540 5845 2050 1965 2320 4149 6068 409 72 8115 1310 4220 8674 9541 6960 7157 5573 5907 6490 9766 9614 1034 9827 4743 1548 7981 3526 7730 9733 1584 2431 2680 3343 6571 4259 8379 2791 365 3957 2610 7277 3766 5586 9624 7093 7403 9510 973 5080 2422 5973 9763 306 1524 339 6338 7826 7958 2460 2661 860 5232 3485 6732 8410 140 9064 3576 2023 6184 4020 8657 8003 8852 3099 8931 4306 5653 8347 6188 5196 6181 7781 10000 4686 1009 2401 998 6728 8921 2456 168 6574 532 120 7735 407 9097 7779 8676 7200 2246 448 7832 9610 6637 3241 1277 6584 1315 8316 3939 7714 607 8827 6124 9124 6481 9195 8880 1024 5272 2216 7690 6984 4506 3664 473 309 3025 7315 7440 2115 4600 7306 3126 5618 7810 8365 646 4790 7827 6347 3473 6312 821 293 4663 52 4116 5731 210 7881 4930 4847 4555 4715 533 1733 1426 724 5412 4329 7403 1999 3069 4944 4635 7916 6706 5222 7119 8095 8503 999 454 2656 1190 3622 4034 6412 2667 5065 7915 1891 6632 3514 1851 4216 1042 4839 8147 1685 4146 8372 8805 5108 1877 1140 6296 3670 9421 9684 6375 10000 5902 9008 1490 4137 9665 1067 9067 4638 9189 9563 9451 4814 6601 4970 1547 3774 5827 9719 8059 1334 8124 883 7230 8626 8081 6245 9212 7410 6579 8503 1390 7851 568 5414 1302 6068 4073 3877 7108 3737 7970 9515 7746 6651 5397 6096 2154 5070 1031 5940 538 521 6112 7577 3799 2570 8671 7092 8887 1840 6101 2207 5077 7855 8710 7898 960 7535 3307 9845 7453 5485 1474 2696 5793 7337 6476 9051 5576 1798 9966 8415 6529 8397 4240 9891 9631 8715 7937 511 9385 4254 7730 3837 1226 9244 9046 8667 7075 8508 8025 6570 4052 8075 1222 6882 983 6872 4110 7004 197 2056 4184 8534 3646 6627 4988 6435 4022 6133 8407 5032 4322 878 3978 2976 9167 866 4138 57 2540 842 3346 3669 6955 5985 9804 3241 3540 8840 3452 8593 8994 3123 5302 1211 8435 4362 9890 7576 8972 6600 8831 9310 4995 1775 1821 3736 5460 5602 6482 9684 3020 5385 8230 1508 6465 1057 2263 6846 6392 8650 4309 6044 7581 3095 9463 6957 4671 4274 7844 4690 8306 9189 4507 5585 6907 5057 1948 8214
2 2 472 9 392 107
2 2 199 25 100 399
1 193 6343
1 77 4344
2 1 287 2 499
2 2 10 17 15 484
2 1 22 3 499
2 2 211 14 470 29
2 2 279 175 215 284
1 259 194
1 78 7437
2 1 477 13 499
2 2 102 5 97 402
2 2 214 4 52 447
2 3 50 26 158 271 70
2 1 437 143 499
2 3 162 9 202 142 155
2 1 436 3 499
2 1 363 4 499
2 3 47 33 96 87 316
1 410 6260
1 17 1343
2 2 154 5 346 153
2 3 278 15 87 394 18
2 3 21 1 73 275 151
2 3 400 11 171 130 198
2 3 213 96 234 130 135
2 1 160 1 499
2 1 493 18 499
1 352 3750
2 1 114 27 499
2 3 21 40 30 220 249
2 3 185 2 146 17 336
2 1 275 4 499
2 3 60 125 98 107 294
2 1 167 19 499
1 198 7050
1 387 3824
2 3 344 45 265 93 141
2 1 132 1 499
2 3 80 29 81 256 162
2 3 447 8 142 226 131
2 3 457 5 16 475 8
1 354 7676
2 3 412 4 277 188 34
2 1 30 4 499
2 1 154 5 499
1 415 9502
2 2 249 15 318 181
2 1 428 4 499
1 440 6368
2 3 158 1 310 94 95
2 1 494 52 499
2 1 375 57 499
2 3 436 4 373 39 87
1 248 8385
2 1 415 8 499
2 1 336 16 499
2 2 470 20 58 441
2 2 431 52 373 126
1 241 397
1 60 1601
2 2 136 134 89 410
1 131 4839
2 3 248 93 258 108 133
2 3 500 2 240 236 23
1 331 125
2 2 494 14 200 299
2 3 205 3 273 222 4
2 1 106 7 499
2 2 242 31 235 264
2 3 499 1 315 164 20
2 2 72 20 121 378
2 1 7 11 499
2 3 173 13 350 46 103
2 2 363 18 287 212
2 1 379 5 499
2 2 138 1 8 491
2 3 15 1 176 156 167
2 1 1 8 499
2 3 346 11 258 121 120
2 1 174 4 499
2 1 286 7 499
2 3 369 20 60 157 282
1 106 6936
1 205 129
2 2 433 5 378 121
2 1 500 10 499
2 3 397 4 29 20 450
2 2 457 7 200 299
2 2 151 44 302 197
2 2 369 37 467 32
2 1 179 120 499
1 358 7772
2 3 340 6 146 228 125
2 3 139 64 33 165 301
2 1 105 95 499
1 181 9576
1 284 8785
2 3 82 5 230 13 256
2 1 323 8 499
1 231 1357
2 3 11 10 2 202 295
2 3 105 21 118 237 144
2 3 227 5 295 80 124
2 1 244 31 499
2 2 29 4 201 298
2 1 377 2 499
2 3 109 1 164 318 17
1 253 790
2 3 219 9 281 47 171
1 4 6938
2 1 311 12 499
1 287 6194
2 1 68 2 499
2 2 440 18 443 56
2 2 218 25 55 444
1 72 3406
1 357 5272
1 16 8013
1 422 4715
1 210 505
2 1 320 40 499
1 318 3403
1 213 5512
2 2 297 5 173 326
2 2 407 107 141 358
2 3 244 7 68 369 62
1 182 4386
1 174 9904
2 3 210 5 171 218 110
2 1 277 5 499
2 1 491 1 499
2 3 123 10 419 10 70
2 3 372 1 37 16 446
2 1 36 13 499
2 2 372 13 21 478
1 54 4042
2 2 165 9 339 160
2 3 445 1 26 102 371
2 3 307 9 83 193 223
2 2 10 22 144 355
2 3 360 71 2 306 191
2 3 27 3 7 347 145
2 2 95 13 86 413
1 458 9555
2 3 186 22 142 170 187
2 3 110 6 437 44 18
2 3 75 4 51 369 79
2 3 490 15 360 69 70
2 1 422 165 499
1 127 2561
2 3 147 21 316 113 70
2 2 391 2 44 455
2 1 165 28 499
1 3 2884
1 461 1870
2 3 218 2 72 112 315
2 1 92 15 499
2 2 309 24 317 182
1 172 4548
2 3 420 5 348 37 114
1 466 7569
1 273 2263
2 3 454 72 277 28 194
1 44 1056
2 1 386 54 499
2 2 84 10 118 381
2 2 167 15 167 332
1 51 9514
2 1 249 10 499
2 3 212 15 246 192 61
2 3 279 47 221 229 49
2 3 195 140 8 155 336
2 1 3 1 499
1 487 6410
1 326 2443
1 288 8255
2 2 201 21 92 407
1 94 7603
1 419 4931
1 417 6278
1 212 3697
1 431 8865
2 2 345 1 412 87
2 1 16 13 499
2 2 231 2 117 382
2 3 136 5 78 56 365
2 3 198 5 56 272 171
2 3 459 109 344 101 54
2 1 273 1 499
2 1 246 19 499
2 3 285 16 131 142 226
2 3 9 114 80 62 357
1 426 8422
1 112 5637
2 3 151 5 105 16 378
1 482 1585
2 1 155 9 499
2 2 383 34 428 71
1 109 5804
2 1 158 4 499
2 2 7 127 450 49
2 1 125 2 499
2 2 43 69 227 272
2 3 89 3 200 71 228
2 1 367 14 499
2 1 203 17 499
2 1 423 87 499
2 3 172 2 382 11 106
1 386 8675
2 3 378 4 451 17 31
2 3 243 18 102 151 246
2 1 355 15 499
2 2 46 10 333 166
1 469 2667
2 3 181 46 15 313 171
2 2 163 12 41 458
2 3 101 2 52 306 141
2 1 32 5 499
2 2 430 1 359 140
2 3 263 8 409 55 35
2 3 413 3 325 149 25
2 3 107 5 78 168 253
2 1 161 2 499
2 1 417 17 499
2 1 467 5 499
2 1 9 9 499
1 135 7851
2 3 438 9 19 50 430
2 1 376 3 499
2 1 370 5 499
1 209 4800
2 2 215 1 429 70
2 2 404 4 415 84
1 316 3823
2 3 397 1 164 252 83
2 2 16 48 53 446
2 3 90 4 106 380 13
2 2 156 1 419 80
2 1 61 53 499
2 1 32 3 499
1 217 7118
1 346 8302
2 2 454 35 311 188
1 23 6684
2 3 113 3 50 229 220
2 1 13 16 499
2 3 231 2 102 63 334
2 1 406 50 499
2 2 153 5 391 108
2 1 353 5 499
1 8 6212
2 2 148 1 113 386
2 3 487 125 101 265 133
2 1 154 5 499
2 1 482 23 499
2 2 85 5 494 5
1 380 8291
2 3 63 10 296 178 25
1 185 7252
2 3 45 77 111 72 316
2 3 151 3 259 63 177
2 2 398 1 433 66
2 1 209 11 499
2 3 60 3 56 406 37
1 367 2406
2 1 103 4 499
1 262 6278
2 2 329 2 373 126
2 1 423 94 499
2 2 382 20 363 136
2 3 97 50 64 397 38
2 1 109 4 499
1 342 3570
2 3 464 18 295 123 81
1 275 269
2 2 24 96 169 330
1 457 4432
2 3 142 105 20 186 293
2 1 113 7 499
2 2 38 37 402 97
2 3 405 3 387 96 16
1 218 7721
2 3 80 4 214 8 277
2 2 330 41 370 129
1 27 8774
2 3 421 17 257 167 75
2 1 39 15 499
2 2 433 1 118 381
1 478 5952
2 1 233 20 499
2 2 307 21 358 141
1 488 1951
2 3 405 4 67 338 94
2 1 79 15 499
1 335 5073
2 2 423 17 140 359
2 3 317 1 172 142 185
1 111 6439
2 3 290 2 424 70 5
2 1 317 3 499
2 1 138 17 499
2 3 57 14 101 318 80
2 2 80 9 298 201
2 1 76 13 499
1 496 5676
1 234 1726
2 3 39 1 245 137 117
1 178 9961
1 299 5956
1 274 8412
2 3 418 14 51 275 173
2 3 363 5 126 54 319
1 497 6129
2 1 29 2 499
2 1 337 63 499
2 3 345 20 37 39 423
2 2 132 89 54 445
2 1 63 15 499
2 2 209 2 1 498
2 3 116 2 64 310 125
1 461 6692
1 154 3490
2 1 482 34 499
2 3 201 67 11 212 276
1 206 519
2 1 168 1 499
2 3 403 4 223 240 36
2 1 387 4 499
2 2 152 6 287 212
2 3 434 1 103 116 280
2 2 234 128 53 446
1 362 9110
2 2 118 5 264 235
2 1 153 13 499
2 1 16 4 499
2 2 427 38 158 341
2 2 135 6 367 132
2 2 500 57 259 240
2 2 45 28 369 130
2 1 280 5 499
2 2 316 16 491 8
2 2 73 6 156 343
1 54 542
1 267 396
2 2 49 100 262 237
1 296 5451
2 3 3 1 394 42 63
2 2 141 12 327 172
2 3 251 22 59 76 364
2 1 276 9 499
2 1 464 42 499
2 2 195 21 443 56
2 3 209 17 85 253 161
2 2 458 19 55 444
2 3 317 4 135 113 251
1 370 3002
1 281 4060
2 1 417 45 499
2 1 409 10 499
2 2 12 10 163 336
2 2 338 13 431 68
2 1 345 1 499
2 1 10 11 499
2 2 82 6 102 397
2 3 372 70 198 136 165
1 338 3814
2 2 376 12 278 221
2 2 367 1 65 434
1 265 7533
1 263 1668
2 2 454 63 135 364
2 1 472 59 499
2 1 419 3 499
1 320 2999
2 1 339 16 499
1 113 9399
1 20 2331
2 2 189 5 250 249
2 3 91 3 106 194 199
1 443 1475
2 3 163 4 246 6 247
2 3 114 54 11 336 152
2 2 419 133 426 73
1 414 794
2 2 287 92 242 257
2 2 239 13 4 495
2 1 196 1 499
1 288 5348
2 2 256 3 497 2
2 3 481 5 180 2 317
2 2 129 4 266 233
2 2 202 45 288 211
2 2 256 18 189 310
1 213 3730
2 3 129 17 16 361 122
2 3 428 1 84 54 361
1 404 2766
2 3 379 21 287 138 74
1 172 5970
1 209 8713
2 2 207 5 227 272
2 2 203 9 381 118
1 47 3164
2 2 39 123 336 163
2 1 35 45 499
2 3 198 14 120 350 29
2 3 208 16 140 32 327
1 156 2877
1 274 2466
2 2 490 8 256 243
1 79 8081
2 3 95 19 148 4 347
2 3 426 15 70 27 402
2 1 425 4 499
1 112 7470
2 3 382 20 259 233 7
2 3 175 22 318 50 131
2 2 259 14 239 260
2 2 449 15 409 90
1 424 1206
2 1 400 9 499
2 2 333 14 90 409
2 3 451 1 209 48 242
2 2 33 21 424 75
2 1 51 5 499
1 267 2289
1 111 6304
2 3 450 12 140 201 158
2 1 195 1 499
2 3 169 3 45 303 151
2 3 342 15 177 290 32
2 3 79 2 83 411 5
2 2 302 12 231 268
2 2 337 1 350 149
2 1 17 190 499
2 2 82 38 434 65
2 1 464 3 499
2 1 251 71 499
2 1 52 3 499
2 2 10 19 430 69
1 331 2549
2 1 23 8 499
1 219 1657
2 1 195 3 499
2 1 451 1 499
2 1 64 19 499
2 3 472 20 33 462 4
1 61 1194
1 144 142
2 1 306 5 499
1 115 4154
2 1 83 39 499
2 1 357 9 499
2 1 47 7 499
1 159 726
2 2 184 61 442 57
2 3 172 11 27 25 447
2 3 20 8 24 98 377
2 3 129 7 15 241 243
2 2 125 21 483 16
1 200 4455
2 3 287 20 1 100 398
2 1 180 19 499
2 2 250 3 304 195
1 197 3547
2 2 24 129 67 432
1 168 7739
2 2 46 3 212 287
2 3 98 1 356 3 140
1 461 8520
2 3 149 11 152 270 77
2 2 243 6 172 327
2 1 135 5 499
2 2 151 6 180 319
2 2 67 4 137 362
2 1 276 1 499
1 381 7776
2 3 242 12 53 98 348
2 3 353 72 398 90 11
2 3 112 30 292 185 22
2 2 497 3 314 185
2 2 340 99 192 307
1 323 8731
1 409 9072
1 10 1126
2 1 459 4 499
2 3 392 60 107 231 161
1 232 6615
1 8 2140
1 264 613
2 2 494 2 153 346
1 31 1907
2 1 33 4 499
2 1 295 93 499
1 481 3562
2 3 54 5 75 12 412
1 78 1256
2 1 290 59 499
