50 18 380
0 1 788
0 2 1643
2 3 1895
0 4 2009
0 5 5562
5 6 7439
0 7 1067
4 8 7404
5 9 4136
2 10 9635
1 11 9188
4 12 1547
8 13 1002
12 14 7288
14 15 5506
9 16 426
4 17 6386
8 18 6116
11 19 4455
4 20 5088
19 21 4148
19 22 1409
15 23 6857
18 24 5929
2 25 9496
23 26 6284
1 27 2900
20 28 3668
8 29 9547
1 30 8327
26 31 902
16 32 1206
18 33 4766
8 34 4343
21 35 2497
2 36 5109
8 37 7717
25 38 3046
20 39 7276
12 40 574
1 41 1625
23 42 5683
12 43 627
27 44 4496
22 45 5623
39 46 4765
20 47 2722
32 48 8623
27 49 1503
50 14 221
0 1 2862
0 2 1890
0 3 1622
1 4 7352
4 5 9420
0 6 7925
4 7 2148
5 8 7311
3 9 2376
4 10 1111
5 11 4247
5 12 4292
6 13 4847
9 14 3981
13 15 5966
9 16 2459
15 17 5957
12 18 8077
11 19 543
19 20 7470
16 21 3952
20 22 5700
15 23 2641
15 24 7098
20 25 4491
18 26 3425
25 27 8690
19 28 3811
28 29 1333
27 30 5880
26 31 3011
27 32 2508
26 33 7903
33 34 6384
25 35 1879
30 36 4063
29 37 4481
33 38 8917
33 39 9543
32 40 8491
38 41 4566
39 42 2486
39 43 8785
41 44 9441
42 45 2571
37 46 8520
44 47 6821
44 48 8327
47 49 3924
