1000
-619 753
-636 775
-633 748
-654 733
-674 783
-622 964
-664 906
-708 919
-741 880
-708 754
-702 742
-668 638
-694 646
-703 635
-699 603
-743 862
-744 860
-731 768
-736 792
-702 605
-731 591
-741 641
-776 792
-802 801
-814 889
-804 787
-845 927
-817 697
-810 653
-815 429
-876 371
-823 651
-834 631
-858 575
-845 676
-843 706
-891 960
-914 865
-944 918
-923 792
-992 993
-996 997
-984 793
-926 686
-907 527
-968 485
-912 517
-962 482
-921 471
-889 498
-882 400
-985 411
-988 232
-973 304
-952 365
-955 274
-905 327
-934 290
-933 283
-910 223
-915 208
-703 559
-638 662
-831 313
-779 388
-902 192
-642 580
-951 98
-861 209
-841 221
-817 255
-781 334
-740 356
-710 364
-654 443
-679 345
-900 133
-875 143
-830 181
-980 44
-978 -76
-976 -25
-960 -103
-984 -455
-953 -229
-920 -146
-905 -102
-899 -26
-894 -31
-893 -126
-871 84
-864 84
-834 140
-852 42
-885 -112
-805 163
-900 -300
-842 -4
-927 -408
-964 -514
-977 -614
-873 -221
-918 -422
-943 -540
-980 -764
-874 -284
-928 -567
-902 -455
-896 -450
-820 -38
-844 -200
-847 -250
-815 -136
-813 -82
-790 -62
-814 -11
-757 141
-740 145
-720 162
-673 309
-678 287
-716 145
-745 22
-807 -213
-827 -291
-917 -592
-874 -453
-955 -793
-942 -765
-888 -572
-948 -886
-953 -965
-901 -721
-870 -558
-843 -421
-930 -996
-847 -469
-825 -346
-847 -682
-809 -273
-820 -475
-824 -545
-798 -337
-783 -210
-800 -450
-801 -468
-778 -331
-777 -391
-831 -975
-787 -843
-777 -606
-777 -836
-773 -414
-769 -651
-756 -734
-733 -945
-764 -508
-749 -628
-695 -982
-723 -732
-718 -687
-693 -914
-697 -672
-696 -340
-680 -581
-676 -561
-670 -314
-661 -126
-672 -47
-677 -57
-684 -69
-747 -316
-743 -287
-706 -34
-748 -149
-720 -11
-672 176
-662 195
-664 220
-657 245
-647 289
-709 92
-725 52
-635 380
-619 338
-631 305
-628 144
-580 15
-548 -19
-557 80
-495 -23
-463 -97
-522 72
-592 279
-596 293
-568 217
-629 390
-588 311
-564 295
-490 91
-502 51
-449 -113
-469 -107
-480 -96
-638 -22
-609 -144
-632 -148
-648 -150
-651 -205
-578 -196
-659 -235
-622 -273
-558 -233
-565 -245
-560 -252
-504 -241
-477 -285
-528 -316
-611 -337
-494 -316
-557 -346
-614 -378
-608 -411
-560 -436
-525 -423
-528 -437
-525 -446
-539 -443
-569 -490
-648 -539
-517 -491
-457 -423
-459 -438
-380 -325
-367 -360
-381 -379
-480 -506
-376 -502
-617 -546
-602 -553
-459 -541
-325 -509
-392 -542
-534 -571
-342 -544
-304 -581
-399 -632
-541 -639
-597 -594
-651 -647
-614 -685
-515 -662
-445 -685
-544 -720
-567 -714
-610 -729
-607 -711
-624 -703
-658 -776
-657 -812
-486 -752
-564 -788
-516 -776
-488 -795
-536 -856
-642 -882
-672 -842
-664 -864
-627 -961
-491 -857
-564 -936
-580 -976
-547 -948
-517 -914
-534 -965
-463 -881
-449 -972
-428 -819
-352 -948
-321 -949
-309 -945
-233 -984
-364 -827
-184 -989
-302 -867
-339 -823
-376 -710
-336 -708
-318 -651
-254 -756
-254 -791
-262 -885
-201 -812
-248 -906
-144 -992
-312 -434
-257 -579
-164 -875
-202 -742
-172 -807
-361 -234
-326 -317
-326 -275
-288 -423
-284 -416
-296 -296
-267 -408
-159 -852
-193 -697
-197 -626
-288 -262
-308 -172
-240 -384
-251 -303
-137 -734
-225 -335
-254 -179
-217 -209
-208 -323
-176 -61
-164 -144
-158 -307
-147 -232
-134 -112
-103 -68
-54 -106
-133 -317
-95 -267
-157 -382
-174 -404
-86 -344
-107 -404
-99 -448
-94 -471
-182 -448
-135 -597
-109 -557
-104 -584
-77 -491
-86 -641
-75 -530
-46 -405
-69 -569
-74 -605
-64 -550
-84 -740
-72 -719
-15 -281
-14 -233
-48 -356
-52 -280
-27 -142
-36 -6
-23 52
26 125
7 -5
-5 -171
3 -103
8 -74
21 -26
22 -55
41 28
-49 -696
-48 -602
-74 -854
-88 -958
-88 -969
-79 -974
-28 -766
-21 -852
47 -784
-37 -980
12 -914
92 -809
33 -973
291 -900
304 -920
397 -987
435 -986
382 -946
201 -809
151 -782
-28 -633
158 -765
389 -934
489 -979
321 -852
217 -791
56 -666
254 -788
242 -793
502 -939
514 -940
605 -980
534 -907
464 -889
397 -815
263 -776
153 -710
343 -763
210 -656
149 -632
26 -593
127 -593
121 -581
127 -580
113 -564
178 -610
469 -849
343 -736
134 -561
32 -479
37 -478
272 -624
171 -582
168 -581
322 -703
358 -736
351 -711
335 -679
491 -830
494 -848
525 -875
691 -991
729 -985
735 -953
614 -882
451 -723
109 -425
222 -506
142 -436
387 -641
333 -590
679 -888
137 -399
183 -432
459 -675
739 -933
774 -947
619 -800
613 -787
692 -854
743 -791
783 -744
818 -728
815 -739
808 -802
816 -926
834 -915
877 -797
843 -934
862 -951
920 -944
898 -977
946 -960
994 -922
1000 -786
948 -657
971 -632
941 -614
990 -476
838 -722
856 -672
884 -536
948 -481
917 -481
968 -416
979 -369
886 -484
788 -598
786 -587
911 -377
911 -367
895 -374
827 -462
667 -766
722 -615
757 -559
742 -578
963 -250
759 -548
710 -615
699 -630
969 -237
685 -637
624 -716
895 -286
833 -365
639 -677
594 -718
683 -589
621 -671
650 -625
849 -325
896 -240
899 -245
919 -201
881 -222
804 -332
769 -351
719 -428
705 -433
602 -570
693 -474
709 -523
603 -618
550 -665
592 -592
537 -654
529 -643
429 -628
439 -593
449 -588
672 -460
654 -462
462 -527
397 -544
426 -529
326 -529
528 -449
246 -464
249 -456
524 -426
544 -397
439 -383
514 -372
474 -367
766 -335
430 -333
470 -352
388 -361
434 -364
233 -386
305 -342
264 -343
210 -335
477 -305
401 -295
603 -304
512 -294
634 -266
673 -280
707 -294
718 -277
764 -265
777 -241
838 -198
988 -160
945 -154
933 -140
902 -141
760 -203
781 -169
862 -105
992 65
804 -93
715 -177
888 21
785 -53
526 -244
542 -226
744 -52
682 -108
677 -119
787 -33
881 47
979 144
578 -149
453 -229
418 -248
435 -232
567 -131
573 -122
397 -236
764 21
827 69
286 -288
311 -256
257 -285
155 -337
140 -340
403 -188
483 -122
223 -275
80 -340
421 -136
449 -118
97 -303
168 -252
418 -123
692 20
515 -70
524 -62
524 -60
231 -206
89 -263
339 -146
442 -80
269 -145
159 -167
41 -199
63 -177
53 -163
230 -105
241 -91
331 -59
380 -33
436 -1
431 -36
511 -9
621 36
481 -43
478 -27
398 -82
397 -89
555 -13
625 15
675 54
705 63
676 60
680 74
798 131
598 66
650 86
226 -53
144 -76
406 18
283 -13
207 -20
183 -30
160 -8
147 -5
481 42
154 19
404 55
641 105
448 101
358 86
145 53
91 50
763 154
96 60
263 84
581 130
293 93
318 99
412 112
443 116
886 175
520 151
874 192
934 208
972 221
868 193
856 222
913 242
535 180
191 103
358 146
343 190
437 162
454 207
618 230
615 208
791 249
924 279
890 277
786 254
947 308
923 319
837 309
984 414
975 424
950 423
857 352
987 486
967 476
981 482
836 358
821 411
696 331
655 322
482 263
715 369
705 366
708 366
319 217
105 137
352 235
320 236
442 271
297 237
433 290
523 335
634 384
804 438
799 433
840 436
859 442
895 470
774 457
910 523
549 360
610 390
586 392
568 388
628 430
666 469
704 514
663 511
535 398
656 524
655 525
690 600
710 632
736 575
757 611
874 556
974 605
936 693
949 774
955 711
957 769
976 877
840 593
839 695
857 725
981 931
925 883
751 664
751 668
752 694
683 693
615 627
549 435
569 503
457 503
497 431
369 284
377 308
366 343
325 274
302 242
296 240
132 169
275 232
237 219
150 184
75 170
153 211
134 227
29 156
-181 -51
-338 -129
-285 -70
-358 -141
-251 -4
-281 -18
-71 128
-253 23
-271 23
-288 34
-283 90
-231 152
-166 101
-42 161
-31 217
-182 182
-132 223
-193 187
-299 164
-261 255
-290 328
-222 289
-217 403
-199 364
-149 278
-163 320
-88 319
7 239
-51 293
-21 316
-80 405
-3 394
80 362
157 322
142 338
200 340
67 382
18 414
124 374
152 396
302 405
360 498
359 454
370 474
384 454
532 582
561 623
493 607
444 609
456 629
408 619
349 506
309 494
281 463
296 508
307 617
276 594
231 538
233 456
218 438
216 432
193 425
170 432
145 468
188 562
148 542
107 514
130 506
118 481
97 480
26 525
15 510
27 421
-89 462
-147 434
-143 473
-36 505
-19 514
-79 508
-128 504
-211 551
-47 563
-33 577
37 582
129 586
173 599
115 594
113 595
184 611
77 633
50 639
-122 579
-55 650
355 633
299 652
153 666
46 667
-204 670
0 679
-165 706
61 676
-45 697
-41 700
-68 711
-198 746
46 696
284 658
287 674
304 672
373 646
468 653
581 671
567 692
443 681
451 706
400 724
304 748
548 700
184 784
607 699
520 727
408 762
273 813
438 760
469 766
512 789
423 823
457 833
460 844
500 838
529 845
594 772
616 781
654 718
678 761
686 780
710 828
753 811
762 821
819 850
771 817
769 812
826 853
694 876
773 907
606 904
928 954
903 965
757 938
846 1000
669 953
465 867
458 898
477 915
691 970
615 967
564 945
444 918
356 881
134 825
373 863
364 858
243 838
104 814
128 863
219 886
153 838
324 936
515 983
494 996
412 985
96 991
-22 995
-18 988
-132 973
-11 968
3 963
-76 946
300 943
258 933
60 929
182 912
160 908
55 882
15 931
-103 906
-90 896
2 811
-11 808
-40 826
-69 829
-30 766
-49 777
-158 904
-171 931
-201 935
-206 779
-304 961
-300 832
-292 813
-302 653
-224 706
-277 528
-292 386
-305 456
-316 660
-337 378
-324 633
-334 552
-370 401
-354 241
-372 138
-377 117
-373 9
-398 68
-407 123
-405 233
-430 180
-425 315
-432 319
-441 242
-449 58
-463 83
-482 176
-509 187
-453 458
-407 548
-424 468
-342 685
-478 432
-367 748
-332 851
-453 651
-494 573
-450 706
-364 938
-415 851
-443 768
-466 731
-431 831
-526 610
-427 862
-468 769
-393 949
-593 828
-568 831
-433 890
-541 742
