70
-3157 -4927 206
-1949 -5862 797
-4363 4793 1460
3650 -6764 488
-3076 6725 93
-397 -6467 908
4536 5910 533
-1492 -2323 327
-64 -1864 151
-2927 -3848 1562
-4245 -2114 205
4266 2978 348
1134 -3419 790
2836 4375 1370
-64 1897 1077
1832 -882 1136
460 -6861 1233
-281 6737 1385
3721 5979 474
-3096 -1592 96
3958 -6896 490
-2719 1332 181
3318 -3743 137
414 4185 971
-1369 6587 477
2886 2844 1303
-908 3796 1237
-3359 1415 47
-4448 4361 1029
-2187 5908 263
4536 940 844
-4578 2756 1013
-27 -5630 412
-4447 -4412 1486
-1847 3713 409
1032 -5137 720
1595 -4678 1406
-2741 3804 1367
-491 -3029 750
2934 331 275
4464 -6414 298
3599 -3767 50
-368 -5874 1251
3177 2599 452
-411 780 524
-1038 4631 689
-2176 3409 1366
-1405 2539 623
4219 -1556 33
-4398 -4928 260
443 4729 1006
-3567 2242 533
-3004 886 963
-4480 -3308 702
1668 -1113 1110
-4073 3753 229
-4292 -3294 888
2714 -3788 796
3761 5527 104
-817 -2249 93
-3229 -2719 1567
1684 -3963 1347
4572 -5299 74
503 -6292 1538
2181 2840 859
3820 -3496 1530
-2013 14 1177
2622 3579 255
2443 -3372 523
658 5373 1212
85
4758 -978
-1103 -6773
-2235 6161
4716 1339
4781 708
4754 -1024
-1968 -6348
-1508 -6607
4796 -458
-683 6889
-1720 -6498
2860 -5592
-3105 5312
-4374 2880
3455 4838
4715 -1349
3921 4025
2183 6200
4533 2312
4778 754
-3467 -4818
-3483 4794
1835 6433
1150 6758
-4587 2073
-1628 6548
3646 -4534
37 6960
4241 3275
3977 3909
2991 5447
-1682 -6518
1244 6723
-4558 2203
-4089 3655
-4721 1293
4604 1996
-2623 5831
-2892 -5557
3357 4981
3059 5368
16 -6959
2166 -6212
1799 -6453
-2780 5677
4422 -2724
-4724 1272
-3302 -5054
1205 6738
-1154 -6755
3915 -4035
-994 -6808
2688 -5769
4178 3439
4484 -2502
4245 -3261
2711 5747
752 -6873
-3332 -5014
-2832 -5622
4255 -3234
-2212 -6178
4715 1346
-4254 -3235
-2369 6055
-4804 -155
3291 5072
1399 -6658
-977 -6813
-4373 -2882
4474 -2541
3770 4317
3411 -4902
1775 -6467
-2785 -5670
4805 149
-3623 -4571
394 -6936
-3924 4016
2734 -5723
-4755 1000
592 6907
-2159 6217
-4450 -2624
3607 4599
