83576 91202 190 170
58449 52154 86048 58386 77719 39533 14751 88473 78482 35157 77325 59716 82269 23077 82505 89627 67889 89700 26076 15140 80944 83998 54405 34101 32059 12975 84649 71218 16509 41962 88756 75819 76434 89032 67434 67372 27702 81357 6401 68133 87738 58629 86476 74772 56029 68610 31467 38546 76734 31066 72864 89214 79080 86827 60270 63586 21910 74665 31182 88390 5780 49472 46754 87394 84181 86859 77508 63848 32316 15905 41619 62236 89767 82384 68512 58547 84912 69941 61551 85971 90333 64602 33908 76088 45993 70309 636 22505 55015 68768 79384 80351 55879 86426 47884 87636 89873 51726 73906 79020 32238 76154 89141 76376 17342 13102 76492 61272 80147 41094 77331 65604 80515 87419 82543 73934 89711 84014 90959 87920 27131 81262 61696 67293 10506 49724 49432 82174 31369 57766 64868 81726 55001 79149 64567 86383 70784 63488 17109 82330 19784 41680 83549 63737 12738 25833 79086 86017 69883 69762 90224 36068 72221 71655 87884 90958 50101 63484 16670 84213 13962 48512 48015 89305 82821 47187 45916 87664 24417 66734 22856 46972 53946 28705 81504 69231 72315 82457 41086 90523 66860 31175 65648 43453 69867 70445 79064 8743 72607 10401 
85994 83380 89790 86818 53279 40961 90851 85304 89417 88552 43212 89750 43536 90679 47173 90850 88662 55221 70477 87041 75113 88703 90722 90503 56372 80361 78811 64967 72543 65390 45318 89274 85164 90323 82507 76106 47853 76840 87500 64377 80415 50681 25641 89443 78558 86463 91129 86874 84264 89710 83015 87374 90985 91149 29478 80434 90257 90447 65684 82341 87907 84362 90172 89233 27245 90306 76131 73575 34100 67863 84221 38076 72633 91195 90217 69235 62266 70090 73805 82699 72497 89784 89317 78556 59560 83753 84502 90499 72112 90060 88535 60585 85520 38196 84752 57213 86927 87136 49391 68078 86344 88732 44657 47261 70568 86107 89094 90662 87332 89596 64124 88701 80866 90527 79090 45129 74674 76335 90795 77585 85710 89772 86081 65363 89499 83190 82930 86763 90185 90675 76089 76524 90253 91150 75550 66496 56362 89647 78708 87435 56502 89748 84465 43837 86966 34689 72474 28470 89695 55462 64773 89196 67662 86068 81026 81634 82359 87475 86799 82166 37753 78626 48193 74818 42829 83869 85796 73780 88278 66401 58195 69462 28684 82900 73888 63827 90923 91140 84269 82706 86394 89435 84776 81015 64236 87042 89281 90376 82162 52582 
42787 294
46288 1009
6309 22245
76758 67674
43806 53302
50066 30694
43031 73165
33973 14186
54539 33757
75004 79849
43845 47911
22318 3303
34132 85595
44244 43741
12411 51589
38926 51919
65606 9618
26284 14260
60971 77435
31881 40005
57182 81679
63342 7223
13792 62394
80596 16949
1963 29043
26671 39854
52751 51719
17643 33093
66113 11335
59237 28073
33655 74018
52286 85842
28494 46760
27111 14428
28390 80866
13432 38935
2423 59492
55124 9546
10286 21633
11672 16985
2971 540
36442 42418
17019 35674
15580 43123
57331 391
4018 34701
30605 60262
65578 17433
77287 59578
66009 88991
43618 13503
947 74237
54676 32345
7376 87843
2672 4164
18349 48828
64287 78652
47543 13682
23623 50320
24128 35610
63645 62228
62246 60799
5250 40332
55334 48938
8638 55495
61784 9718
9188 29330
45219 475
62254 23901
10490 73953
5130 46685
8472 1772
53061 81920
56974 23381
20596 32540
58554 33538
4912 69382
42314 40018
2372 41298
7699 88090
54461 23547
78041 62106
61970 27228
65335 64238
63706 66985
2394 63582
8047 30148
26515 54468
79265 46232
52140 54204
4283 67116
76662 28394
22878 21680
72617 19784
33597 8624
15510 4106
22895 89270
57236 82711
33952 37992
72239 81372
35219 17042
41329 49441
42560 56817
42904 18251
68062 74626
68523 12192
71139 80427
47077 59707
63344 63761
82355 60209
75837 31051
3811 61050
45439 23521
5224 37231
18014 49610
24201 74668
6797 89993
32138 69261
68913 28478
11141 74058
60842 41216
61728 31482
61826 25184
34771 43816
82076 40282
74704 34510
75373 42630
82998 51026
62909 67285
35044 54512
39201 3914
14470 50367
8056 72324
57035 32458
65597 39113
77806 14169
56960 36254
14141 50197
52098 71983
12196 17509
4733 81247
24545 27645
25814 61621
60933 28521
46448 2402
65432 72347
41552 88743
12608 72814
62875 55993
59945 86230
6046 60797
70860 85407
6443 70446
15037 76837
2984 29795
3712 39564
66631 43073
31550 30432
41107 57042
3051 26045
70361 68772
62421 43819
46311 16934
82021 27427
45204 31083
22778 31345
5528 86412
40399 51734
21984 64087
77836 53647
