8 96 0
1 5 8 3377
0 1
1 1 4 4801
1 3 2 7614
1 1 8 8501
1 7 3 4272
1 2 5 2045
0 3
1 4 3 3506
1 6 5 5950
1 7 1 7299
0 8
1 7 4 7932
1 5 6 4082
0 11
1 1 3 3576
1 5 6 9228
0 12
1 8 3 8118
0 2
1 1 2 2315
1 7 8 3624
1 3 2 1255
0 16
1 4 2 9682
1 1 5 7891
1 5 7 8692
1 1 1 4333
1 6 5 467
1 5 5 8254
1 5 4 3797
1 3 3 2647
0 15
1 1 8 8676
1 2 2 2087
1 1 2 9829
1 3 2 3018
0 22
1 4 6 663
0 7
1 3 2 8285
1 5 5 9484
1 7 8 2267
1 8 2 5366
1 7 7 1923
1 1 8 2755
0 4
1 2 5 2637
1 6 5 8658
0 30
1 8 8 6169
1 4 5 3420
1 3 3 2803
1 2 1 1901
1 4 5 8342
1 3 5 8415
1 5 7 3776
1 3 2 2070
0 42
0 36
0 45
1 4 6 6571
1 5 4 488
1 8 4 8701
1 6 2 8754
1 8 6 1848
1 6 7 2692
1 1 2 2435
1 6 6 6966
1 1 7 5006
1 4 1 6273
1 1 8 6615
0 54
0 25
0 13
1 3 2 5353
1 5 8 6543
1 5 1 6799
1 7 3 1809
1 6 6 7495
1 4 3 6047
0 47
1 5 7 2257
1 4 2 9361
1 6 6 9763
1 8 1 7539
0 31
0 24
1 5 6 2295
0 62
1 3 2 2945
1 8 3 1016
1 6 8 5703
0 20
0 67
0 60
