75
273112302 76007437
772247111 625316052
254438697 64732438
696779914 485208131
550988078 299247135
625673513 384410046
463714272 212633597
819617779 818360022
481948498 230035657
114320304 14113343
311663868 100007721
787509389 664832541
140028274 20515109
56938286 3011118
407888730 167022825
808010740 728163519
819473681 804081419
684632953 466620538
75556596 5162688
403175087 163526325
157648492 25440359
568771437 318063169
383234771 148838371
632686209 393380020
364100423 135165368
800270646 701855115
442507845 194118231
663114999 434907055
649758016 416070762
245181346 59671789
599349551 351554141
533041161 280851710
619068056 376021142
132822687 18571551
422243924 177951874
759463933 593904446
645074746 409622837
489625899 237391915
345684201 122667966
290237032 86477813
40641548 1258382
207119785 41533929
802911206 710412592
24928034 488788
506826754 254423532
305051526 95720592
717532196 517925530
459212733 208666527
794710226 684325041
676841028 455108528
818824559 794202878
0 0
733372986 544345250
765679270 609125399
817357195 778522085
814938103 758913964
811993246 742420415
222690098 48421525
744054464 564166096
328411367 110980553
82035401 6436181
722079197 525301752
751655136 578741056
585498862 336012538
234882036 54396758
603734678 356912650
523458442 271171710
196042374 37121926
176241954 30996283
97208345 9991832
715591691 514838162
557185630 305642412
780359972 646081115
705925286 499508697
15353845 150199
