374
25004389 938724170
90364000 999035285
59189125 981916354
99460103 30274633
63518019 985332344
115353955 57099134
62074473 984229218
46344534 970238353
84855234 997253643
23773388 935338008
99406185 999992361
38893025 962123090
74511793 992501443
23528968 934615627
987624489 61896010
12203044 60440318
88966691 19862581
106973601 39779415
117298747 66025220
117726484 69670974
43567249 71234
97945993 999957396
993927027 54519707
944970002 91206842
117512155 67786735
64168888 985825439
117045501 64324076
56561473 979693337
116463632 61281207
98570548 29324417
80924838 13192853
34868757 956892262
116105846 59793944
113524847 51883791
20618269 921435113
486632 93673844
82544685 14438367
24003696 935991920
57199534 980243120
114155073 53469489
87996952 998379360
2340983 85581370
52197586 984663
88722013 998600655
113175772 51020211
22791509 932303287
85522390 997510977
97577008 28266896
39994844 963455418
81833925 13882702
87159528 18279721
68155841 5386737
46868766 27394089
114257763 53736431
77403310 993967776
25724732 940567726
70719379 6616999
5425452 73146882
115841754 58843507
89070919 998698661
29025271 947672542
31564255 951996664
78787127 994651815
84947332 997289850
26334692 942007990
93552533 24135677
63094708 985011150
53626095 977134830
27222865 944001851
92464606 23082952
36413648 958959948
110218029 44867646
114276739 53789708
932596372 92943261
20538808 918094535
14197552 57865145
41006540 0
83340029 12147937
100706033 31668069
113901639 52819106
964218885 81618984
52532610 976154477
35795747 958137719
34004271 955691740
53069037 976635752
103971430 35657042
70688184 6601413
90675959 21419125
20539787 918595022
112647425 49744033
98662581 999976157
32922962 954098689
101281218 32351116
21723637 928399379
69268669 5900166
117631967 68804488
108571531 42181145
19140918 51716223
86603680 997912103
48441872 443400
22980704 932938405
81653678 995934283
73075124 7915999
92747459 999491480
99733702 30576147
111612398 47565183
90741905 999123276
38015510 961035663
22414157 930998084
63526568 3643114
27288973 944147416
57729674 2086769
80554820 995467713
44778455 135011
110686407 45747510
41158682 964779872
73361534 991850704
82855478 996439082
26023000 941283809
81258483 995767695
997291752 48027992
93015414 23609531
89960906 998935277
54479315 1409963
37608097 960516363
20909165 924415111
94919886 25491232
116860325 63193614
43934442 967777315
86452702 997858240
59857438 2612506
65580673 986854191
117753535 70563055
40603240 964152543
83247442 14991629
89855275 20669530
55870031 979095607
39120340 962401503
79759420 995104905
42056905 17324
47154798 324082
117718585 69552677
23380799 934168564
65642240 4411846
92167577 999392735
50621755 974411130
96579364 27207215
38303670 961395258
63194580 3535492
30024937 949463001
42563926 966340018
21537732 927679524
114439565 54248209
38431685 961553413
46234417 239737
37874483 960856806
36948825 959665520
89622842 998850397
109022032 42902044
94202368 999698369
96022950 999878314
31935980 952585080
70970422 990436480
973260970 76072769
79924322 12448124
73811102 8341154
97420322 999937585
59908869 982503501
82249620 996184853
93458913 999601755
33305447 954666923
68265876 988701761
20666766 922334398
75246701 9197331
116503313 61458252
70783214 13820625
49338916 973218042
26634953 942691876
999999999 41006540
45641111 969523617
88182625 19175019
7354729 68932571
62663650 984681426
67608677 5170418
59035207 2397798
43215343 967037391
105574243 37824555
30481496 950219768
112243154 48892399
109253355 43277925
47460890 971364695
35325206 957506910
32294892 38042833
24209722 936575414
39525639 962890139
91405227 999253897
76672955 10162890
84177454 996984907
83655194 996772844
48224993 972120983
117406823 66911054
20541653 918848216
51935363 975612025
103147940 34634847
939993990 92439061
72696499 991467915
25283463 939453091
21246944 926410548
74528369 8758206
112852398 50223227
997873334 46835067
78200561 994362948
69544404 989537977
64694808 4054452
63636064 3678869
36008772 958421601
3963394 78641144
70167221 989935401
60486596 982970542
23543118 934658288
61090753 983458494
29547400 948641297
25474365 939937851
115080081 56176234
44181232 98333
104660118 36575755
44304852 968158151
46562160 970459168
45785815 969670855
100916065 31915213
51009701 797104
37008900 959743340
27118416 943771103
30944966 950986934
57837286 980784212
83812437 15446946
47016836 970920376
60704988 2835817
51155996 974902143
21104242 925734328
106315590 38849437
20746354 923151565
50135849 973963725
66622201 987587776
94073800 24648204
20549642 919367154
79299601 994891808
115633814 58097276
81378172 13533181
49957918 643738
22026939 929556750
114769679 55200485
74161587 992303590
90935494 999165212
107918253 41155401
111217307 46765108
27956096 945583853
95536600 999845090
116891301 63369620
61743005 3111892
31353884 951656962
117759550 71246242
21924608 929169997
114840801 55413616
20658514 922197425
58570668 981406345
96754565 999911491
105038959 37087604
20588857 920736709
66147308 987255395
100000000 999999999
51422803 858456
68794145 5667589
34823315 956829527
117140745 64914449
84606093 997155417
57268647 1981875
117204690 65335448
61597517 983859782
48023792 403903
86253905 17495225
0 100000000
62186931 3234705
71653762 7119134
109642031 43916793
981139198 68561525
24463372 937292886
79862372 12403232
102324190 33620336
42736807 39273
49035292 520765
22243139 930366303
45097152 968968275
25415531 44931148
66578200 4770067
41918053 13893
76645872 993592036
72042567 991079114
28819621 947279665
86283198 997795064
56218106 1757502
74675383 13239627
32385567 953284569
23150725 933471174
77231921 10548415
55237711 1559581
20825373 923815654
78265368 11264175
80808425 995577217
938519360 92776056
974802486 74753233
75838026 993191217
67225316 988001283
91268685 21963351
42341986 966098831
64782840 986278286
116283657 60485868
75178555 992852798
87263728 998137403
99918935 30781619
86886219 18040994
27594350 944808012
117739539 69953419
995199837 52100196
28267442 946207229
34572892 956483644
111858863 48082898
95391591 25973819
70215653 6367686
53489372 1223560
21375609 926973775
110251775 44930739
38380897 33088903
68820670 989067339
33854646 955480397
107244547 40171619
24667670 937837542
85557372 16906342
66614020 4783809
960359109 83851295
58480105 2260942
55386536 21751912
45312402 172226
96279054 26893305
952553493 87593327
71403119 990697071
75695982 9493498
79016066 11792541
29358029 948300848
91934948 22586612
92071350 999375861
42401945 27214
67474330 988171656
20561931 920044534
24755413 938070165
54403084 977817021
48646353 972537235
62488979 17106738
72196284 7419133
26830260 943128980
84616109 16114184
116679720 62313497
41309647 964948731
101590340 32727221
79773234 995111249
22626968 931737853
21011929 925135130
55072149 978400502
53039054 1139979
42009133 965731103
94803686 999767914
28534968 946733325
992562625 56470001
62838580 3422559
