411
851321 3697657
190602 3697657
999588 3697657
0 2884324
150767 3697657
0 1369070
1273466 3697657
2132760 958616
136257 0
662682 3697657
2132760 1681005
0 893695
2132760 3601334
0 3455676
0 3365786
1640318 0
0 1289822
2132760 1872385
40257 3697657
1193869 0
310086 3697657
0 1810174
2132760 2921758
444953 0
1446868 3697657
1401226 3697657
0 998747
0 3232424
418852 3697657
1127679 3697657
254017 3697657
2132760 3032762
13867 0
1888942 3697657
1382722 3697657
2132760 2520816
36491 3697657
950933 3697657
2054493 0
0 1554985
0 3388448
2132760 3650088
1148114 3697657
0 81366
2132760 1371363
0 2901668
0 1454175
0 1715116
1724412 3697657
2132760 2912346
2132760 710150
1115981 0
2062438 0
1126912 3697657
1424824 3697657
1903067 0
2132760 3293977
1710311 3697657
2071674 3697657
446100 3697657
1946870 0
0 2859619
2132760 304702
2132760 506746
8429 3697657
2132760 1105882
378250 3697657
0 2247734
1421693 0
0 1075535
0 1305351
2125645 0
781296 0
479618 3697657
2104788 3697657
821405 3697657
0 277225
1543594 3697657
0 254021
2132760 2740345
2132760 1765235
926874 0
2132760 3684013
2132760 3305349
1956948 3697657
0 133352
0 326056
2132760 1476870
252400 3697657
2132760 268421
2132760 361826
0 2608259
0 3574715
2132760 170805
414256 0
2132760 2937590
776526 3697657
1779034 3697657
1186447 3697657
990440 0
0 2774831
1750528 0
1418835 0
2132760 3108149
2132760 614246
1068352 3697657
2132760 1601820
0 1205288
1164556 0
2132760 3050257
2132760 1941358
2132760 1504996
710141 0
2132760 1062557
2132760 616550
0 1529769
0 1810138
1023847 3697657
2132760 577909
0 2085606
0 1398313
96632 3697657
0 3066048
1201840 0
2132760 3416236
0 651649
0 331660
1681692 0
2132760 409701
0 2491265
1959491 3697657
2046406 3697657
2132760 2013791
0 3125316
775229 3697657
1144558 3697657
0 3129687
0 1417299
1846255 3697657
0 3515304
1315006 3697657
1589721 0
116904 0
775481 0
770776 3697657
984094 0
633386 0
0 616672
1800643 3697657
702293 0
565732 0
2132760 3496525
2132760 3640593
1465674 0
2132760 2903983
0 1016549
774538 3697657
1848992 3697657
0 313218
1351723 3697657
540547 0
1365174 3697657
1246851 0
534239 3697657
2132760 1729841
824196 3697657
0 1023725
2132760 1526985
2132760 1853636
2132760 515899
0 2951356
2132760 661046
1958577 0
85355 3697657
802903 0
0 2837015
1524593 0
709698 3697657
584093 0
2132760 1531587
2132760 2230700
0 768526
1769774 3697657
2132760 2080761
96098 0
741739 0
1525932 0
2132760 2523949
2132760 3197728
2132760 2982621
2132760 2108401
2132760 1100546
0 968884
2132760 1961437
1210734 0
2132760 71608
2132760 586354
0 1385509
0 1701152
2132760 3579134
1411687 0
1740741 3697657
0 2652704
2132760 2806034
0 880643
1854633 0
0 3379435
1401096 0
0 329663
2132760 1377403
1348061 0
0 3555575
0 2818686
1679485 3697657
2132760 3547958
0 1581769
1414628 3697657
60267 3697657
742686 0
0 3076868
0 2918937
0 2575887
762756 0
0 3042095
2132760 3559564
1500391 3697657
746070 3697657
0 136997
0 2822475
1655398 0
0 492738
0 1164573
0 3333207
0 3448638
270622 3697657
0 973212
0 95332
1579634 3697657
0 616368
2132760 3528726
1101939 0
0 303042
2132760 3550294
807802 0
2132760 3060499
448785 3697657
0 1506975
0 2270998
166629 0
1668130 3697657
2132760 821172
2132760 3290144
2132760 96968
2132760 3491521
2132760 342189
0 3270446
96121 0
2132760 3434130
591105 3697657
0 1943188
0 818736
957039 0
2132760 698678
0 1568689
0 2975324
2132760 1702616
0 3484878
2132760 3201828
390053 0
1648207 3697657
640044 3697657
1441416 0
602480 3697657
0 3371193
431005 3697657
898434 3697657
255152 3697657
0 98285
0 3252964
2132760 2311276
2132760 938478
1183559 0
2132760 589410
1389256 3697657
1235791 0
0 53931
2132760 1229558
1925149 0
1615753 3697657
1657796 3697657
4264 3697657
0 3153500
866816 0
2132760 3274631
0 2476386
2132760 1188839
2132760 159657
2132760 613419
2132760 904856
2132760 688643
1578429 3697657
0 3488191
706643 3697657
1873083 3697657
0 203524
859120 3697657
1600089 3697657
773733 0
1669489 0
0 959759
2099683 0
0 2565410
2132760 2300362
1853757 0
0 2735544
1018535 3697657
0 2876051
2132760 1702449
0 1495915
1622914 0
2132760 2772884
0 38318
99093 3697657
722568 0
2095423 0
2132760 3142866
1795621 3697657
668745 3697657
1910040 0
0 2543233
2052280 3697657
2132760 2393656
0 3090952
1823678 0
800640 3697657
0 1896318
166914 0
1698602 0
534453 3697657
1310205 3697657
439128 0
361137 0
1143315 3697657
0 1152681
208695 0
0 2773469
0 5790
0 3389099
2105765 0
0 3506823
0 3402890
2132760 2629185
1621020 0
933556 0
0 2068568
0 158313
947263 3697657
61444 0
0 1766809
2073990 3697657
2132760 2832077
1945387 0
0 3121525
1395573 3697657
2132760 3545524
0 2032494
1558036 3697657
1071096 0
1807053 0
0 3370581
582923 3697657
1394167 0
590734 0
2009248 3697657
810549 3697657
655964 0
1198846 0
0 1141501
2132760 3023446
0 1075375
2132760 3564404
588376 3697657
1470484 3697657
324138 0
0 2159711
2132760 3489702
672072 0
2132760 2719292
1331815 0
1385169 0
1581528 0
1284692 0
2132760 272789
2132760 583042
0 2932702
981345 3697657
361944 0
0 2847978
1710362 3697657
2132760 231062
0 303312
1915172 3697657
0 1018935
0 3636559
2132760 1147701
2132760 633082
0 389656
0 3311443
729443 0
1516991 0
0 722098
