500
107449991 48609246
34968197 164535051
37523635 167587812
44558497 92690
73501181 11580914
106445934 100269823
35415730 79776700
70811198 9737715
95955487 116600354
70268762 9388903
52643785 151591456
111437851 57746494
45276321 124311
97423982 199782087
43866494 155121261
100076746 110986558
112472484 61802519
96909019 115358357
51750094 152003954
96408521 116015209
91385659 27304337
72466002 10858820
32039007 157576567
85028755 20918267
91391249 199075054
103115385 41642106
72802870 11093401
70458607 141492013
102637987 40987946
80868706 34889753
111760603 87347954
112342359 61211249
95998105 116545386
21727302 109814050
104737808 44065842
74076890 11985205
57733048 149169991
21007235 112846852
76823347 14042345
113292093 66861669
54581089 150684953
104828514 103254747
110348485 54800110
72031521 140358530
103897476 42777826
27762575 157834095
65354508 6453456
111990379 59670818
86328537 33887348
27576663 93611740
33891259 157365600
46604961 213120
32998472 157470741
65123251 46823141
21062024 143220420
107785763 49218569
87600173 126460253
46269168 187606
23953323 102632454
30742965 159252127
65069025 145128224
111949927 86659484
71199495 140963614
80603709 17086047
83706263 19719630
75516977 195282709
113364302 67439926
111392684 88571553
39124030 156463554
113647055 76408135
99820476 37201802
112910056 82288177
46853750 154052154
56507281 2455502
112901414 64077782
51423796 60088928
55932045 2261428
62079412 146890394
78155175 135456133
80827948 17270651
100568831 110261598
57205944 149430694
109422768 52579963
28404474 157806326
108287053 96434359
69796427 192794913
67965787 7955891
75770308 13235776
68440024 8243762
100816361 38528507
113675215 71729981
47953091 359798
109331698 52379308
48687785 153320269
35565491 157115275
112235302 60730395
75848579 137380779
110144840 92140247
69161273 142387337
99278722 112137498
101736012 39763450
87069334 22849308
26178821 96986852
113716214 73974758
41228824 155915409
112997892 81770169
88154123 125849963
49353283 153047634
33062152 83584151
82395519 131713297
103452221 105614926
97350067 34054606
60661637 147653693
97856503 34677250
25054588 157927214
33076520 157461731
25935808 152396155
45915252 160974
89856217 123912821
90669620 122974536
56135445 149947799
99338147 36567009
67836708 143287875
98608175 113080314
93529806 29628185
112685607 83550164
77571521 14626090
75496255 13030995
113594582 70224035
112038324 86326559
113513941 77955221
44971390 154739837
38186184 156653887
64603920 6064632
50607239 825667
87743836 23505062
63876342 145869925
50796778 152430344
37908788 76130066
66317287 190859105
40017634 156235797
94368352 30555855
45241217 154646417
63892840 5708733
113709485 74676853
85545112 21392797
47703066 63854144
58307014 186162816
41006540 0
45766976 154457443
93634681 119489730
63935347 145835571
68100763 44107778
86303603 127865307
63450744 5498107
111633129 58322595
96747974 33320436
43478321 155253409
18160650 128026833
48402311 153436103
89594291 33844078
104048278 104611653
90961939 26851657
48565118 449728
110731435 55788400
81859896 18122860
88335965 24108179
34295197 157308265
81900376 197341243
110820768 90316698
79259611 35834477
57316025 2745222
65433669 6494972
95587271 31928818
59308578 3603178
48225483 178085041
82631913 18771873
35020870 157202718
108363683 96266843
84300770 129916354
66412865 7044576
74925251 12604395
71742468 10360022
66102823 144453149
111094730 89508111
96339608 32825063
52050878 151866658
49834554 672769
74094031 138781240
108639390 50897892
85477748 21330187
64511025 145479431
67570806 7722265
110153350 54306934
43813065 65105
88605361 125338857
111842491 87050826
79299097 196669085
39738981 156306856
69836086 141923082
107140689 98892805
60690017 4215290
111693612 58507985
50061913 152750590
63737624 5634609
42392436 155577983
104626507 103611184
113313667 79600943
57124729 2676234
33520756 82841380
45349479 66367991
113464571 78410983
113685196 75773141
105512359 102027442
69601644 8970677
58318392 53255695
84363102 20314239
112840010 63731415
113616503 70570874
71212873 9998413
54320364 1747474
86919459 127201765
105462830 45220487
55607884 150200139
61938618 49766776
18236677 133670569
29147863 157771289
85669723 128534102
113694597 75411378
112413397 84824677
105732235 45662776
103586407 42323440
61561294 4613875
44308922 154968705
83033404 131123982
73716261 139081709
113719414 73361000
92522814 28524915
91585011 121910182
61071980 4389735
18916420 136455568
94654207 118236540
91922267 27879352
36890543 156887584
86614001 198376136
86664135 22456931
111557501 58093956
32090346 85236395
79860393 16474910
109006312 94820578
58813992 148621797
109327057 94094805
46896928 235343
42354517 70060744
22236427 146167370
56763936 149646345
47502550 300783
85358014 198184763
113213012 66238755
20155439 116465822
53347863 1462158
53691976 1558008
112805552 82886316
113166394 80692788
44443238 174825161
33257036 157440829
77732152 135820020
41638918 2706
82309707 34453759
71424696 140801751
72290943 140165787
30443415 157700953
106160472 100821324
68890445 8525064
113603350 77069274
93085919 120140329
110355722 91580660
90117468 25961171
90273608 26124086
99705779 111524690
42205809 10701
65561728 190429527
52061222 181300562
112779332 63395124
57067935 54476470
109509109 93675268
97433163 114667556
98346353 113445771
112694408 83502201
64307661 145605427
113409504 67835962
39958347 170426625
112156180 85875965
32403874 157537876
76450390 13754978
78627609 135048481
65618903 144771797
104316562 43406145
38771761 156542287
55094955 150443199
104099950 43079743
67078127 7433397
42430319 16410
73320073 139389419
83250354 19309113
100240236 110746200
51978933 1116937
110243327 54534233
113702889 72418560
89410492 25223880
37441372 156790145
38940867 156507134
103063140 106264758
62800760 5190389
65733139 6654978
58631628 3304931
109666555 53119710
94858914 31099870
102344858 107455395
112076163 86182298
94102024 118917890
100000000 200000000
52655858 1287497
28668132 91335343
74725139 12456290
111181323 57016542
53890511 182798299
26170704 157895030
105227420 102545129
50113286 727845
112269724 85425276
24410565 150119969
109759076 93091121
113558428 77519082
66888979 143929290
19854379 139514849
110462840 55091397
53924498 150993329
78984028 15756777
101319640 109126891
30742089 157683017
64654825 145388992
55514407 2122175
110556596 91047582
52856616 181965551
100979042 109647300
111571433 88005110
81899465 132161073
111263471 88980704
80488885 133422017
79275232 134488324
91196722 122361670
108395283 50386434
95054413 31320475
95411322 117299292
53262925 151302961
18828772 122471735
100283150 37816166
55859306 184379742
42931962 155416921
25723469 157910019
111803332 58921452
101753570 108422307
25202768 151345681
82111527 18332589
103619343 105335170
106736021 47347057
46339712 154251166
109109545 51899432
62359106 4983866
110943931 89963237
90437038 123243652
79136311 15880445
62554102 146625632
109795601 93005724
48951082 178698679
41637971 172379006
41669516 155789006
113239866 80151388
113618810 76856086
54907362 56614790
101946809 108107220
85956118 21779580
92336368 28323896
81573165 17885968
87946605 198574474
106814595 99548123
110928027 56301522
76024976 37926713
79975038 133879172
106392061 46756108
31452045 157627528
40480825 156114071
97873002 114084732
83597658 130589619
61660735 147120125
24742052 100519150
61844048 4744807
107306684 98544863
88190663 23959904
26689781 157877280
51550286 1015626
107736111 97631891
59971203 148018827
64379207 5950613
47329289 153866193
108974885 51609936
83451773 34226133
43127774 40324
103762105 42579530
113465983 68455244
108095622 49802188
95939926 32345142
27243889 157855541
68443916 142875430
49230322 556550
93807582 29935270
72910197 194173088
23743339 149081828
101348951 39242771
54915301 1933053
108056913 96936140
18448667 124597179
63973976 47879360
51071624 918369
113082507 81243524
39729299 73491801
28463328 156013012
112970817 64507131
113718154 72934667
95047866 199508672
32542987 161511928
102692168 106880287
113653241 71200718
111894433 59269965
98438513 35401011
88971702 24766854
105856668 101394361
107587956 97947728
112541727 62137094
77416251 136088400
30129292 88608887
72508189 40627162
76339665 136984795
105155374 44730428
19368788 119905371
113049106 65034416
70709328 42044912
58023512 3039073
72887404 139720376
92481123 120855439
76688412 136701765
109871812 53607963
93282331 29355458
113326754 67134983
113553815 69582078
109941842 92651450
18038952 130427790
66340776 144294955
98940288 36044694
53578404 1524034
107150468 48067966
81230767 132761791
112658718 62726760
36227916 157004307
85279237 128936252
113151289 65769796
60056584 3933621
91999701 121423710
99025552 112494800
113411556 78862696
78424832 15304172
94860181 117982371
102186444 40372939
22700806 106512644
112112032 60181785
108683704 95550223
61298542 147314140
113520844 69151479
74801194 138217060
23628673 103596942
75534524 137631963
19131644 137227943
29716133 157743224
85058757 129159616
67496864 143518192
47908654 153636104
92734304 28754243
77958479 14932666
106182455 46407058
58085727 148993992
89263342 124589545
51109159 152293235
104222547 104315366
112546668 84201359
63230786 146239538
62118389 188447906
59336101 148354673
34561615 157269956
84592204 129626987
