1000
355224 943714
116596 425231
919665 659210
570819 808260
791759 640470
80148 383355
192664 365996
544304 543776
449836 723367
220948 776134
891204 590717
659832 544051
936565 343417
70189 776695
141984 587236
399533 622354
753264 103614
986747 860662
269199 968346
926102 887943
257993 114968
534820 678905
193659 23934
996143 239658
773140 830800
799309 231492
243077 101847
834797 909290
830533 809789
836812 497290
888295 224521
915618 516546
316898 505194
135734 61994
402649 874727
663849 399778
8160 770282
955760 966367
636954 677788
647204 417228
344022 690104
703818 768683
302835 34486
923540 389491
756763 66978
853023 210449
268977 924049
956162 133604
515488 711415
488217 892315
385551 667507
484564 865947
66329 995921
464629 540120
361055 702087
685280 591719
772285 148796
726799 7779
909139 578671
537275 318353
688717 679004
594280 445586
477653 419155
783376 971782
171009 269573
551797 391231
747685 249288
211072 296895
401129 881726
793721 521912
319401 408784
787250 399531
824094 522772
612431 150978
574195 168805
257611 827319
808101 710340
969012 584276
919227 416753
564261 82562
124656 713505
527628 629209
189465 473774
82070 548465
233959 599969
205319 736778
695790 182471
321960 218351
242899 133424
995974 334748
220901 392563
873731 508205
318796 774483
377754 46466
779363 558798
614695 770821
587046 755970
245366 935053
578087 928976
49976 823428
646471 612780
314254 609040
966015 977573
487584 190258
227611 607128
127987 109799
221966 533191
83299 132475
590079 548512
303617 212421
504149 338689
225182 617240
722760 722320
398856 378534
708618 153217
802135 11998
326189 300473
551731 921880
792646 751343
550223 105716
735128 723067
676704 693312
8181 159037
3904 775248
337838 847561
277220 650487
74654 460715
114363 738582
182250 467098
163409 141653
8963 975613
540722 430976
375545 416982
833808 788541
106435 728040
88358 59200
951177 433640
977889 867818
403771 488884
86981 806466
645820 244413
497915 229733
166105 706083
909955 247861
397987 68136
427595 488122
630892 575357
910170 915932
656854 518776
745097 590158
95339 263862
695543 237454
440592 297180
433244 496392
697345 965334
479741 531699
118551 362152
426985 980523
70305 390795
721931 590041
176990 952783
126155 739265
680282 60687
33830 718577
616384 44154
200538 42127
157419 432862
629757 597176
450475 210052
42459 949474
23450 54158
242750 431613
587173 748497
890576 966699
514511 600694
196937 964180
988947 415225
236488 261990
941972 438710
35155 262439
292194 943083
477465 701605
463943 391259
931786 133113
324583 734587
546425 495999
99814 997213
111675 252595
54770 564442
627450 398988
82922 89174
68004 967805
257777 293947
887600 755017
770526 533195
466741 221394
108672 791188
267389 619292
871110 192662
621448 592096
396143 211224
256793 796039
773122 742299
318804 749573
118671 224945
529628 222734
702792 644387
582120 121983
278453 101679
459206 703853
787456 334605
69811 849712
452123 850581
893345 172518
983358 163564
775103 716110
986529 590332
400768 656157
486512 120889
599011 516390
865063 452955
60792 913286
208932 803424
167404 444037
40500 538967
681433 40220
81623 121685
277410 658427
133780 868740
200206 446693
101853 917735
517709 348533
660528 938271
733682 484318
78575 45925
978767 485150
442386 642488
210429 132883
258927 547810
329457 5051
186449 304764
696539 948861
230700 263750
168376 429419
195408 998363
824931 382295
907483 123595
169397 262691
503658 589720
272679 873348
287627 674033
979762 206491
182271 977517
735477 238635
694216 423177
655540 363085
236169 397736
788924 658507
718566 581182
351375 259890
823595 955561
529506 477626
476077 679012
677418 175356
278014 465006
828466 612898
387354 903607
652718 376074
272754 357819
123156 846637
553325 196385
928743 598210
580297 226493
281521 548940
718481 960161
541502 53448
280738 776066
633337 990452
832017 858978
688106 132499
997819 124766
613416 802513
601168 455269
123194 791773
797209 81325
705894 330769
229410 249279
377594 374480
708236 939755
139212 88106
10350 883135
812420 413817
726779 930039
903055 595275
847872 243996
980309 150180
118511 769555
623974 788948
203660 310287
683090 128968
655373 613900
254262 107170
913252 482770
382872 600927
783899 869444
731183 312351
610663 237010
978961 829586
623075 484458
748893 650408
451569 82004
758435 530265
543087 514596
639888 847741
703342 280209
597814 765536
936480 234554
459119 48271
259761 843453
559885 781445
364188 553592
474117 10255
320654 211272
106457 208643
503358 771389
252161 248967
770026 855108
153833 836962
47382 194280
720158 6109
701111 600880
965428 898109
893739 72404
147963 161791
615433 900654
625750 644176
952465 984416
97793 775384
29001 425803
462923 292764
687311 449578
234061 629143
598357 55298
36375 571128
124734 776835
4728 925544
259627 413368
753873 635086
883574 613331
914618 260437
325795 963386
166715 583161
840839 102144
440500 141014
430780 425452
559648 263305
531519 676472
83154 774466
649192 990534
743355 986366
829546 875307
905216 475430
775071 662433
868210 304311
359949 495056
682965 401037
59448 826729
26990 363654
563051 537209
402371 236742
36037 247703
866362 12639
511653 786039
13694 196092
979445 805755
880079 452976
841426 473245
575072 697360
626868 756028
184364 595110
106153 365782
172499 178254
654600 984572
366269 187628
77466 883666
892785 699766
371834 803138
889894 945044
420389 874736
629952 958242
286391 326737
117883 886460
422909 765381
292162 354795
443321 700665
216754 233687
571736 626637
491153 133314
169803 27749
250544 857346
194732 454866
308076 561369
976021 558791
715443 655627
800447 372337
918569 450869
915118 783530
198847 641288
658717 160910
733925 572791
708597 919956
381614 334787
96125 252519
663841 509066
12215 357213
104069 605837
639533 25612
900479 64412
834986 190843
911925 353956
760514 948368
746427 272891
529377 665687
807074 138209
285344 222615
792456 961623
398977 668010
497266 342965
780072 921999
815902 715593
194081 502871
253886 70715
97129 137885
420933 766880
36746 891080
824757 673526
703481 85696
561263 482098
29360 791333
26707 348519
758171 36580
544231 760832
640821 984370
180138 816667
218855 849770
167675 153728
861543 267645
526164 934241
971660 924881
776202 297352
895414 317344
714621 73056
73567 429161
183129 94294
29970 794717
378622 55956
302640 3436
173291 343918
986051 318838
775439 830952
224096 522810
478061 942523
532558 694978
559534 421671
8009 98176
971292 87055
513772 466816
873891 850852
279339 639265
856755 816111
93914 144684
321853 713710
57711 501292
405915 130943
361033 862572
975349 329691
792232 298814
621972 951479
246582 488033
741296 35497
480694 923692
94684 717148
291857 408501
201196 972203
771353 836194
835030 467033
707847 539869
381100 128818
305327 696832
613381 732869
76733 481027
322771 889278
819219 327769
140404 560021
709586 437549
333320 72277
533699 976972
474827 468499
347086 731054
882600 960066
957869 175352
471757 638049
695747 104230
804301 239137
635182 103450
239736 413425
657983 240444
905653 306807
104856 819237
370271 420877
941856 607337
314652 273879
230156 439204
850825 141357
198152 697828
523387 473156
488355 983770
346625 845083
787039 118327
24394 19854
720269 111912
211684 296784
260965 774682
95468 970771
497687 936366
699390 538266
677904 288045
422201 398065
684782 832255
773719 808368
559792 408926
168972 402963
61751 437557
450549 122630
185049 539610
618981 219871
42974 598313
61408 444168
795179 345750
682136 901810
645713 74244
416475 198115
217754 510448
168373 244926
694874 536749
398188 290672
930177 615070
933108 392417
348793 944846
726695 348871
380027 509655
544413 509811
555706 400959
976736 846458
139461 600671
782958 535226
407531 505757
461078 96388
877448 496354
135968 423112
259456 524038
876831 152136
833637 998245
216273 404579
521297 438971
716844 769405
550409 499285
665699 566592
937699 778070
553437 220054
383551 560700
668735 890100
419194 142663
106290 786903
64681 298662
213465 160829
674386 619642
198027 484803
5077 792634
796151 983035
171927 950533
201180 436824
335706 964896
558140 93818
843501 647974
127906 98153
487144 59127
517954 548502
434627 286669
886840 552116
380667 218065
522723 26813
511749 194146
89080 560209
231785 324323
6209 803502
989061 469760
279335 928701
43292 13108
476390 506504
758454 429354
409923 734072
901958 79260
123497 223554
451295 105566
622060 301118
146201 758541
598802 308396
87660 51433
579141 945382
441039 660234
766708 265358
621365 454568
551224 536427
579299 148531
272767 174417
477483 591184
659230 378344
826453 22350
604837 658958
410943 993380
646246 776369
27009 859133
374998 842042
200925 10
40671 81824
635765 897559
931512 187611
414431 562307
706126 102240
150705 681485
589133 39168
606971 931454
588497 669825
292661 101670
552811 303652
51530 509354
444379 898343
893998 524128
928944 845593
5963 468257
157805 338537
767158 833150
328996 112491
599982 579481
395366 333650
942014 680162
776880 271931
22660 28939
323791 432510
25982 219904
273501 260745
918223 601286
162961 571437
821095 481062
528735 663192
959288 696863
12141 912502
132225 261700
940543 808067
953242 322237
444579 186149
399754 664500
973510 601959
369896 330383
994219 697625
495648 92779
719611 631985
371741 243605
772556 65029
488152 698755
505639 640196
90771 719698
614149 588557
200094 146990
599197 379043
976886 162050
553251 463201
53183 269996
466254 577
96961 775680
838688 116242
120336 764133
214120 625466
599649 785098
235062 245191
14033 559370
41015 658067
96199 37791
75278 395768
335432 423628
135162 770963
600696 947481
796367 818982
820590 419860
980138 465091
431583 663343
629593 86196
731033 724650
190687 685253
340547 290151
861441 235723
287020 987090
272994 229155
370799 817769
477574 596201
868476 652809
653200 488186
321511 834445
149844 489263
125787 493634
561766 277173
693072 735899
822102 147404
670985 727626
279165 43416
450592 238927
428962 618015
920136 656614
474458 901308
348937 134249
694493 705595
479998 450236
121116 317383
771310 554712
470085 477714
814932 802881
542400 325798
10559 74942
512315 928553
51911 900059
624638 828163
331969 463784
445983 689785
911357 989722
205743 82020
852825 708911
201049 910056
446565 713756
149118 3457
579003 384166
774571 816590
408186 755692
271869 496656
97638 217245
489349 335835
324925 705673
1628 849191
393848 911945
635707 528480
34722 361377
519352 52308
980420 824955
141380 182727
897838 123486
748934 184771
838222 186770
428649 699432
358704 760373
360184 197709
533503 139622
562604 983353
110195 349193
305840 536950
980136 243246
32104 981534
887483 231711
608273 459128
346638 594937
396287 393954
336823 153510
398110 173953
26185 992261
727917 46121
568678 461543
945057 194913
554340 128684
921688 186762
126530 657131
671817 967379
662095 625415
85624 882252
255763 334477
983542 302998
580747 670904
783308 874051
62768 654834
855131 880778
419966 944269
279473 97538
42884 907059
256681 140172
854347 282399
489699 351857
301333 601964
592645 678522
837385 561977
454024 117349
713777 372865
750591 852328
932694 366274
527492 991935
225882 39685
960001 445170
925036 554862
495080 541261
999536 368538
703098 713912
29587 853691
575115 526215
614898 434276
224798 227255
368954 416205
226626 798028
635074 379885
835712 931978
809166 64723
525728 472817
927602 559367
376477 347803
471778 716763
772322 117982
643298 836184
33815 966899
627025 701104
305014 534505
729549 950995
715827 201106
781876 810122
45266 153194
247141 377307
115471 581436
140131 866680
27395 240658
520932 235194
118012 549494
955195 541705
97467 161783
240304 957407
119828 635783
126845 222228
541405 702044
818816 489698
37917 76792
739784 783679
70215 308693
569575 312706
713791 319867
353089 24514
750022 186863
285138 229687
559115 634867
829720 634987
933186 362532
898970 388736
524977 804584
876602 590598
914181 310905
239196 579672
970234 853569
801319 247969
279794 429536
152990 682193
235501 300037
485704 183045
189522 575806
629818 215098
386816 88905
129425 703974
319906 498351
535986 917579
989709 300988
972429 646670
159313 721195
734048 617776
45225 38221
744631 941185
12232 932352
887048 821955
307349 687529
564060 318472
542593 721025
805242 427968
131878 383402
833688 180453
921964 152346
332618 611753
301581 764281
434089 147593
1462 707884
443758 474905
898007 585106
293976 824112
186157 88349
433211 220043
171256 383793
535372 369940
532709 545031
888647 185907
147747 991726
19419 97882
51186 19383
263565 459943
808312 444848
637063 715116
455747 352791
78754 268310
124333 228207
358257 285253
573045 660237
897582 910768
999078 132626
12268 994226
239536 515520
732532 88847
820054 965447
35977 850829
562678 676950
940254 569156
154228 49664
849182 694765
883003 954932
611700 525531
838234 463588
995463 660369
252926 858883
34981 630512
91287 286133
320454 93793
773901 485731
953318 517762
8145 511681
242926 911494
832034 93556
547845 289699
41408 421460
193141 633622
221666 551923
632794 284318
486326 633751
101473 553351
486086 989025
847751 596502
604903 13088
334300 445050
667700 974807
182688 915867
198398 555869
330532 813499
345506 331665
551754 342625
532528 108014
266793 63014
958736 211910
789643 322496
247825 2495
439711 825725
652512 219355
781615 631431
252819 236180
516139 547472
138927 142263
675304 197696
910725 382354
232984 329582
819254 545641
793767 981891
788548 693668
940155 27697
346861 830563
815873 254161
856878 249373
752087 983015
255854 788426
439920 791692
305788 812661
220383 126309
312887 953780
674798 917570
143292 334938
446521 324146
916649 931689
113703 363485
571462 973449
129517 200024
754174 311358
989680 192702
929351 18036
816192 691582
807066 268826
386369 686525
483697 317824
644214 34598
969215 465411
429436 522931
25490 166863
442594 325628
685409 812587
368367 486146
440912 837087
