1225
987736895 75548572
922338232 118426905
211648 93877303
84243852 15454104
45065 96812210
971769279 94323087
33762837 37643085
2552018 80763900
998393585 53875394
449962 91392978
994738373 63405276
948776279 111317110
945810169 112771937
1627238 84572261
69845066 21298046
990762725 70867691
45230556 217204
32402987 38728120
950630642 110259166
990475428 71332510
31126979 39773504
118445251 65402256
499903 90991928
7309631 68529233
976934241 89113606
104500223 36140211
976772209 89287107
69576636 21333012
981929665 83341200
998717169 52736151
70176431 21261000
20316135 50139944
996063767 60355912
71133478 21174319
933782157 116815893
959266072 104612815
67899517 21587243
945011683 113124896
85176 95756410
988620236 74217713
22478859 47836855
980916669 84561731
49905042 27367561
66954207 5191415
921051217 118457807
38672265 33992857
990329871 71563445
986593354 77221337
958624068 105062346
26462111 949069672
13560084 58458791
7439586 68277329
42345453 31497932
9456579 64615946
2751702 80056966
940917989 114781322
118317536 64707276
982684193 82407864
4615990 74591336
924011957 118340215
960989301 103374648
69518091 6413926
56155742 24714362
630 99654280
999674595 47750814
18138909 52636486
75359291 9544581
53598216 25719636
90035623 999084775
105107428 36921188
23822969 937618623
42786635 31221876
372136 92075754
927784390 117917744
103885518 35354635
6795282 69554261
69666796 21320505
967899069 97853093
61215512 23042379
37045559 35151196
996947763 58104948
976251363 89837015
85940303 16878522
971405509 94669555
47082614 28792870
33987950 37465915
41987735 20834
68770108 6046857
927370171 117978872
233066 93603338
57155507 985946645
42086720 31663071
112148009 48168801
932296377 117131455
5640122 72093737
149729 94682609
54332771 25416308
2085720 82545048
73936530 21043081
3056008 79025713
12439166 60050058
9287581 64908017
5972309 71319603
999196939 50720136
930114897 117533173
983120120 81859431
946411924 112499532
921721651 118446352
999986214 42661345
25021951 45322645
992423837 67964402
897638 88260595
949443028 110943510
64475850 22210405
15551617 55812535
998971929 51745134
998896603 52057552
4409606 75130606
25825863 44549625
58448704 23913772
936818240 116070158
109105387 42774900
925236667 118238664
63802565 22358480
948956494 111216692
993201759 66496026
28360480 42181195
928980837 117725539
26125593 44265194
2196547 82104801
86559725 17410073
998632619 53037432
24410326 45918465
15056710 56449475
1401301 85629705
76557484 10233741
951790446 109563230
52928574 26000863
4503785 74884163
4061052 76080128
469013 91236648
982233522 82970816
58284769 2211965
42113604 31645898
110145819 44546288
256772 93315669
989528597 72828832
32027416 39033511
935909476 116309686
970124069 95864665
985879309 78218542
42793197 56557
52791135 1152615
26376372 44027782
51990925 26407185
88073566 18717304
2434418 81199842
28894051 953859184
63847109 3896092
81040368 13051445
997671750 56122324
999858386 45924546
21563086 48783706
827168 88678294
965145449 100162372
966376795 99153774
286332 92966564
960395162 103809727
173865 94363545
996518040 59225765
65681066 21972850
74686975 21037209
82791997 14332761
600156 90233801
60402533 2761801
119074064 70062056
20156260 50315933
10216765 63375489
51089437 26814676
45273712 29778161
2031793 82773225
934500224 116651262
56775492 24487607
74017 96015928
989715442 72535847
941213337 114675028
965484464 99887208
1360919 85826147
1744629 84039363
998513848 53456181
999999641 41313496
13183466 58985007
36567179 35497797
31048940 39838601
935226513 116478373
28110765 42411020
30869355 957004740
963322196 101605521
999948977 44269285
114421565 52732533
4747853 74252384
962279569 102405977
39854766 33169520
45865105 29453742
7701937 67775090
16779777 54279271
991573569 69487692
920771717 118460353
2686838 80284813
60781034 23171669
970411987 95601110
973421652 92726008
67372195 21672752
940658197 114874595
57077748 1946094
22014011 48314084
27330973 43130943
994217753 64481346
14171385 57616813
941981350 114389050
996186307 60057461
925774165 118181425
92879 95584708
934650441 116615916
986485744 77373153
30114141 40629368
100865 95408065
60130803 23372012
678438 89664586
43785529 30624510
118711063 66946596
55514280 24951635
936221542 116229716
1564753 84859543
114669969 53296452
991755146 69170294
14760374 56835322
52745503 26078222
9768987 64093997
989031676 73594181
4165046 75794643
958106377 105420905
26765311 43660608
999554244 48628136
6528553 70107835
949665712 110816731
999749258 47093904
66911929 21749536
995795676 61006655
16704402 54371959
999543989 48700035
999918667 44971584
70912989 21191582
16086660 55138407
941421351 114599749
993272479 66359829
4297199 75432887
932917349 117005883
937601234 115849065
999726308 47324634
111281335 46564289
992379472 68046028
0 100000000
27528125 42947876
959540487 104419566
997618233 56274653
949994891 110628701
972380785 93736944
998296599 54203870
961274152 103163302
985257976 79073469
73337265 21053659
110725378 45551099
932586256 117072891
970866293 95179191
924336066 118317048
2899260 79549128
930782451 117415335
999435314 49438447
934073735 116749184
991834727 69029418
7249476 68645896
943933883 113588453
17092564 53896270
999505088 48967189
949305981 111021130
926112079 118141473
960722364 103570261
969020646 96864712
32542163 38615716
966612161 98959250
571374 90449059
29184242 41441100
997731509 55947672
999279074 50303937
974647787 91500704
993518873 65883150
56058123 1745627
28485759 953134101
21175381 49201179
988825597 73907079
38135103 34370796
19913102 50586585
109745344 43857896
40642805 32627732
980641 87808230
50852239 26922730
999787296 46709365
979193884 86582799
972831597 93300914
987980554 75183472
957285422 105981584
75694105 9734453
996466086 59358096
118619589 66356937
958932926 104846635
14957 98145132
950213095 110502633
982127862 83100484
991093957 70310348
103540240 34917438
85767601 16732378
113991700 51781224
977509994 88485423
117888117 62726164
15204463 56257949
986081682 77936958
70008833 21279328
956550724 106479171
940392556 114968164
927095710 118016526
956755313 106340996
32853984 959728078
962092537 102547719
981658693 83669226
941731673 114484380
3390 99001320
43105226 72366
32099774 38974411
49742397 27446142
188672 94172957
971622966 94462460
975162034 90972115
11132285 61958971
966149043 99341678
61517776 22954964
65520934 22003433
7832753 67527412
95646031 999834375
998142388 54702871
921528084 118450090
16018244 55223638
992164022 68440570
11155 98349844
48948531 27833063
83775667 15077940
32367847 38756538
69196605 6255751
98803420 29429785
928748027 117763822
38435831 34159011
8299892 66661417
57433089 24258480
73666910 21047135
45092747 29877864
21931583 48399612
982693661 82395973
958420751 105203627
1455310 85370844
53369201 982831450
978311039 87592675
994562279 63772005
999851091 46019151
68180271 21542148
957084658 106117899
944067690 113532363
978968129 86842445
4273250 75497965
999955199 44079551
390658 91905029
43912610 30549934
62747259 22615768
920180497 118465605
938811726 115486936
3610056 77342561
9956198 63791424
987622349 75720012
41864084 31805796
54065333 25525393
968036360 97733048
117065654 59889636
97467791 27954607
928607211 117786726
116611523 58461739
48742635 568736
975666307 90448402
30357521 40420922
56388692 24629022
46676415 29010988
8622910 66072695
53217306 25879188
939262103 115342719
108580878 41912609
7292 98612987
980142819 85480413
998423610 53772787
23847805 46469013
70678051 7009237
51216531 26756905
980261721 85341099
922918570 118402233
987942000 75241441
972630974 93495130
54480967 25357725
113654699 51101737
67795426 21604003
956228927 106696441
999873782 45721668
25287866 45065587
29017689 41589071
940528315 114920369
926942052 118037215
59728617 23497865
998768261 52545803
60965950 23116393
16271832 54907793
960105715 104017005
79860976 997369300
118187697 64007667
66193568 21878192
34259016 37253321
999632141 48069219
999097340 51207443
930281744 117503934
6986933 69165313
879716 88360997
937400251 115908195
936431128 116175348
10311371 63226290
118566904 66065139
76697370 996514058
60271203 23328503
949153474 111106743
26927504 43508388
60264 96357697
955406636 107248322
1684897 84310168
44737622 30074878
10715897 62590520
119220560 74132267
962713480 102074714
11356599 61627649
73379870 8441141
43192866 30977245
11489845 61431279
8398367 66481529
921307264 118454002
3962527 76353012
5024570 73568440
28638059 41927271
86989807 17779982
55998604 985017185
50764411 980307004
40784516 32531304
951257080 109886913
40109379 968622834
25080626 45265643
3856125 76650389
939623322 115225706
41238486 520
74055245 8807786
8552613 66199974
38114348 34385509
119030934 69521034
71810730 21124187
20558932 49874068
68391653 21509060
944381741 113399288
931687394 117249791
919758563 118467995
928109058 117866764
7127701 68882700
66345548 21850609
936377784 116189373
964306560 100833583
63115369 3619487
17729776 53126264
937919355 115754347
8685289 65961659
61992514 22818507
47419932 976814357
984842251 79636560
973928084 92231278
993837177 65252746
935988616 116289582
35113820 36586041
984477484 80121326
14245741 57516472
58146598 24015600
25554090 44810155
999077726 51292389
942358 88014617
77986694 11091833
936629426 116122142
71917407 21116926
117337795 60800552
992070978 68608720
935487717 116414036
952681172 109009271
21063116 49323251
934991054 116535595
115836823 56226124
935958169 116297361
934740388 116594721
74835951 9248406
63092089 22526682
93329111 23661160
980595195 84946800
935137503 116500060
18846 97949341
10106024 63551281
66238529 4877850
983328903 81596077
954118897 108086862
3163931 78684678
31310415 39621679
3261181 78380180
73019439 21063401
37404527 34892781
3447681 77811860
67425044 21664081
108300130 41462530
117701895 62060925
112652651 49125959
34409227 37135641
47009059 368776
751164 89167142
955010794 107508744
925023849 118258903
55016691 25146750
71572894 21141259
27386303 950953747
937102491 115991868
989753776 72475253
985490339 78755314
10767146 62512519
119197545 72582002
69146133 21394233
63386550 22456286
118845335 67845768
118943400 68677828
952888556 108876758
46446464 29135886
952363358 109210788
10942746 62245466
44026824 30482991
72783874 21071479
12978334 59276555
980392299 85187768
119181007 71978785
301390 92794479
36437596 35592240
999926924 44798271
29837588 40866602
6737688 69672598
27358819 43104979
100818645 31709813
932095254 117171765
5669430 72024503
955511884 107177926
11673908 61161697
961581302 102933604
80557243 12730254
997374183 56956736
976872264 89180032
996252497 59893865
90139783 20620179
947720636 111868295
926616371 118080863
1272786 86276033
19692805 50832639
999997900 41735439
67449092 5413516
999247909 50465942
999755166 47034479
40262834 32887786
938585744 115555688
994310826 64291706
114826113 53673515
943182171 113900046
981121787 84315314
20115074 50361290
26580239 43834974
952723967 108981965
17872724 52954509
115683295 55820701
2819328 79822306
80841031 12915397
107929808 40916379
57158691 24353116
2404511 81312351
990785116 70830911
89756686 20260485
999908649 45159120
34556291 37020468
997065227 57793283
24261192 46063813
44205312 30380026
71200222 21169142
82894173 997960955
984114916 80591117
87515056 18233479
933382358 116906066
941530253 114560212
3678344 77150063
975973737 90128412
35204492 36516469
6208696 70795811
86452685 998551601
946619616 112402765
946191968 112601107
950428688 110376928
999456233 49297241
9227785 65011460
92730632 999465464
923759253 118357639
48578704 28016827
110626500 45378236
971228378 94838159
77588761 10850142
15706422 55616630
993053297 66780130
69428274 21353951
37271234 34988571
49245720 27687538
70338566 6833566
988440375 74489678
48134792 28241846
970662886 95368366
948488691 111473879
23643818 933941779
999999999 41006540
999714117 47432367
1313010 86070452
968251336 97544820
33236530 38059938
31380841 39563450
105215029 37063224
838211 88611217
24008500 46311341
61691576 22904890
999840194 46154326
923530104 118370611
999978914 43113297
1505580 85133205
41492671 32054005
981484214 83879637
3018116 79150762
78590495 997105286
999816374 46410390
983975687 80770739
44393856 155935
41772914 31866210
988257506 74765931
62880604 22581015
964003487 101073518
50224418 27214637
23526278 46785248
27046020 43397290
974935027 91205590
967291038 98381329
47596980 432241
6386820 70410114
82719985 14279134
30543748 40263052
41006540 0
931796400 117229451
21756911 48581364
939129388 115385482
36046 97169902
18560514 52134888
91972607 22353785
34815835 36817768
342026 92360163
46012765 29372867
978685735 87167090
8885489 65607362
16892049 54141305
116895 95156314
957488440 105843340
985131408 79246006
52269830 26282367
964597122 100603249
47620057 28508604
25449680 946130311
52368770 26239404
969550165 96389124
61725723 3146499
975396374 90728956
5212 98784030
68820558 21443319
999993921 42117856
963027932 101833068
37854765 965982582
105978529 38114308
994450502 64003667
62509059 22678693
20832319 49575351
41737117 9962
3205697 78552841
945583636 112872860
982893403 82145017
15414672 55987267
50572112 27051361
95630698 25986129
57719813 2083510
67128161 21713292
987345932 76128733
54614506 1471680
22272326 48047768
6878107 69385211
66746104 5098333
48815861 27898792
978045951 87891621
974199236 91958340
116380045 57746398
33025682 38228250
977756654 88214608
985707591 78456048
930554981 117455737
799738 88847884
94946461 25281693
22866511 47443976
68257 96157331
23592556 930355551
981340319 84052674
66387163 992192495
922229729 118430639
107357540 40078914
9634921 64317034
8067409 67089571
943667999 113699334
997173049 57507000
996596079 59025891
948665720 111377912
12634410 59769136
997845707 55609377
706810 89470424
3113019 78845467
1623 99360329
30395839 956317569
45020032 29917946
999240684 50502644
102947914 34206292
986259985 77688533
59161862 987484877
111082326 46199093
987141549 76430213
78968957 11706351
979418059 86323590
939753909 115182701
61468063 3063035
119156280 71184072
2606837 80568072
772541 89021368
962458004 102269998
38975335 33781006
992132386 68498240
31558 97364856
61156162 2973594
8796763 65763869
115467905 55255096
35440368 36335666
81896956 13669696
994834448 63204000
953044338 108777163
65890666 21933801
54025485 1364575
35884884 963572227
997591326 56350899
73012009 8242885
54783960 25238200
965599442 99793528
929906136 117569651
940193087 115037019
2957219 79352500
14644659 56986810
126504 95013470
942260356 114277147
979962194 85691104
46300418 29215516
81394272 13299725
25886077 44492361
116114336 57001849
368 99741469
984671781 79865268
62704479 990058858
11207339 61847884
4906809 73855316
947951627 111753064
973135806 93004548
48366554 28123347
55905008 24806232
971080546 94977841
980709232 84810307
982433086 82722621
64181024 4024297
3489514 77690744
929597893 117622945
58876756 23772066
65000765 4351078
3419856 77894927
998039572 55023747
942577118 114149235
959827631 104215629
993674632 65579709
24330012 941608219
996827235 58424719
999589163 48379397
414550 91686671
12779190 59560982
967570657 98139164
63304611 3690471
90981935 21412993
73223596 21056741
43601386 103839
988099619 75004112
13686244 58282876
2458 99168880
109413756 43291030
58708096 23827591
96375409 26773637
933507237 116877997
64776447 22147684
984289504 80365419
999519467 48869967
970898879 95148690
100000000 999999999
13367487 58727599
54881524 1520903
23624433 933083008
22575566 47738445
35893143 35993412
41068299 32339069
955127149 107432464
999034596 51477086
994055525 64810233
919859357 118467897
53873541 25604950
16508284 54613326
999700961 47544795
991258298 70030434
144585 94751214
27840957 42659565
78717377 11546290
31678692 39318551
990567609 71183564
73615011 21047929
957771557 105650270
54 99860540
30764699 40077383
27583156 42897133
998581765 53216894
84018745 998163704
119204784 72874970
11033840 62107169
19218994 51371242
969238269 96669556
925395163 118222117
12032960 60637883
72414635 995009192
19427879 51132120
46833178 28926597
3358260 78081391
22231361 48089730
37929344 34517377
57618927 24194606
63519655 22424881
947489752 111983167
49463382 668563
101188186 32134636
116814126 59091591
953850709 108259567
72905024 21067243
96031860 26405066
72036441 7721946
50975449 879918
7942364 67320701
74165373 21040736
100269494 31080443
13986689 57867493
942902868 114015093
1968510 83044678
24689503 943416153
76136602 9988275
1137391 86975654
99524004 30232533
996714778 58721311
992249221 68284682
978425341 87462870
996381121 59574226
18379977 52349288
921248620 118455002
56589261 1849701
973748877 92406512
35666356 36164103
954444457 107876418
641044 89931786
68193452 5766882
114053558 51914097
37669214 34703169
29227157 954409639
964817480 100426370
999342648 49972373
109034830 42657901
36745833 35367592
946922291 112258497
55578377 1653334
996348234 59656014
28500968 42052077
45576944 29611667
273475 93117799
59476590 23578192
29423147 41229762
42618281 31325055
53403733 25800682
994674772 63538273
28593990 41967201
989928173 72199515
943458022 113786260
101852505 32909206
933214574 116942170
83178679 14625478
998231934 54415714
45730281 974984428
28929959 41667192
991439137 69720675
54581 96511980
78484633 11398916
967190405 98467602
924566153 118298289
46534932 323024
998828717 52317439
72521559 21081050
54220293 25461590
39396533 33487474
1033013 87529187
23099346 47209323
672290 89707934
10633038 62719159
117511386 61394346
993920496 65083957
35925309 35969439
39185492 33634230
999990639 42364068
1189146 86703805
119131705 70825459
47370166 28640282
13897215 57990517
12241463 60336105
961824545 102750436
66120920 21891450
55707652 24878856
979688852 86009519
11862288 60886648
118024763 63225725
2474402 81050522
1847913 83578437
50009807 27317205
954758406 107672774
64997679 22104079
4704681 74363321
983763250 81042375
60556003 23240651
74436231 21038019
94590573 24916087
57919402 24092360
113349200 50487716
991935610 68850333
112474909 48780364
105410004 37327823
29584627 41087620
68599670 21476761
989201106 73336814
929300644 117672682
50513353 27078945
43461303 972446716
5279057 72952223
31774604 39240105
928424257 117816190
23250635 47058975
925621937 118197980
55292802 25038260
927570810 117951109
110892837 45853181
986937645 76730825
999982717 42894311
56611551 24547413
6575452 70008949
968552208 97280799
938432887 115601402
24826057 943937889
45437368 29688288
17305445 53638429
5161152 73236516
999940149 44489363
106509820 38852304
42915693 31144101
15978808 55272794
10499605 62929466
993415313 66084628
65270875 22051437
938120927 115694321
992600125 67637141
5571898 72255015
950112600 110561021
989380509 73060421
1799013 83795009
58790898 2335472
3781086 76860445
922621000 118416082
985068430 79331784
995029129 62785956
2147298 82295492
25026 97658863
931052503 117366500
997792498 55767048
995289856 62200743
965284288 100049990
5373771 72725394
74952482 995949546
49233077 978776868
89035201 19592308
5907328 71468255
66463888 21829318
67640950 21628918
93818663 24144392
70525361 21226794
47831595 28398431
23617614 46695305
944703181 113259795
106809030 39281602
328103 92503869
72132276 21103605
990128798 71882071
974461377 91692053
980485360 85077738
92671225 23019081
4861627 73967808
74939668 21036434
2153289 82271698
995055169 62729199
997263483 57260173
36175765 35784882
52545069 26163653
62353382 3354104
63947703 22324572
999666727 47810174
963516177 101455216
969835092 96128762
5785467 71750760
1230054 86494487
920449126 118463245
966930643 98689715
999385385 49735715
948253585 111598583
945278738 113007897
72421906 7925921
12499924 59962570
999970455 43523507
85085066 16155406
976515826 89559227
14115661 57692036
117113711 60045197
1081497 87271226
7606427 67957461
18959814 51670279
986884644 76807264
96835978 27267940
945890164 112736195
925797276 118178868
995931990 60676604
61822538 3177898
1900751 83344492
6102128 71028673
39579347 33360353
18291628 52454467
999895624 45402787
59174950 23675185
112970624 49747289
71205068 7284128
72314221 21092896
70711350 21208670
995536187 61625692
997938100 55332635
88345521 18954468
934290367 116699589
115161246 54492959
8209481 66827182
87986654 998784784
30235415 40525471
921918272 118441024
6344830 70500248
999996230 41935809
24766419 45571471
32729835 38464666
977175855 88851952
18799087 51855912
52113066 1045625
68913386 21429287
40522760 32709584
940251039 115017170
986823395 76895381
940011486 115097577
77092555 10549175
951542303 109714546
59564180 2539178
963818771 101219594
958019018 105481249
923236495 118385963
932829225 117023758
5499390 72427051
41745870 970512210
42759 96897424
983505847 81370558
976903998 89146062
999655442 47894776
999973488 43394727
99958278 30725218
936046566 116274722
48203768 501567
953744339 108328037
965898484 99547779
987526448 75862175
2272862 81811174
468466 91241076
968161367 97623661
972089060 94018151
14442292 57254137
15860071 55422666
62137540 22778605
14938428 56603294
995642106 61375196
990920482 70604665
997483391 56654219
49495012 27566375
41265454 32206355
60818196 988728408
91324176 21737494
19303094 51274541
931377538 117306811
98566977 999950332
925894856 118167449
23752288 936565290
55632010 24907005
954428608 107886695
18637725 52043367
40146834 32967794
977222822 88800601
66647666 21796303
56917042 24437107
926335645 118114652
33472103 37872204
9058848 65304097
62220654 22755824
64187537 22271022
21413202 48943256
51699483 26538415
69365269 993632537
79732611 12197358
947233259 112109757
955793594 106988970
972044151 94061112
986688550 77086474
24040881 940051391
5107869 73365975
999999266 41432497
71343989 21158302
999153002 50936254
44459100 30234496
51393346 939956
992878753 67111182
118768195 67323263
102319431 33456734
995172052 62466614
53272583 1233021
953429006 108530956
98230419 28791909
953312276 108605843
968728457 97124251
924813851 118277202
65397843 4514414
64581512 991299388
18037687 52757276
8328 98535481
998736183 52665852
161672 94524687
7534920 68094027
6661778 69829602
119214499 73328659
952083866 109383581
950952873 110070605
51493230 26631440
993738393 65451600
939419227 115292052
70378070 21241214
995404638 61935920
992713857 67422493
935607672 116384478
50225519 775054
45851033 267440
3572648 77450430
994905215 63054647
59949670 23428373
111738156 47406723
533286 90735305
43489370 30798964
999963512 43788514
2332086 81586167
17481189 53426000
80107753 12439732
24621544 45712615
33747709 960886664
956029813 106830475
995713317 61205002
