1289
640734869 389154007
168541463 24287181
199298827 34482524
172607066 25519465
78626840 5295758
206218298 37010953
452165424 189278291
696416007 474880445
773648357 738675022
587762707 322204436
624825904 368015055
70520303 4233413
685526226 456230374
762142828 644638816
761992926 643922913
93646882 7561558
90008819 6968730
668073496 428424136
221330011 42776374
211335426 38931804
422823959 165139803
684308452 454219339
128629205 14207219
501134864 232945699
547501077 278272046
446652260 184598535
502154961 233898346
8161831 72280
63133485 3371371
555373692 286447405
773841716 745641812
728426164 538991493
312536574 88160708
352436573 113624096
773379424 731575030
560402565 291749524
536858097 267460743
16347234 244928
81884882 5744545
25236830 563272
57075438 2758221
218913460 41837173
225100114 44262366
150422562 19281571
214822314 40263298
737919954 562972583
35929019 1092470
649104001 400648275
977789 264
195462555 33109496
708116353 496388079
710170675 500339338
751109270 601604850
689924613 463638455
566508369 298263354
354591342 115093182
121988273 12786241
442316747 180967374
137374357 16151719
602183929 339510977
761738414 642713270
757093019 622613486
175179914 26320605
728710707 539661698
74001814 4681529
773532212 735391787
413056333 157487822
466498027 201663081
683054853 452161270
576307893 309028178
349001367 111306777
0 0
20160440 365657
318863757 91984909
697373308 476567711
637611771 384922347
363469758 121217814
692815475 468601765
406146274 152222980
497033786 229127758
429473898 170444703
538033243 268639517
19045360 326654
760214989 635645884
519003453 249875953
452780395 189805345
316613136 90616585
406995551 152866161
773331629 730511167
265488705 62345296
5391886 35143
675487721 439960400
94618133 7726541
632281902 377783211
763874841 653164799
718753461 517596187
691286768 465968416
344825017 108535131
3103591 11951
746708376 587722439
673082823 436174680
203654924 36067511
263524887 61382462
487427413 220343017
735924264 557684860
397040305 145383797
286346247 73175359
380871002 133542784
736537907 559289399
76101350 4958288
541925495 272571036
187896521 30502939
636835141 383875298
719713683 519592354
126846157 13820956
237873278 49577744
769924929 689521241
417442640 160891584
300618237 81176177
410993117 155905006
681437915 449513403
733824828 552290943
751939957 604324862
324881033 95703477
379797091 132771299
347289076 110165606
588700831 323306892
636108629 382896629
769692587 687888966
634465991 380695309
730921316 545029262
436680394 176304555
364140822 121686474
771478388 702400226
156180778 20797647
114353593 11253350
109853094 10401979
554266663 285287012
108081329 10083423
575384574 307991436
521221621 252013362
748969623 594746868
756377919 619922188
414645260 158712273
753563972 609845337
755026947 615010495
703577753 487846545
338422968 104342968
724612832 530184054
374740798 129159416
472857946 207268732
151435270 19541014
767310326 672647002
604297702 342117138
722805667 526209742
38087037 1224306
236946629 49179276
271451601 65333375
49113392 2050166
771532655 703025610
30439948 808295
359346968 118354065
763405753 650793178
507923490 239317253
753866111 610908151
698357350 478313611
633126358 378904976
246732067 53448428
503326861 234993235
485146945 218280567
461067066 196928707
337660831 103847410
768346647 679014452
653767768 407209525
428297583 169500865
604957211 342933580
611699335 351325564
76711473 5038973
772545458 716360013
729773809 542223449
765515893 662140929
395741400 144415058
753180093 608516012
273668399 66464295
762848932 648037714
551836518 282753603
189391875 31009552
764222914 655012253
733631557 551801456
676656432 441819524
591848943 327027053
774012086 757949015
431851767 172358020
481722846 215193942
169722120 24639708
173935458 25926787
438824809 178075320
757774742 625241262
248621269 54310209
373933940 128586824
702754836 486315473
767892723 676168115
23424029 488864
760294794 636003230
479154181 212890849
730739169 544580797
696955977 475828999
675108758 439360402
696032741 474207229
743390187 578100502
705048314 490589649
188686387 30769615
668834689 429591249
671238642 433299619
24578109 536221
589596854 324363599
524657539 255359898
772878484 721838481
134428929 15484560
622582597 365129191
723309319 527298759
751831758 603963715
740886420 571106454
556159946 287273815
768783742 681835680
45834754 1783980
272383695 65808388
382705163 134870051
771569702 703452977
750506027 599649503
540769808 271398256
208623055 37910901
470634651 205303736
177834075 27168775
761400703 641127793
577983886 310915097
159552757 21722470
410107957 155229548
540288860 270910935
302316493 82156047
507269554 238700696
600363170 337278402
549147875 279968076
755785584 617754728
213839353 39886823
190598997 31420102
437606930 177069267
155101295 20504681
548172515 278961444
773959131 751721304
433602319 173779672
759090902 630719243
669823558 431111969
193262413 32339433
511699138 242891716
224837893 44157279
552295499 283230538
748086158 591964094
401220484 148510109
766223363 666209345
631987677 377393157
504855843 236427585
639181931 387046213
761554546 641848904
645158802 395202525
646968962 397689316
2162011 5712
490129686 222794345
144929496 17917487
10828275 117809
698970858 479405674
571261684 303420068
358510280 117775901
490835315 223437058
770997174 697509667
468186327 203145722
321028363 93306989
377402358 131053717
179317215 27649377
719359061 518849498
740153630 569083147
713431073 506766894
323340523 94739403
246205163 53210427
204827350 36496909
612943791 352884885
623058787 365740413
770050550 690420786
148149962 18708318
556984805 288142462
737500360 561838011
126505871 13747533
576905076 309699381
627635058 371661168
316932731 90810606
194170111 32655909
750424216 599385783
736246126 558524485
761117538 639803004
365765674 122823026
548407956 279203985
708545217 497208103
680871224 448591460
771222496 699593598
373221871 128081782
626328867 369958364
455868449 192455790
648299271 399529381
772490000 715491812
55260756 2585232
391461332 141250592
149246732 18982890
767120232 671509165
773717512 741017244
270841796 65024553
171984945 25329087
141999156 17221151
351672872 113104127
484454206 217654724
750739442 600403366
140672743 16909137
300133332 80896613
700324742 481839697
679280990 446019733
112050684 10809721
729388317 541291719
657248754 412237576
619017696 360568551
209694494 38313073
488150148 220997961
368632044 124837270
758972709 630208309
562959195 294464870
772476086 715274278
346226849 109460797
175920258 26556675
711337075 502618752
171293749 25118158
745047206 582824509
307751259 85319886
229759021 46158448
12419881 148566
35026894 1043688
7022695 56548
461283171 197115829
160975070 22120095
598832222 335408735
646577618 397151484
735416119 556365001
626749517 370505714
134994217 15611220
771836840 706628466
334046773 101505669
765205420 660376068
85453407 6261414
334583303 101851828
765006526 659258980
101472964 8911551
598539382 335051333
466217944 201417337
336667048 103201648
284019309 71912403
770611925 694575926
730503297 544001403
709969126 499949728
13716971 178009
420437022 163251138
181580602 28397085
766656391 668745447
772655678 718136809
742082578 574421256
419346747 162390544
61095096 3160843
758012053 626176644
717445898 514906534
573862855 306289813
83017479 5905617
538434442 269043316
151987619 19684572
521126853 251921826
667365977 427339577
699444647 480253645
167638365 24018917
396403479 144908355
606303846 344601954
665677489 424765829
722252966 525017587
586424339 320637712
365129913 122378263
282557169 71130240
345360196 108887911
772284170 712430061
669391437 430446166
763888456 653234863
361996549 120191250
771917578 707651394
403795968 150447982
641397660 390056057
701341284 483695440
465112511 200450038
463289544 198859833
717019780 514034002
713633083 507168984
752544301 606353559
749383121 596057658
716456560 512881629
570474753 302557855
349612023 111716271
235236071 48452779
441842512 180573623
397955113 146066940
283327717 71542270
487015354 219970233
712306635 504532984
53835594 2454947
385292653 136746375
762599579 646829998
242368049 51528383
572460653 304736555
771410310 701621691
261418928 60359852
608369510 347167585
450255398 187649962
117841377 11939514
194452014 32754322
770162288 691232984
647472092 398381420
106981820 9885913
512913764 244045646
558214954 289438948
274055480 66662032
472399569 206862027
143818802 17651686
495372245 227593209
250314264 55089451
662796153 420415058
736872862 560170630
65705856 3651377
30038741 788783
638432528 386030852
449038879 186615984
471978924 206489945
320000701 92678878
460662196 196579488
666231674 425608905
568085526 299966444
4518460 24115
500232860 232104351
231064365 46698911
629257153 373784343
519733439 250579076
720324048 520887245
26552172 622332
737328422 561373118
287484101 73794750
92146970 7312629
529777667 260388962
57443666 2794348
650737346 402927038
224399194 43981597
445694887 183792984
423514202 165687347
746411592 586831160
490228258 222884011
459900209 195922921
760585234 637328594
165166080 23304820
766533977 668025840
309899407 86584808
568745262 300680747
83312377 5948494
752248136 605357467
11662067 133022
444591875 182868652
758745350 629232886
743027657 577076947
531699931 262302724
764922794 658791721
233457734 47700743
475865487 209948877
373028564 127944699
569450594 301446157
483534322 216824576
706215312 492774115
50207755 2142746
236204114 48863575
609943433 349126860
509047841 240380101
746229489 586286552
270037200 64618699
520851846 251656482
771726592 705308469
372467449 127547199
596222995 332251690
627066078 370918181
735699168 557099882
605787475 343962128
534726664 265325754
344108523 108062869
764808190 658167708
196480463 33471754
309322560 86244505
329959267 98896414
511410905 242618523
700563515 482274086
118115151 11994551
768514630 680092351
232834049 47438752
752436455 605989612
285493742 72711378
758506007 628211862
759348220 631840554
528691709 259314968
367746149 124214579
744323663 580749870
732954499 550090351
759559393 632761328
67278057 3832627
700009990 481267869
753002920 607910737
707357494 494939781
252299141 56013501
402202229 149248180
731610863 546735515
328813417 98172527
767617062 674496757
614451993 354782596
709407770 498865324
772591170 717096408
381228789 133801442
489949945 222631229
761632690 642215352
424170544 166208842
506346636 237830789
492663548 225106148
597168602 333391574
714067531 508037945
26977857 642421
217369045 41240858
80858361 5600746
539996433 270616139
32944850 933362
688109366 460560992
678175547 444244203
721334526 523043227
341765862 106523515
341258769 106191039
234481736 48133384
186722345 30108791
769081697 683780754
437885984 177299781
327655326 97443910
136254253 15896172
766826300 669754594
268065469 63627270
387157916 138103298
259114771 59250212
329203942 98418304
66101076 3696238
503975267 235599996
257493433 58474312
721705952 523840720
747696201 590753195
764266662 655246396
514973977 246005724
581007526 314346752
580496692 313763290
612603989 352458906
745407056 583871593
773792682 743768552
772841186 721201139
717760374 515551639
660592464 417142869
513942392 245023370
769133721 684120913
773695593 740259415
130525852 14618606
772721720 719202891
732383683 548658703
650473947 402559045
509372652 240687574
133708795 15323618
439882357 178949163
69589391 4116950
247481345 53789987
655515392 409723418
769954704 689733912
456510234 193007205
749901371 597710740
432396224 172798399
366641251 123438213
713926189 507754809
54183994 2486582
240675851 50793177
658062971 413430086
545912523 276643873
728982862 540313448
497689800 229735399
115993234 11574090
614982812 355452514
762350947 645633585
279695725 69609117
389335285 139691355
39655065 1328448
772133252 710414109
725234776 531583395
356586205 116454018
755313194 616040653
162050263 22421027
773975456 753213168
430039221 170899418
64489614 3517101
754762456 614073027
379044033 132230622
98794208 8446067
757382840 623714888
770466143 693487287
651550791 404065733
691047686 465557956
727602313 537055664
635744046 382406138
129597976 14417246
255906731 57719505
15245612 215933
471725399 206265941
163015432 22692443
773972394 752931346
765315356 660999513
593652423 329172550
744726166 581897129
585024738 319005625
607151071 345653203
773927865 749775028
692143687 467442558
768643870 680926959
430983728 171659259
41354637 1449995
400514964 147981305
198302617 34123157
773458358 733495317
17445804 274604
637001388 384099263
435613231 175426035
517896097 248809448
276111229 67729799
574351477 306835452
22355819 445623
291076114 75775430
770891002 696681503
486001527 219053243
773303100 729923051
734301336 553503633
723800760 528378397
75065626 4821531
348394687 110901206
587275255 321632831
715466168 510861634
14451178 195072
163370814 22792717
12769490 156318
96030058 7969074
473814610 208117951
759946279 634460125
125252058 13478362
710392392 500769890
9654982 97236
664358413 422762372
218100748 41523187
773594941 737103695
752817130 607276378
774016354 759802051
322520806 94228176
332568436 100556706
621041537 363154835
633927182 379975178
174102443 25978524
602650006 340084596
768961553 682996049
744869694 582310499
418002327 161331223
122524479 12898576
81204334 5648225
755398218 616346952
703203584 487150345
28167332 698821
255367334 57463080
145954608 18168016
671842233 434238289
469179659 204020607
91652179 7232782
700848899 482795568
561537108 292953171
726924715 535478448
96968703 8130736
672429658 435154231
773823853 744946684
773197258 727790652
121413308 12666809
531202436 261806587
294367775 77614444
318064892 91498718
102884692 9159929
601237093 338349825
753254917 608774304
740476557 569973863
773678065 739668532
119991516 12373672
200053422 34755845
615967327 356696856
702547687 485930961
494747336 227018319
447687234 185471615
360435393 119107920
748378148 592876051
304242522 83271324
642970595 392199557
141458625 17093873
757545089 624346593
724275340 529425453
227887755 45389768
227491768 45228438
766388816 667174410
288913722 74580203
610898517 350322585
119258982 12224914
559013047 290280387
460844806 196736876
564066413 295647026
131885722 14918124
549613793 280450162
394031727 143145583
389516343 139823896
177138847 26946195
139284094 16589628
741245505 572099129
403148515 149960065
408013259 153637690
153433132 20060492
142992093 17455785
631106511 376225658
290421548 75412094
482563740 215949980
682439324 451150927
67003768 3800396
773018318 724301414
763809345 652828520
693454784 469707097
447994094 185730512
232107055 47134227
499014378 230968365
428476991 169644810
477957542 211819794
530526316 261132763
621617104 363891509
369941527 125760779
773137719 726615695
554777378 285821209
688570408 461339178
201755928 35373582
773935765 750218481
773953908 751246938
315039349 89665661
664978062 423703269
626194237 369783497
284510295 72178071
56460562 2699303
90971717 7123098
597570105 333876397
219964535 42244264
104001219 9357228
207461266 37475792
673626632 437024598
404634410 151080833
705679189 491769994
654324677 408005897
149015533 18924230
663857262 422005791
494222602 226536222
689414115 462770174
489140258 221896440
458723647 194909444
342070891 106723827
89040502 6813605
743690794 578950420
773629976 738106714
771813100 706344043
79712120 5443649
60247409 3074278
416888147 160457783
734977415 555229212
222164559 43102213
226198125 44704527
749313405 595836417
243582650 52058686
758239789 627096410
469494682 204298161
340825146 105906937
109248800 10293166
205033089 36572309
408943505 154343363
87990921 6645940
691441311 466233804
714914900 509743733
772402059 714148163
704087677 488795931
771280385 700164596
207290313 37411843
47419415 1910662
659458601 415474668
770693230 695183921
170714423 24941519
418490990 161715473
559329440 290614729
590026312 324870282
79803135 5456107
285051015 72470736
751306382 602245331
628833121 373228031
724186881 529226937
377897012 131407531
479951256 213604981
376219024 130210374
655608719 409858313
493647840 226008895
565050369 296698471
390271891 140377761
773773145 743038348
609132031 348116365
655115839 409146497
425121827 166965362
292122620 76358689
763858702 653081883
539600854 270217665
252405366 56063034
94335281 7678170
190927886 31532266
772205238 711357255
249652888 54784994
734743448 554629651
31601431 865655
553397661 284379601
628365400 372616132
590913692 325920193
113500294 11088253
773075083 725399832
453753784 190639688
720864802 522036046
357556497 117116873
613516427 353605300
768262173 678476713
774013995 758736260
738930060 565720039
110703435 10558002
599787876 336575265
256777258 58133584
603321405 340911885
310855910 87155260
656531043 411193902
773572924 736497838
583238211 316926691
767026464 670948753
773249971 728851127
280462208 70016165
741662081 573251015
71734542 4387566
704404254 489385374
123376241 13077710
622224613 364670198
747263728 589413408
414158627 158335846
18250642 300228
771150233 698891367
773910765 748825408
620114480 361969035
269075910 64134762
318391022 91697049
533259483 263859773
238954599 50046422
595813722 331760793
730175792 543202430
295678861 78353745
717616524 515256469
388123101 138806483
20938980 393012
308799321 85936164
192762323 32165468
266434606 62813902
773400534 732062687
663165831 420967803
643476962 392894111
713332410 506570547
432624496 172983601
658743601 414427135
747317039 589578137
33879891 981779
755469570 616604897
726562093 534638464
678699015 445084231
619805038 361573280
37142063 1166358
543984532 274670148
350356710 112216342
525540605 256221593
289683946 75005044
773875955 747141397
419916875 162840469
384631034 136265998
385979913 137245691
405307987 151589283
765713067 663266388
305782796 84167015
770805514 696026149
771057664 698033077
773854866 746200058
51434173 2246694
166984447 23829512
99553467 8577761
760549445 637164872
272014247 65620024
61988965 3252558
298124556 79741976
14393664 193654
594339228 329993693
211968902 39172767
596484551 332565829
391233268 141082889
661195781 418035018
557250514 288422429
763197700 649756161
773488516 734248139
714351428 508609339
694971327 472347263
747049270 588752139
210773866 38718787
535914547 266514934
392424172 141959143
644319457 394050406
335667962 102553688
77720262 5172910
355560439 115754137
745823151 585085586
264280912 61751910
756117238 618963136
340180565 105486533
733291817 550942108
674500809 438401728
770217639 691637482
763029406 648918413
686606115 458031559
739322332 566796234
6549631 50210
200594223 34951860
686214724 457376198
43712518 1622480
759764218 633659103
361319403 119720879
127589930 13982044
677195146 442677933
325895261 96338910
262403263 60837320
683459810 452826056
212745539 39469240
706271665 492880093
769283735 685109543
97579026 8236008
350960606 112622134
331676189 99988607
382340456 134606026
202578078 35673460
698034854 477740936
50713172 2185510
426247268 167862255
578693002 311714532
604672518 342581047
474978734 209156773
140201924 16800453
434677428 174658361
33715258 973103
690560085 464723868
731940024 547550997
221051563 42667694
731327905 546034789
653348541 406611358
674010789 437629064
510246613 241515265
339019813 104731138
764589790 656982877
753788451 610634650
707673308 495542065
203279845 35930142
25389955 569649
767442503 673443174
147074613 18443329
760788688 638272313
760987655 639198420
596339009 332390846
772351893 713401894
254200392 56909090
748647094 593726237
362650672 120646518
120379421 12452603
602884699 340373691
712860143 505632450
767781783 675490995
415569940 159430174
756646508 620926834
733714196 552010685
287841029 73989575
676021583 440809349
165969789 23535952
258337871 58877426
754183584 612027133
180430669 28016123
93081230 7465894
28956204 736634
48557656 2004225
594978396 330759203
326801146 96906580
695658719 473551187
630398306 375288311
133074831 15182398
756785895 621448810
710930651 501820037
157297495 21102830
498106525 230122628
102115480 9024490
100726364 8781585
226649892 44887218
305120083 83781170
451139437 188401686
72836551 4529334
87425678 6559184
774006976 757121610
81557141 5698116
679915031 447041131
278024451 68729282
215475136 40513399
178544156 27397353
772358374 713497518
768045307 677108459
774018765 761235819
152730274 19877602
585972488 320109778
655954797 410359216
702002846 484920139
496187359 228343856
711786439 503504177
680425942 447867464
771329095 700693829
164543362 23126754
754507819 613170759
765883203 664246248
666906961 426639037
399480644 147206606
769587156 687166621
299151746 80331743
167886907 24092223
618062489 359355879
138471812 16403297
581628399 315062040
770366642 692744391
774001644 756317657
645893543 396211645
332915393 100777845
562132587 293585466
58379585 2886428
682157243 450689504
216516947 40913229
768089102 677384552
694438490 471414093
370481660 126142049
398871148 146751077
771663256 704556569
773993574 755226159
603849742 341563234
154335589 20299427
772940505 722915132
709174096 498413946
275113233 67210818
303256791 82699505
117506483 11872710
116484537 11670769
260308707 59824826
440630652 179568183
491989424 224490221
517185369 248126201
687476069 459492772
532249117 262850925
454902162 191625574
701554144 484089268
579723353 312882976
197556339 33855574
411984544 156664615
772048058 709310802
84319433 6095620
691828267 466899306
582596984 316182015
330737594 99391384
607654149 346278032
771969204 708307244
505225810 236775670
773662988 739162484
526578359 257235795
750143151 598484945
523737475 254462514
42516446 1534615
311846535 87747326
253567425 56610453
769434519 686124334
32217592 896501
44801434 1703368
411538979 156323018
652203117 404986972
726092347 533554332
617468627 358602090
567226378 299038426
715874450 511692667
68415721 3970452
551328044 282226259
677469765 443115560
516030709 247017843
706658148 493608409
661717063 418807951
165597886 23428482
86093694 6356335
182483195 28696447
773437119 732965516
712300247 504520320
111488897 10704371
773986364 754307694
773751541 742231546
533833412 264433057
738542325 564661496
186882727 30162590
751470088 602779097
708331918 496800174
239680187 50361074
8843475 83459
59422610 2990992
148312416 18748757
742724582 576222429
719163956 518444618
375811680 129920460
294627544 77760891
665989593 425240500
686927039 458569880
684990685 455340361
706898498 494065590
272735004 65987703
688764622 461667940
623918923 366847072
522217914 252982649
343244240 107494747
427453608 168826201
368726565 124903752
573331559 305700555
86808338 6464716
766042169 665162627
584275835 318134063
660111828 416433753
104799247 9498309
763620509 651875793
664208452 422535504
579014413 312078142
191242193 31639705
413459492 157797611
115271697 11432877
615460048 356054833
52650252 2351686
313485346 88730976
135263097 15671790
481144504 214674389
244660865 52531018
124141473 13240216
683870558 453500353
293181970 76949537
772795183 720417452
732762326 549606265
305445568 83970292
523159778 253899417
160333370 21940652
642368317 391377749
761260686 640471677
652893725 405964378
670559507 432249494
544832046 275537424
296266789 78685714
442771425 181346693
314221054 89173473
21768086 422345
505709218 237230596
742407411 575328508
63471269 3407498
39409618 1311140
228788082 45759179
46207648 1813206
183302834 28968907
757966654 625994119
592725189 328066519
764453602 656247553
635368335 381902768
773899321 748223345
527631358 258269098
173757951 25872344
542977208 273643147
462306705 198004737
363923103 121534232
649773176 401580640
276960174 68172564
125726116 13580049
40313019 1375292
693984456 470623326
676457304 441502591
642194084 391140210
393196724 142528356
131225571 14772363
113016630 10994859
771855306 706862176
135995698 15837534
416132795 159867210
251147270 55476522
185908017 29836974
241839065 51298345
774016939 760140526
718323530 516709935
738249852 563865836
727209280 536139505
764016736 653915079
353632742 114439583
443382900 181857822
467365318 202424448
38454416 1248208
394617101 143579783
572202695 304452220
728647397 539512412
574228833 306698408
191575035 31753796
281495754 70565286
692509147 468072666
652576974 405515824
661450944 418412509
662207709 419538103
245573748 52932146
639942841 388078275
516530457 247496782
629796192 374491540
383561295 135490326
565750353 297448763
371548668 126896935
278888852 69182484
769767193 688407476
4007292 18605
616599106 357498614
306815464 84770232
315888058 90177904
749714161 597112457
724856738 530732818
230249526 46361369
323696324 94961515
464111016 199576169
773002783 724023999
255511636 57531635
223307397 43550062
94882083 7771820
530674704 261280556
184417360 29340196
180328599 27982490
739729927 567914757
394248009 143305838
158366997 21396051
457616451 193957795
105787325 9673554
146401084 18277734
625436988 368802239
301359817 81603848
719873790 519931899
744048577 579967276
476910346 210882587
297239567 79237814
725652826 532542850
728022044 538041762
185568763 29723823
550199260 281056430
773497576 734481499
421653155 164212867
267479495 63334373
321606977 93662232
546928517 277684643
166452985 23675597
