3355
67991728 53150583
76379901 49651665
72090963 193113289
125226854 79160409
116871754 117731437
124500492 74968871
73660370 154663477
25374684 144674871
92677816 143468208
62497478 157837217
19183922 115099033
20848016 132219130
89584005 46510087
82108268 47995653
107567606 41812482
19115550 116369740
21696147 103126081
71365693 192745414
86048048 47122015
22855889 99978500
46914166 68131004
20456197 130624840
72883689 50938044
62723329 157800717
21918860 102464158
73453360 50712295
95116421 141572128
19495256 112130226
55378071 2214947
48283820 175529877
73884465 50545753
50570213 1020594
75175667 50059230
97143193 199930196
24126593 141887209
60895648 186216890
23761980 97869811
105295574 39142799
51035097 64543271
71778265 51388273
22263156 101506279
123880450 72227289
26231935 92953695
116530445 118250185
84347428 18870713
38236885 164752018
79286595 48754576
99312573 199995925
21932733 135977877
76632322 153313326
61147093 57041827
121827206 65435948
50302005 967218
92366606 46181935
20119267 108753680
107066730 41209101
54450276 61800782
46826050 402877
96559384 29919504
118498695 57824596
20966636 132682058
121736320 65188819
20837851 105915608
32562667 83479101
78316939 49043297
27454055 148789001
27606350 90607130
117582204 116598029
81677352 196978672
35690122 161534887
106139121 40110432
33359650 158327386
62221795 157881167
19761816 127050756
40801643 167788626
66751038 6948237
21431111 134359528
24183696 142021395
68115322 190952005
35887185 161793805
19124359 121130572
90396432 145143468
27355125 91017611
124270762 101048083
93048998 199591431
90125958 23852141
20851469 105866682
77727699 195570612
19195503 114940127
112971261 48828939
96601233 199906049
71202683 155628716
73767044 11144770
125602099 82147293
91287765 46289989
21665995 103216690
124455023 74748054
63889694 55384407
54032905 62125679
90245243 46417457
19734264 110664819
82559106 197262074
20384465 130316895
24527508 96217046
123307785 70039295
26278457 146530907
125852225 85821936
96010496 199874248
55091272 181693296
37178697 163445379
105896373 39828807
123521281 70810102
89114721 46581217
26350540 92744712
28401462 150510897
114310622 50801172
98564639 138640612
56248511 60428579
122969446 68897589
21734821 135358034
20092769 108877106
30995618 154789477
119847763 112594970
60500255 185935561
54636288 2006851
63001039 157754420
50891493 64663361
61388626 186565613
73790430 50581866
53002786 179895236
68454134 156511792
119479841 113315351
45948591 173248531
124808697 76570169
71427061 155545953
52584255 179522145
46033235 173332277
72904506 10590015
74864163 50172543
88125692 146697533
32349376 156854750
55675004 182182285
59142893 184935666
51350495 1182888
81975414 16983783
71286374 51594724
61813189 186864689
101627256 35106098
79309803 48747750
53897044 62231841
35173623 80250134
96355932 45987755
59133229 3437054
81315737 196857672
60360389 57543405
93752214 142649026
86876192 20983948
43554890 73013
29501644 87664899
94490660 46038800
19329625 113465374
29933467 153090469
48278806 66904061
85827933 198187376
88222029 46727148
110633744 45649437
19141042 121489756
62676928 4917592
19205785 122539357
90530684 145047604
85204676 19574992
119871893 60614019
56166433 182589491
80912662 196721736
90487280 24178452
77785412 49206377
112664583 123586029
117415672 55832349
19815013 110237083
101333454 34792283
75004637 50120654
46951817 174238767
19441653 124843245
22706027 138241548
62554738 157827979
92105113 46206724
121958739 108022351
119563263 59947850
24859764 95546856
23633941 98155803
125872771 86803561
57159392 2758128
93105477 46120733
116970014 55061745
37723366 164122077
58047134 59125160
116135343 53658586
96023434 29393597
19312636 123714042
69084457 8258844
72471130 51104643
69244009 191600531
118117933 115710490
60184006 3828839
44254982 171542621
124551056 75217579
46160365 315568
121298566 109565460
58573819 58756462
62411987 187283287
51566366 64102040
125270096 95840777
125679262 92406743
86261930 20459362
102793046 134627070
117816019 56549874
120647053 62411591
74919795 11900999
65659089 189441292
60928817 158075260
49671310 845935
70497089 9098278
64482756 188688921
77394397 49327810
80787615 151184030
22710507 100338338
61396644 4333193
60185244 185708624
60035494 158196454
85541085 47223042
41718087 168822838
71781644 9881369
65559220 54438013
41871624 72952652
64206832 188507486
46595805 68420851
67290627 53513800
43150779 170377270
97323744 30678477
87288693 198551410
95031010 46016518
106869417 130346414
31246810 85215872
104644891 132724609
61029419 4174295
75984168 49782010
103499738 37136580
125509279 94017631
93475276 142862001
95200010 141505310
69858809 191940580
81126562 196793978
25868018 145707399
79516119 48687838
69324590 156260719
21448219 134418103
88360264 22279328
43088051 71749486
70691857 192392802
50626925 64885134
90285052 199173706
20811926 106008909
49882671 177047166
115276721 120081813
60625325 186025017
67378200 156797126
89938235 46459081
77132723 195334254
82892049 197365689
86847317 198445800
38237624 76769796
42679492 169872030
92270354 199484907
19445922 124877095
26830112 91905396
44056631 103357
71686751 9822241
72628104 10412984
122127911 66288197
36984661 163201157
110923574 46027068
74238011 11450324
94397483 27823290
52372480 63443832
86768263 46984560
20064647 109008151
63586564 157650602
20108694 129011009
86299698 20491413
32984692 82940685
19106412 116643534
43208580 170438864
123112497 104959109
125341047 79932419
125824866 85073971
38879722 76071591
37324917 163628361
35507910 161293033
83278454 47711458
64597846 188763205
37430792 77660914
116035639 118981575
84142708 197736233
125633062 82465649
99710616 199999170
37126404 163379631
35297138 80105597
53194320 1619260
93190790 199609620
121302907 64043321
90575316 199225469
66121070 157112996
20347699 107761259
124499555 100100796
35126897 160783307
125643502 92795982
91802236 46236594
52796479 63103596
125155403 96586913
123105102 69346243
91257995 144522094
59102982 58390063
35409897 161162415
27011549 147957835
95809954 45996678
125879611 87693206
125349911 95294897
124008382 102029755
19096609 120274212
21001568 105340066
39784944 75099347
125610779 93114798
123711006 71540842
85415601 47248432
106801457 40891669
76514289 49608090
83407645 47680893
87943249 21914266
38089031 164571349
19838597 110116975
48852549 176075032
109356144 127565529
19252615 114254465
19104610 116719542
63629229 55536346
21561854 134798081
48409039 66789729
98393824 199975883
20292648 129902589
89785049 199079917
42877920 71954578
35761351 79564919
83123650 197437226
98374359 138810360
22495124 137639755
48382961 66812620
46036369 68934173
25425158 144782331
20498572 107166481
120407399 61842201
26285188 92859524
90468285 199206616
19161211 115454363
30376489 86412568
47556337 174827464
86647164 20787567
63401566 5259100
78128843 195727445
93922927 199697247
62006160 56506473
57455046 183631838
19670159 111026040
119153303 113921470
58861351 58556854
32057924 84136670
120123621 61182471
43698230 81394
54223277 1893619
71027372 51706172
26659616 147279690
59998154 3756280
82765149 150069426
26651554 92217334
26153647 93093651
68754826 8067122
64166371 55224497
37692010 77369700
19564816 111655977
43991479 70874785
51037127 1116168
93364871 142946682
102489948 134929870
119818675 60494757
54560193 158556870
47363015 67723597
85406313 19741822
119423302 113423305
74253588 154408439
78063373 14067966
19810352 127341625
72490607 193306948
90824445 199267763
72246719 193189605
45768846 69185061
78435223 49007584
51978714 178976904
125867553 86480828
125712040 91951309
33077064 157921311
90131267 46432704
54461061 181159357
66914216 156915862
26239139 92940944
36467237 162544765
23659314 98099036
33786171 158935424
47337715 174615408
78323602 152480044
38620911 165218671
26720412 147397925
75080697 154034621
28126868 150022293
55494092 158540305
25019504 143907503
70525751 51926160
25784412 145536401
83713405 47611686
125363124 80089615
125171296 78794683
99351698 137927090
27375978 148643269
86599782 198384942
80772001 196674193
91659473 199395792
61352002 158013403
76968325 49462262
83205314 47728766
21475270 134509628
55024924 158551625
96902384 30259449
104187477 133202198
55143823 181737551
95361032 28751127
29602383 87517204
125859697 86087820
40411721 167341221
19086272 119800974
56741935 183060314
29250934 151968622
123827327 72011227
61074444 186343553
118701909 114711264
95757227 45997867
43894901 93275
63094100 5113363
120549677 111172180
122419905 106852226
24673663 95919463
44940110 172242219
34186920 81439225
82990558 17774550
56161193 60493728
93044164 46125401
98882459 138353107
21390250 134218368
90801704 24464568
125618730 93037562
114077805 121739904
19653594 126359646
20575288 131126001
26047330 146070983
48775698 176001540
122561729 67589888
43304173 71539075
109824146 44609042
123720328 71578139
84143642 47517237
44217525 70658408
64782660 157422813
21418798 103978074
81659171 150699962
118060002 56998742
20874550 132323755
64950814 188990272
114134678 50535729
101035839 34475905
70453899 155891344
56576279 158497247
28509400 150699775
22046967 136323526
50796295 1066679
125250475 95970485
117871682 116122312
86726262 147618939
84082250 47530613
62448818 56235822
118235547 57327003
63080055 187744288
22930117 99797887
123931267 72437694
67475091 7345879
39386612 75525223
75865491 153675650
88846553 22707457
59703382 158237253
112199178 47740794
47676595 524877
23103548 99382172
124875235 76953703
125866294 88462050
75304758 194579350
83026113 149916670
39473008 166239492
78732965 152273833
48364755 175607859
20249307 129701799
87120426 21195533
58322373 58932045
88493098 22395698
90210935 145274911
97083722 139946895
120078456 61080267
54809505 61522037
72267772 51187198
26441158 146852812
75549458 49928300
29410678 87798573
46466827 68538514
106438243 40461076
86249363 198296584
102418862 35958168
43701528 71154000
94937285 199795960
43819690 171086161
20792870 132001310
115653829 52882313
99159241 32525578
35973789 161907447
76653288 49563245
116735141 54661074
58539305 58780499
123665498 71358946
61468992 56839749
24599911 96068953
19604428 111409385
91930608 46223840
54914461 158553213
31408052 84999112
51759255 1273950
78875006 152201579
94129120 199719206
123311244 104361880
77202472 195362191
36577791 162685415
99582796 32957865
93687872 46081845
70916182 51754278
87593627 21608298
120988398 110244512
19102921 116791897
79515040 15124405
98512305 199979136
20431446 107426649
116829008 54820879
43568500 170820938
121029745 110154851
55437129 181983415
86139580 147995728
95134605 28532294
116313047 53953714
19871054 127697387
81941159 150541100
45478985 69458651
124712211 76041417
48684739 175914520
32165474 156580281
19558831 111693797
47879477 175140022
20951196 105513099
51428633 178475037
39374723 166122872
34695536 160201153
120302719 61594579
124087665 73098145
123143466 104867492
92831986 46141832
57750268 183865538
77683339 13798452
19588296 111508955
57470013 2859755
23257166 99020187
48634453 671718
125068548 78134756
22223788 136848064
39587095 166374765
119624403 60075616
125750997 91302673
122089906 107692903
90433596 24129786
85237211 47284636
60965896 186266656
123253392 104538646
32309563 83807869
44990071 69922321
20908463 132457069
75782772 49848829
111103814 46262608
23006589 139071263
60223308 158171599
89610525 199046098
85862662 148172210
66289917 189837714
114907611 51718493
75177094 194525216
30919395 154669729
22955831 99735935
82508936 150218543
45847426 173148074
45139239 194112
70289215 8973725
21436657 103921724
94345576 199741149
22385524 137321911
68196326 53045487
99880115 137437795
121781385 65311355
50036918 177191008
19729056 126847821
95169167 28565662
74952246 50139964
61821009 4521307
63083276 55857562
96848660 140146818
119658558 112966768
37016013 163240634
125843054 89221563
124445166 100337606
82143767 47986828
119330747 59466664
52551726 1457535
124974173 77547690
19079577 118288418
20604782 131245639
47074807 437633
74003572 11297713
78864934 48879180
34707275 80807763
37927129 77110459
19140952 115810578
46583585 369782
53333365 1654891
122687108 106150352
125244395 79276864
42975419 170189682
23497193 140362175
20000711 109311693
120852135 62906377
34505444 159941720
115441014 119847977
27964882 149728640
63413057 157682028
21811204 135600304
23367477 98763406
46079973 68893568
95319680 199827226
47993802 67156093
53174246 180047017
65262380 189189450
108340248 42755411
74200508 11425861
73491394 193779285
125356448 95246764
35591840 79761761
54724229 181382992
122124237 107605858
124225210 73697524
116565207 54374217
55918849 182385277
19129026 121236920
97707169 199953066
69606382 191801477
41003724 73834126
29019717 151580362
54319767 181038810
23532003 98385013
39843023 166677307
68771393 156422447
85235500 198031401
125832142 85247147
97441886 139635130
56358162 60346777
27545929 148959160
29836632 87179270
88448129 146482665
59885478 57857226
125416385 80483445
124843212 76768404
32766589 83217890
91009309 144702635
29565096 152489117
64700913 54919198
121370480 109401051
93481462 199645933
125600139 93217681
72674747 10442800
79991249 151616649
70823773 192463217
43932436 171204900
24068297 97195552
56216616 158514829
32171485 83987942
89476934 23269473
20358876 130203344
19154347 121725722
59486959 185193743
84647494 148936206
66232332 6670764
50135676 65300674
40917681 167921238
88075246 46751762
19078883 119282122
73892276 154564196
20414004 130444247
63983117 5536028
42369614 72454172
75043151 50106783
82606003 17474454
19653849 111119792
34078407 159349263
19285100 113902946
63018860 187702377
85926089 198212963
115798214 119330042
42675334 33604
19891808 109848202
92741206 46149208
26527439 92434411
94474121 199753938
61766800 186832076
66295286 157070360
65267128 6168109
50751151 64780839
76843817 13210548
66004474 6550959
53555182 1713851
124916081 77194386
89500415 199024528
49476875 810078
87900651 46781207
60872531 4106649
76944937 195258568
78664271 48938863
20154425 129241067
60398788 3912701
49257720 770027
98247973 31604979
47914521 67226902
99385927 199996785
23572565 98293781
112864861 48675343
55839986 2351022
26765938 92017447
25270652 144452141
37081413 78053810
94756882 46027014
45736793 173038204
19847316 127558957
84476864 47445136
47981225 175238175
29975227 153158199
93869712 46071038
33380670 82440038
90586742 24268941
19591454 125936249
36647129 162773544
41888223 169011448
92614428 26135776
72631692 193374641
92221928 199477978
51180114 1146598
98127342 139030193
107785847 129338388
99033610 199991668
70086628 52124672
84592679 19071082
25655693 93999109
71594114 192862440
68625159 191251632
106031013 131250146
27569023 90667546
37986227 77045386
91675816 144217089
69194138 52548087
104980222 38786541
20209562 129511027
104835694 132524402
20021324 109212782
125578762 81913259
22768691 138417928
81417268 196891809
35921406 79379340
96777504 45986341
124493540 100127029
117951423 56797194
41266914 2402
84403154 149087519
79024318 152125130
41364093 73466722
22495096 100892086
50570818 177685842
123037604 105176910
45347131 69583516
123866346 102529145
31899612 84345112
71201021 51631339
69813443 156104897
118972081 114240163
24607316 142996835
84219412 149199489
36205173 162208509
84278494 197773845
60503804 57451038
99746808 137562140
68339021 191084833
27688532 149222165
84884517 197937714
52364782 179325525
82581263 197268971
94193001 142305423
23849923 141231130
19117913 120973714
35127779 80304803
31112919 85396820
52915432 63008697
22539668 100776286
94044553 199710464
101609803 135792437
24811121 143450586
49197923 176402913
22817808 100071380
84816681 197919504
74318178 194154217
81874369 16905483
79925190 196382802
94428912 46041818
37300908 77806745
26816404 147583710
52842272 179752715
25494887 144930744
71270089 9564781
77385710 13588307
41211990 1866
62135228 4664949
67710339 190709685
58038158 184089380
29101110 151718219
96253145 199888854
20577055 106870515
99842903 33224735
69411168 156234448
94093186 142384434
20038666 109130741
33331973 82501181
20616893 106721533
116841242 117778432
28806433 151215420
33812015 81902082
73314820 10853234
46554732 173847652
47972203 569360
29127697 88220637
45370239 219514
99217452 199994785
65572322 189386310
57446605 59552994
89747443 46486066
83020028 197405387
121209710 63805213
77911020 195642606
25889154 93569983
23200942 99152185
114450772 51014948
19258872 123169700
21832485 135667044
72011879 51291788
23792435 141092562
29916482 87065135
27476119 90819092
95676298 141118587
125879441 87508009
56832880 183133939
26095745 93197312
125553238 81667914
95586484 199846896
34064133 159329174
28441949 150581768
25715663 145394446
44288074 171576810
81687681 16761112
73296519 50773956
84682687 197883402
62081195 187052691
24007919 141607675
109653177 44392762
41899794 12658
97969637 199962085
102992500 134426922
48450577 66753433
64701406 157440680
52142034 63630603
29189183 151865549
111583203 124930512
21965899 136079438
103490425 133921936
24362351 142438024
64201618 157536548
82408712 197214997
30848868 85755893
71363725 51561888
31226055 155149879
124826184 98489861
19511542 125369787
60007524 185579362
51461673 1207206
125311219 79723836
125744696 83761650
54911450 181541515
55709436 2312198
48830950 66422337
102160318 135257041
113728244 122205029
125414488 94810447
39186959 75740274
85930741 148128845
28137647 150041711
60437247 158142774
124673624 75838760
20724745 131728978
95522305 199842436
47411399 485992
124363070 74321346
90790862 46346577
100702446 34122084
77646129 49249376
80058903 196429283
72799436 155021477
24963445 143784992
30513679 154025050
79791943 48608826
70345141 52006638
45618848 69326597
22619072 137995740
19129056 116048382
36141528 162126031
81020397 196758143
118885371 58573767
35641636 79703832
125868638 88362938
67932002 190842659
54132417 180878277
124637132 75650076
79403801 151928461
85699051 148275766
120945221 110338046
62653718 187450931
65876539 157172041
54581807 61698567
103566636 133844209
61595029 4419853
32795131 83181520
42746323 72083285
20678181 106496611
38459491 165022839
27236794 148383269
63630123 5367777
24171099 96972342
19413890 112736687
34831153 160385348
58336956 184320398
49911946 177074548
62938896 55943259
115946065 53350349
119083423 114044819
40098382 166977269
101446685 34912816
65457117 189313275
113257738 49243807
46687441 383637
29768779 87276602
70972175 155710702
89888347 23638590
36556271 78650170
39610988 75284705
122392731 67073116
33312301 82525973
89363581 46542801
36393665 162451061
56470875 2540458
122150513 107539080
78943831 14705055
82857373 47812549
59380114 3524790
39104390 165800945
119385943 59580072
78088507 152596765
31799789 84476805
19247679 114310947
41123791 73711414
61569315 157981389
21688316 135209538
29059923 88322907
22609541 100596216
74045144 154498711
96064565 199877519
84765513 197905729
78609211 195912127
22894414 99884647
91917952 25486575
124550357 99870221
102632644 134787731
81904087 197053376
19423719 112657974
21560070 103537547
75870409 49819640
43342288 71502037
123801181 71905203
48555144 175790386
68658609 156454984
72156126 193145622
81800384 150620442
88179089 198753991
28494785 89197642
55014466 181628580
84103766 18672053
47786547 67341629
74090447 194051653
41435302 168507275
34430361 81142420
60267714 57603663
77775129 195589280
24398886 142521917
26886521 147718786
90392708 199193239
83525321 18202466
19081718 118034554
110397013 45342434
125812539 90003940
93741752 199676968
102584380 36137195
93793636 46075468
55973868 60633971
53021294 62924442
22269948 136983831
20720725 131712850
67069268 7122091
74886840 194401102
68645248 52818304
97826603 139296462
125699590 83189017
50070607 921792
89696319 145635704
59781967 3672792
19996180 128404994
39979865 166838212
58970553 58481290
30188079 153502064
65183468 54647369
65781025 6433641
47634467 518586
93553407 199654616
21316141 104305671
55844572 182323619
80826814 48324979
30125263 153400648
51208097 178272574
51806644 63904002
73942834 193984979
82376909 150294190
125171953 96481102
22081079 136425410
32911629 83033433
100670910 34088929
45648064 172950037
90754074 199256060
19773237 127119438
112353051 123979436
32400056 83690198
61862348 56595054
19322059 123802616
36225378 79029219
76656036 13080220
91361300 46282116
26347020 146666626
97555753 30910630
91369676 24982378
112293758 124053783
32666242 83346116
96552062 140397043
30674967 85995447
45937888 287915
72329860 155208173
70954339 192532439
111393101 125161267
19237488 114427818
73877785 193955545
20221168 108296355
25598894 94104896
115145084 120268757
86377015 198329551
25658258 145274633
122004312 65930906
41514448 168596145
105543038 39423649
19275333 114003805
119457419 59727747
40279699 167189101
65877759 54262361
39297730 75620956
120928801 63093480
87625029 46829106
89852865 46471136
41983127 169115879
62893832 187616723
80994537 151070083
38782923 165414817
73252287 193668103
84735942 19188637
66117144 54133369
20089150 128909452
43077818 48986
108586084 43059304
40383882 74470611
19080081 119392002
104562823 38319684
31032574 85506005
75151845 12055383
120491397 62041146
99008087 199991137
51623420 1243483
107602594 129541212
89298628 46552807
54519533 1974586
125480434 94264763
113048523 123096839
121615419 108835311
50128872 177276622
72429406 10287077
67636638 156729111
118558554 57939135
19446973 112481295
93811694 46074381
114312597 121422563
24223575 142114767
19752834 126996666
76798129 49516747
57720004 158425762
50491770 1004772
125732705 83605191
50338689 177471191
120151450 111988226
40711101 74133826
82759731 17594185
19077230 119054305
20719537 131708080
80517161 48407595
72744243 50994212
116167720 53712049
19579524 125854635
80534271 15884480
67420345 190533926
108001761 129097315
57367046 2825820
66351542 54007868
53073162 1588396
77308267 49354713
74609354 194281589
40117164 74748128
43905148 171176176
42047944 169186777
65068171 189065386
38114246 76904934
124637324 99453236
75873810 194819035
100113769 137218787
62407805 157851602
58753379 58631787
104719953 38494994
85517943 198106191
57030857 2716306
26221254 146417473
74330056 50375035
30230102 86619433
79272218 151996892
65768662 157198001
114741281 120836199
26456715 92558232
121927887 108099455
90357748 46402455
20630703 131350178
88585440 46666691
36682363 162818307
19089988 120004808
122672344 67941405
82133939 150432117
38796646 76161339
78327027 195804222
93841102 27292484
23960474 141495033
67971915 190866526
61198841 57009208
117214697 117190135
53952689 180723625
80426345 196556195
123961252 102196822
57792836 59305558
117284668 117079268
31559457 84796682
97650796 139451709
122814373 105803794
21283767 133846968
69645578 8590131
77427394 195451897
82728960 197314945
102217933 35740992
23587676 140588560
125501651 81192092
125817927 84936920
85741994 198164944
45606596 172908759
19084503 119698697
58401319 184370030
118281752 57413800
43251077 57219
19465213 125027332
37449452 163783044
92141922 143871103
92369530 143700447
52856101 179765044
22412208 101110066
27493341 148861927
35726940 161583315
108278369 42679391
80257526 48477942
70592657 155843627
105076092 132271108
86775618 20897149
41958800 72865097
49321700 176520072
105677053 131629353
28925177 88528655
40565376 74283593
85714208 19998334
78005135 195679301
82200044 17158418
80955886 16202913
23604799 140631158
87568322 147067265
84383076 197802407
28086151 149948776
119379119 113504996
102122395 35638087
62520032 4844241
114167249 121619652
125644145 92789419
120640936 110982005
26117696 146211312
21658949 135115465
123248407 69830752
32779675 157489186
63222460 157716380
58201250 184215639
40728364 167704647
29633816 152601709
82395708 47924683
123796031 102773085
31741428 155941800
31606532 155737323
65307585 189218235
21931716 102426749
64371903 188616697
66022917 54183977
76214202 12774859
90237115 23952062
26173139 146321709
90614747 199232292
110226322 45122949
34904579 80571682
21858551 135748059
89286525 145915556
92392034 25927977
72932639 193517544
113115293 49036926
124321757 100844575
115583953 52771329
55315554 61132023
33889747 159082412
43399505 64621
59540870 58089810
42331841 23579
71476884 192802510
124766894 76340424
62226997 56370539
90912345 46331467
60972478 57152275
75681952 49882712
77619144 49257736
51719840 178741352
89053917 22891693
118571339 114937477
42035517 72788232
20811368 132074385
40902291 73937889
35989046 79301390
79982096 48554969
19084059 117815892
68182391 7740233
124321650 74129812
19628393 111266323
94680858 46030231
125488836 81079725
116247319 118669912
44347051 70534590
87833362 198676613
75668099 194732942
85099353 197995136
53506723 180338452
51640078 178668644
23417020 140158637
61790165 157948059
111856101 47271039
108805278 128194506
84691907 47398906
120750797 110750577
56897765 2673852
96776722 199914130
48862183 707284
22362041 101242739
77086868 49424660
82206808 197151136
122014236 65959393
92813141 46143318
50970071 178053625
48994973 176210778
81363689 48184251
69566992 156185042
62122550 56434823
63810968 5453872
22653526 138093465
124128530 73274183
59957866 57808914
112689025 48426330
82257059 47958771
84572204 197853618
72546509 155123578
122330795 107080719
22029915 102145939
98055040 199964943
23745451 97906638
97792911 199956054
57885287 158411995
58659442 184567598
53816669 180606461
24193041 96925138
55324423 61125237
88650703 22534603
44039900 171317781
65322760 54569528
19156721 115529418
111187355 125408972
19100149 120412310
94374037 142161834
88148511 22093946
35098505 80339770
114232747 50683255
77087315 153091122
55938080 60660875
79900578 151665234
69844880 52236714
123207974 104676296
20988912 105383490
92580825 143541511
65895532 54252760
37367323 77732166
73129341 193610435
19318197 113574130
69130266 156318342
65576590 157243118
83755532 149480508
29180463 88141740
19119413 121011555
84547407 47429944
90947344 144747423
49375041 65951105
95178945 199815939
115031733 120429521
25302912 94668748
34539197 81010607
117017033 55142090
124036921 101928581
70940654 9365041
113250661 122834002
98888367 199988589
29853360 152960062
64692209 5880186
63785446 157614406
40474967 74376701
80143819 15591002
94641847 199769677
106946302 41064676
26503455 146974884
56438238 60287344
72009053 193072415
123364870 104194575
39892995 166736080
34017779 159263873
96677388 30036380
49402103 176596166
24355727 142422778
34600100 80937074
77375087 152949658
79069253 196080307
34991080 80468211
21956035 102356183
116461354 118352760
78760482 195967810
125539208 81535014
78292526 195790972
49098265 744346
85789754 47173146
79001552 48838660
34118622 159405775
56943022 59916574
42502947 72322171
19111987 116471453
119994379 112302679
94215275 199727986
21166228 104792762
120892923 110449300
44909886 69998540
19091190 120056600
61736372 56673237
103745938 133659803
123162168 69537780
76292373 49680476
111616929 46945906
62320157 4750815
51248037 64365903
74418280 11568728
23516622 98419752
124949616 77397648
55597125 2278986
54699688 61607139
31402242 155423377
24313178 96667678
19088464 119922286
76191829 153523387
112914397 123268736
20487781 130759064
79145877 48796067
123489593 103798065
64016340 188380080
90698896 199246708
63747855 55466999
83584349 197577391
60368726 185841245
69064922 52611028
124406694 100501944
19113863 120856750
73682823 50623432
117076676 55244021
25126093 144140225
115142850 52082538
122242823 107304446
63899201 188301485
120370357 111543610
32386931 156910472
108871077 43413916
62801554 157788040
87049422 46932486
26682006 92164117
73013977 154934314
35783793 161658050
54307009 61912148
59665067 185326702
57116460 59790716
19585876 111524047
90457471 46389324
65551117 54442493
124138761 101548701
35271270 160976986
99113150 138143832
43689786 170949303
99397108 137885528
63721036 188181158
64009207 55315103
53680696 62401856
46694825 173985932
21848183 102670220
117974539 115952059
42563122 169746682
55191166 61227254
93836224 199687552
64504280 55030879
25993238 145962118
45582667 172884930
42183070 72640418
42415630 169587160
60735804 57302542
19077408 119135511
44473206 171766874
99119119 199993285
28941861 151447535
29091195 88275628
27110073 91426309
107905809 42223515
70207755 52069344
100387885 136960786
71305393 192714446
59452368 58149858
35029060 160651894
54906831 61446623
21518628 134654310
30512804 86220560
22057450 102069223
32509393 157091474
47213855 67858787
93151104 46117312
71710820 51416377
63591450 188093156
19078814 118389933
23870543 97629560
88342821 46706956
88368447 146535985
20653637 106586609
66534704 6831293
125682115 92374086
38367946 76627691
19822761 127415146
32690231 157357647
40626000 167587243
118997660 58795795
69246532 8353592
55325926 2200049
118493402 115072263
28786237 88742884
89028208 198930578
115288063 52307892
102882968 36461096
27545592 90705503
41657048 7549
89101676 198945308
24282488 142252687
109488115 44185475
44768206 157152
20216899 108314813
60434480 185888446
19147932 115678275
68696143 8033021
45210654 69712864
51692189 63998195
36662510 78529304
19339437 113373293
21947108 102382020
46053520 68918196
41227024 168272658
52472161 179421868
76170142 49720730
101755256 135651308
43615390 170870599
71209219 192664703
88432253 198808438
91495077 46267821
21352934 104187458
105272052 132062331
32593815 157215835
20872213 105792217
19080634 118148538
78241043 14194119
55974054 182430989
19080869 119453821
20243694 108199526
74191169 50428183
92407862 46178070
111292778 46510757
25551771 94192875
93241144 199615993
73012916 50886602
20461951 107308039
96704005 199910903
89895213 199101048
125135964 78564846
70297267 155944631
93536165 46091077
86903120 46959553
118124046 57118265
28716015 88851641
125835912 89422610
83018712 47773648
124568467 99785263
31484984 155551030
26948457 91701394
43968031 171242321
45031529 172334512
70721539 155799184
95623617 46000918
119276329 113694980
67227979 156835989
86200518 47092443
35322540 161045581
44208966 171494666
122901808 105561728
19117471 116320016
82074009 197108514
56354706 158508105
23689148 140839949
62714648 56076944
56939999 183220484
53284797 62715091
118693353 58198893
20289541 108004872
19545247 111781533
19198657 122448069
73615084 193835779
42167730 169317394
118402839 115228628
58547111 184481788
32262574 156725245
112315075 47900970
21385025 104085098
96662352 140304657
90027083 46446789
64588288 5828970
21081608 105071401
39919033 74957089
117125865 117330796
68502699 52889932
125804839 84687675
92972153 199581473
19423353 124694383
66241238 54066881
68425859 191136254
68486640 191171878
76522018 12987350
19265044 114116257
86320596 147879946
125795164 84505470
19247187 123040554
34789171 80709759
121086981 110030438
84002850 197697459
110003992 126814355
97871486 199958788
83152812 149841610
103919747 37603158
28867200 151319987
114492154 121177898
20063184 128770031
84974190 47339265
42860626 170066705
96357807 29721532
47569722 67536841
75105238 50084497
30711903 154340775
103960220 133438682
121449499 109219058
33482593 82312269
116659470 54532719
59405685 158270320
49493224 176682232
64546837 157470507
86953758 198471676
49312573 66004894
94284806 46048934
109063539 127901287
53499145 62545423
34349703 159727588
47060805 174345727
39789711 166614544
70476241 192276725
125876740 87936597
56054435 60573610
97050860 30406714
72007853 155330831
58467967 3201948
48053480 175307853
119723815 60286291
45571517 243390
25456636 144849338
52712699 179636982
87181162 46908394
48386306 632968
20145841 108631748
86566191 47022634
114594266 51235175
41537170 168621554
58799547 184674622
43691148 71164029
123507539 103739828
125784134 84326430
33979954 159210304
31831190 156077407
76559615 49593427
42279998 169439575
119582737 113114781
123101038 104992587
19077086 118892486
40185897 74675853
76426369 153412279
123438655 103961396
93694284 199671578
112549267 48228493
99229305 32596812
119131039 59061751
45172558 172476127
19623040 126152009
20037690 128632119
55104770 158550476
67741442 190728427
22129922 101867678
122482996 106687528
62895893 55968892
48975774 66296512
24748430 143311995
28983916 88438427
124870473 98254943
34400811 159798191
68637962 191258935
117159011 55385586
39509421 75393480
30180556 86689575
19373244 124265963
52446441 1432707
22114679 136525466
105779397 39694057
123649992 71298042
110500571 126228830
56596219 2578888
77867228 152706532
59646550 58018166
30274049 153640494
41715371 73110639
74516621 194241518
96033548 45992307
100531812 33943298
125577036 93434226
76017716 194878720
53156472 62816928
33683756 158789785
46165519 68814988
82551547 150194101
113589807 49729157
30701108 85959411
69548872 52377422
75406073 49978321
20184802 108455891
56279407 182682125
106699309 130531295
53394687 180240744
41544138 168629346
23930051 97498105
71846329 155391188
85264374 47279096
64406541 157497394
120433924 111412062
70757950 192428091
37272720 163563245
85116616 47309590
19688117 110922952
81511133 48146479
25938219 145850515
25086433 144053636
53391009 62631003
51838331 178849312
94534576 46036707
51475387 64177224
112413564 48038418
22098849 101953976
67227533 53546816
33704418 82035217
84888808 148785907
125439625 80666110
48196908 175446121
77214819 49384219
89372838 145856851
105329943 39181709
111767774 47150675
73156315 154875733
125477353 80981406
53964717 180733984
67976408 156639272
49813608 872238
87344934 21390976
74469292 50321840
100297412 33698481
81410163 150839412
20262744 129764812
88965201 46604624
69236087 156287084
28326157 150378073
41199025 168241063
116732399 117945508
97238719 139812529
84831602 47369198
88618580 198847368
75380924 194611643
59279090 185037990
88886559 198902152
19148258 121618012
22964710 138957132
79583726 196263199
44678558 70218618
125772127 84141007
125094222 96975445
29250877 88036662
91459922 144374911
25820396 93695173
85556118 148366178
98923142 199989337
54136280 62045084
20931758 132547741
75974750 153624904
64772949 5920034
66149792 189749926
47788434 175052131
76412468 195041206
74392682 194187068
85918556 20168927
111734175 124746436
61340056 56920587
43850082 71010918
75496574 12285336
20259295 108133268
52066305 179056456
36077535 162042744
57654076 59404683
25581393 145113314
121578594 64765875
92105873 199461204
78544877 48974639
28074341 89859710
44809181 70094325
124202468 101309161
89484865 199021477
88981527 22827089
87946773 198702065
65704069 189469689
125727382 91715358
47249559 174529875
107386677 41594082
22160617 136661623
55987033 158524910
68369958 52957141
77449623 13633347
67153879 156854866
25226494 94818481
73460277 10946921
51283993 178342332
118837164 114476149
89392141 199003177
25713546 93891586
66680343 53833683
86415111 20589700
19971640 128268813
67282796 190450401
20932028 105579161
51088677 178162770
91901682 144050775
19077066 118779339
86136554 47104826
101123580 34569159
125688323 92296282
53985002 1829460
64229296 55188310
30583576 86121877
34506228 81050515
21798909 102817696
25769165 93788575
78253593 195775929
75348088 12186076
89502632 145768511
23246386 139711937
33173856 158060666
29822197 152909314
94585094 141994282
83532712 149615025
56664260 2600230
125513554 81298635
123743164 71670058
40847179 73994328
55366691 158544009
122794523 68332630
56611774 182954450
82256790 150362659
90524149 46380581
22877392 138718456
26406116 92647100
92517537 46168200
19380401 124329384
124351320 100725743
79726123 48627587
91527355 46264517
68322427 7818841
91183118 199323801
32414640 156951565
19170206 121999332
31644461 84683332
123729935 103000977
21257946 133755142
70032042 192035595
19077146 118992121
76277472 194985975
94570628 46034989
94124122 46057071
123525852 70826905
19356924 124119652
19570486 125791070
52182216 1371314
105629875 39522634
56102983 182537268
58119870 3080168
34519586 159961085
77350403 195421252
76273861 12815944
69767168 191890222
57246199 158460870
63328589 187914188
88935667 146154089
22802780 138512973
109796113 127058678
25836002 145641934
117741589 56414172
40524418 167470698
95793949 141022520
64843941 54838274
123694590 103121672
120592507 111082989
19951274 128155173
71181289 9510642
66849626 190185259
89491174 46523829
68929496 52677276
84969637 148735466
67516655 7368917
68677688 52802009
88673696 46652161
121947347 65770094
125840625 85482558
86535322 147742115
41650659 168747921
56412148 182790942
28307813 89491265
19269718 123289293
122526561 67479152
104311455 38039522
124945888 97844826
38665913 76303274
52828238 1526231
93612466 142756635
43579392 71272271
42570663 72255678
50073409 65353531
33101942 82791895
19935188 109632543
87400354 198577494
95387968 46006568
61624697 186732006
28584126 150830498
67172427 190382994
75811701 194793169
84499671 197834051
44560426 70331029
64886002 54814481
19205835 114805065
54622537 181296778
49875205 883997
58410082 158365909
81216681 48222485
20693557 131603462
21098594 133176797
19300115 123596268
77579297 195512041
29699903 87375764
32217571 83927667
78443604 195848892
91756265 144158220
19819736 110212931
122062081 66097539
85381889 198070359
54957809 2096298
59889664 185493163
32876460 157630018
23395870 140104526
57880338 59243052
125227426 96121286
93623262 27086218
94068703 27509282
125692833 83110304
20225716 129588973
90991444 46322538
21295231 133887580
80744124 48346839
25742750 145450709
69908095 191967660
59373216 58204161
19354061 113237126
19085910 117672220
61980554 186982190
32508325 83549533
76975420 153145846
124273569 73912377
30302770 86516612
97262381 199935366
61169919 186411086
111510455 46801811
125786261 90607948
24647282 143087002
60730526 186099728
19092206 117295801
120293470 111700313
28251726 89579694
68122127 53083557
21276511 104433811
63923178 188317623
56093321 2426707
99166064 199994002
72175790 10127543
68745355 191319883
79656940 196288914
27731483 149301117
38560074 76418258
34270681 159617772
87081197 198502132
92722358 199548654
21508675 103695222
66870160 7012800
23785760 97817013
31372366 155377116
82273290 197172257
19495367 125252587
47181594 174463738
24930591 143713095
20746193 106247502
19187346 115052025
36836388 78331846
91651787 46251857
113482384 49572010
41006540 0
21773051 135480038
21223692 133632021
21348908 134074801
57930609 184006026
77698115 152790327
20415064 107490391
107743288 42025524
39069396 75866962
82726110 47844252
29322864 87929344
75839763 194804885
55556515 182083321
21137537 133319752
56523758 182882407
89189320 198962795
47686084 174953150
124253688 73823555
60076056 57730047
98052467 31408627
92231074 46194657
98630988 31990266
30442564 153911516
79760357 15305196
44120003 70751639
31570449 155682042
56569184 60190775
91030208 46318221
118332585 57509500
72771001 155032977
99735562 33114328
93848188 142575017
22538162 137763871
125795861 90397472
23137929 99300579
96829294 45986321
72240293 155243134
122622933 67783894
123038858 69124390
116032316 53489838
55906444 182374985
120830612 110581614
110692942 126000631
74018254 50494399
121734452 108557010
122929721 68768785
115866885 119229537
55606861 60910612
60539689 3968904
19398229 112862355
125021225 97421145
68452750 52915187
73362803 193719521
20379112 107632289
67189099 53566936
57337726 158455287
19391338 124424240
52200351 179177578
19192538 122367880
20365399 107688148
33495566 158521497
86683158 47000562
61028309 158060908
66828268 53756086
114770260 120796003
20561043 106930453
78239417 49066939
62322299 187220991
124097425 101703938
70391084 192230829
22328963 137157110
98200474 199969805
113750757 49965268
85401769 148463763
54381391 1936793
88730175 146293012
76075486 12679494
91535981 199377286
125656962 92652679
68332083 7824315
106822200 40916421
97757012 31112347
43529802 71575
125656842 82715145
124589663 75408919
69598995 156174651
23427263 98625013
65639163 6359323
19479586 112243364
121131691 63606805
120098935 112093395
31916932 156206653
21519533 103661892
79320523 196170188
50274814 177411961
70490321 155878826
69977085 52175005
69955914 52184803
67519616 53394041
28623448 88996267
27922814 90099934
67845347 53225829
97002912 199924070
119739991 60321215
55745604 60805822
61256410 4272267
104509068 38259718
29233633 151939762
47812894 545290
89870448 145513862
74492983 194231183
27025475 91569694
85507441 19825930
22764590 100202607
27692416 90468333
115427280 52525293
92588999 46161956
20987427 132761771
104889979 38685422
91746010 199408602
49111062 176320693
110127349 44995740
83538552 47650405
114902218 120611382
77165854 153052586
94739734 141871453
60241675 185749457
96521965 199902301
19183352 122221489
57247734 59695895
103710278 37370260
26043277 93291420
70433974 192253960
21015456 105293011
67760185 53269647
87537015 198609286
21822286 135635077
19235805 122907911
20432090 130522213
20662718 131479245
96274187 199890079
64334929 5705207
93315043 199625294
37667020 164052551
55288150 181858668
67023844 190292179
61698397 186783933
92995835 26493435
75486042 153850278
66615098 190040315
109654714 127221969
49942455 65464741
76530829 195089603
20566513 131089659
68748359 52766687
88506942 198824115
105966001 39909482
91903952 199431846
99343548 32712999
50495870 64995392
32095917 156475815
19095079 117149464
95057886 199806047
123406028 70387482
28200705 150154958
74717558 11766847
76813553 195205109
82362614 17284933
46714091 68313084
46289121 68701456
84234220 47497562
19111046 120774275
63260395 5192106
73052845 193574370
30772159 85861535
20905902 105671713
61918404 157928582
42803180 170005016
125713797 83360399
20536147 107023694
81795515 197017756
107329197 129843275
62252650 187172511
38498423 76485458
94913631 46020764
23045068 99522068
74540772 11649657
50294979 965832
19515537 111986776
69056404 191495827
93331689 46104130
85170812 19547017
27290529 91124894
95398526 199833316
123931100 102302663
45337511 172640719
73124519 10731143
22666231 100450837
107215424 41387788
73411536 50728596
59797153 158226055
63985070 157577773
94191691 46053615
120048889 112193619
23179126 139533853
95440964 141310434
38060433 76963893
63491275 55617082
21192427 104707151
90770677 144874948
90088665 145360966
87746850 198657179
72764832 193437992
121286750 64001886
95862683 199865016
62878331 5011887
19457914 124970557
82942335 47792033
34937603 160528803
74614313 50266624
122329917 66885207
51337035 64292013
61602935 56756252
92839022 143346317
54795820 158554774
57590114 2899710
64144461 188465808
114748780 51473158
96287272 140616929
92652472 26171344
111445033 46714034
83117051 47749982
65020863 6042772
64247657 188534663
125433668 94659197
89659785 23433515
98369978 31727568
22594658 100634471
107474218 129683098
106644166 40704503
79461970 196220396
22648716 138079831
27311955 148523744
73212986 154852017
36767136 78410454
108064830 129026725
22840025 138615597
49162805 66134329
36952946 78199553
21140740 104876408
105095974 38916834
81574412 16673848
83785311 197635771
80360350 15753446
125858528 86041141
24689294 143180825
123221059 69736688
98744682 138477843
97508986 199945463
19089754 117428248
62583163 56155373
124252389 101119812
78716403 14538794
96610591 45986432
52264017 1390308
97915947 139217530
42307540 72515927
124963908 97745169
77494309 49296603
122981817 105336552
61483149 186632260
125325153 95467100
117487054 116753624
125097716 96953625
89170231 46572592
19104009 120551760
81521259 48143885
73594539 50657570
23048869 139185901
75258875 50029706
22690124 100390075
76700280 195158842
20399275 107552214
20317071 107889478
29478439 152346725
85356939 47260323
120986974 63240246
39189870 165903037
95119019 46013997
111102837 125510522
51913299 63816759
21102337 105002908
57992966 158402623
59051263 158305408
103094094 134324728
66492508 53933015
25489148 94310501
51447528 64200291
65825565 189546184
92409826 199504854
23077878 139264197
51551897 178588106
52675255 63200792
35420435 79961685
24463963 142670842
41433778 4058
45772804 267634
125039149 97314382
86339964 47065642
125822398 89767259
34326752 81268227
41830121 168947300
94609771 28026594
59162301 158294517
109182091 127765268
50982482 1104770
23543785 140479068
26582768 147130060
94972703 199798929
120731532 62614768
77251213 13494381
57747252 2952799
64809539 188899557
68333028 52975919
57112596 183359033
43387011 170628519
19311988 113634363
65094015 157353753
20760043 131870390
103284437 134131898
43110099 170333903
124783988 98708972
54358113 158558563
46843483 174132356
57002533 158474495
70637716 51876452
87782243 146925890
55276259 158546532
96387443 199895708
19435113 112570738
98273416 138900329
19293737 113814012
67809233 156683527
57320205 59643777
26959043 147857854
25692463 145346219
86733000 198417775
49515081 65830707
91860098 199425398
19700338 110854005
98841018 32202572
75678984 153761941
113418469 49478556
66469256 189949526
27737522 90395622
53900491 1806710
72311735 193221035
122019949 107869252
73739711 193892649
28011123 89959698
21602598 134933076
31163778 155052705
88816337 46628703
71116374 51667789
19285004 123452559
80174354 196469282
21035080 132940478
85979895 198226903
54507081 181198553
22313329 137111395
93374576 199632772
20134433 129140809
56248168 2473197
27396519 90949679
45460989 172763748
45826494 69130731
91756730 25336874
31303204 155270016
121651554 108751587
69462809 8481665
24930650 95405641
93299359 46106428
22355577 137234734
20717467 106352559
81998052 48023149
50526007 177644455
90378621 145156102
24314846 142328422
19774788 110444683
82376423 197204845
100558709 136799454
92629934 46158460
72390344 193258826
19928167 128025975
82515344 47895306
92025212 199449531
19123496 116170436
59613598 185288357
59605280 158248253
108987070 43558785
124171849 73463609
31149690 85346914
19925568 109680040
22572197 137861855
19475388 125104206
47443799 67650422
49621165 176802307
87184778 147319156
120560282 62204693
78602197 152340295
122861467 68548367
55467859 61016173
87306351 46885665
29936144 87037127
80125331 48514744
121417481 64341424
114030343 50379130
58358286 158370534
119445466 113382100
64725679 188845610
19386216 112958874
81390328 16532254
57086998 59812087
114350418 121371117
94013629 46062914
121788079 108430604
92858961 199566652
54030772 180790827
71444557 9672428
95938897 45994061
76138982 194928897
96859701 199917779
45109658 69808737
31952142 156259606
19161749 121854784
30480291 86266070
112061666 124341523
70412919 51976279
59005617 184831912
122571560 106456253
36897732 163091391
46339549 337955
87701554 146979441
62550664 187379608
30361357 153781045
47888952 556737
36325927 162364250
24015822 97310288
125046223 77995406
64408686 5740803
110460618 45424617
104094614 37797903
54276910 61935553
69351532 191660428
101899785 35398456
65421115 6246841
125740914 91481631
81235826 150936471
43458356 71389530
19083006 117905278
83669079 18318712
30663270 154263365
60646596 57359431
35843694 79469384
125740430 83705908
61950414 4579984
91166534 46303192
100236767 137103189
97898375 31254081
49235793 66071211
101723495 35209126
60669939 4021625
52361382 179322472
94699691 199774894
50820664 177916017
79002210 196056094
40216377 167115563
38986024 165659419
65696016 54362384
19641684 126279084
21724091 103042142
87807817 21795734
29493722 152371993
71496898 51505630
96446470 140485161
94536821 27956469
105494656 131824365
41480934 73348113
45191580 172495135
38961758 75982992
95025297 28426933
42128001 18131
113144811 122972000
117026591 117487357
49794986 65590411
80766472 16059733
125191852 96352572
100798791 136570965
91202215 24829472
19755419 110549316
33591961 82175584
59778790 57928539
79054251 196074923
76649494 195138092
72188183 10135306
19864728 109984210
20541368 130985148
104412275 132967799
78489520 152397078
82648258 47863075
64950089 54778350
26817319 91927680
22000047 102230346
50482783 65006470
93384121 26859851
69308171 52492929
23458771 140264875
125850016 89021803
64519490 188712652
125202996 79003326
93458083 46095991
24068342 141750217
95513592 46003551
25041574 95184889
77339497 13556031
119229718 59259191
64131400 5606982
88575871 146397170
89674620 46496760
37404737 163727557
125457394 94461246
33536643 158580089
90010499 199122898
114030634 121803050
86113620 198261502
125781257 90717145
19224722 114576782
125700248 92128589
105799661 131498160
124755024 98858877
125755484 83908490
108592301 128434352
37841929 164267884
39331902 166072016
36097826 79176061
80180405 151514794
78390576 14301208
67524039 190596867
55158547 2152685
31662615 155822641
79788571 196335039
28425978 89305510
66343803 189871311
33274572 158205523
33997137 81673167
25159840 94950167
94792652 28202691
20344123 130137262
44302451 119677
125847754 85680616
53613596 180431073
28668031 150976562
57312905 183518898
59795039 185423485
19716476 110763904
83256552 197477893
68972386 191448420
19133520 115956279
49812600 176981591
79843541 48594143
23742308 140970285
25187812 144273656
29010911 88397185
32987850 157791950
42918543 41991
41319616 168377096
71839225 192986887
91293359 199340688
25526701 144998146
25947623 93463874
79183445 196121239
27892012 149595600
115766614 119376178
29411805 152236536
59241177 58294954
99535097 199998170
19274192 123338159
125100400 78337012
22444683 101024590
87962076 146806380
68214843 156575741
76931620 49473950
23371062 140040375
113211997 122884626
23125906 139392271
83385069 197517071
90711344 199248825
67427209 53442331
28730055 151083924
85652889 47200493
19372411 113073402
19343414 123998471
46423792 173718364
66471128 157027123
26876630 91824606
87431721 147157169
85620786 198133203
41022452 168040539
53731498 1761248
24784332 143391618
25437169 94409115
19700223 126665348
121364645 64203732
57574280 59461717
96657940 45986395
124040765 72898358
77926758 49162838
33632518 158716828
74461194 154315228
102751768 36318581
62299479 56326395
121891282 65612835
70561458 192322620
36307388 78934826
61898798 186924865
101026967 136353417
19904472 127890465
57671474 183803766
125803702 90214489
70277616 192169446
24368707 96548942
27151560 91356830
22420776 137424523
67053559 53637940
113426613 122603216
19963522 109492818
19550718 111746107
122774090 105913533
44618783 171915691
19077355 118630543
61239997 158029845
48703840 66532772
24249650 96803797
33194815 82674388
71606573 51459821
96171331 45989966
79432047 196209815
96289269 45988346
80617470 48380571
89747414 199072673
44828352 163068
62144678 187097140
88309704 198782110
24408087 96465169
63205866 187830425
75619546 12368312
125056283 97210902
58450943 58842182
92166364 25717558
79559155 151846377
88047047 198724560
95599092 28981828
100000000 200000000
19106665 120644438
54254180 180982683
71969045 9998233
19796733 110330844
91015130 24658979
23810300 97762668
119739174 112809152
72906928 154977948
81490660 196916383
84975012 197961914
95263081 46009940
102253786 135164524
98311136 199973360
21640398 103293700
122216433 66548389
21873454 102596306
54795600 2050974
19301270 113739114
69640024 191820088
84367073 47468849
67455636 156776858
57417548 2842331
66698048 156970702
79604600 48662301
97301330 139758083
97386034 199940445
91385353 199354649
112241356 124119056
20163511 108551419
113587312 122391506
29337917 152113540
86936163 147481780
22725217 138295613
31091105 154939121
82407704 197214681
43334381 170572635
93227916 26712314
47087458 67973513
78859099 196003878
60652651 158113496
20369410 107671710
125875802 87017689
70039935 156030764
19217309 122685197
51120860 64471603
19094550 120191650
125863285 86257012
65753599 54330593
58881844 184737458
98785033 199986170
38827957 76127501
22011647 136217766
57122473 2746096
93041884 143192527
19795877 127255582
21539258 134723010
23453765 98564025
80632738 196626911
106602765 130635281
21185290 133493369
85920248 47147306
30593088 154151572
19077894 118539175
70767080 51819215
32726286 83269355
52675201 1487389
59351619 185092403
94876664 46022214
123550061 70916116
19550418 125649822
27873544 149561782
91807591 199417671
36436941 78786314
123332348 70126130
52868308 63046223
71662898 155458911
80292195 151454026
23693264 98023187
30934202 85639795
31694936 84616064
24471803 96331295
69861737 8718631
26591268 92322710
19107649 116595782
105747709 39657585
118621655 58060212
22312531 101374563
113887975 50168272
43234443 71606915
63148052 55819177
82863861 197356921
30785984 154458653
68576204 7963500
41597792 73229582
41225500 73607522
66922887 190230422
69094772 191517358
35639463 161468105
122276772 66726720
35181168 160856179
21593982 103434456
70138456 155998087
19365403 113135840
47202592 455654
47683111 67434630
121854392 108274093
74092449 50465977
124776670 76394088
22230481 101594133
125862771 88598145
99589519 199998600
74872231 154129109
72908005 193505887
52513247 63330815
120204453 111880775
71724376 192928860
19082352 119561191
28848904 88645992
53718725 180521940
19535366 111848320
66071756 189700967
61080716 57083743
66619153 53866022
122722038 68100302
51959521 1319945
94531227 199759400
20016041 128514122
38277078 164801016
46843097 68195641
38876733 165528077
99881258 199999773
97275525 30630384
22165391 101769434
104330568 133053047
124710183 99087722
50478891 177600892
67760633 7504564
83607573 47635050
125677696 82935578
38659184 165265035
58891283 3351133
125872342 88177414
52018522 63730997
38561193 165146263
22652737 100485424
23003906 99620637
55737480 158532869
19097051 117054267
21903759 135888493
65439096 54504537
75909087 194833686
21767260 102912636
63826115 188252230
87396342 46869542
119023518 58847266
19530799 125508819
112544427 123738177
112790324 123426544
99734222 199999277
22452796 137517448
36286039 162313064
94905835 141739512
54778763 181429176
20584861 131165287
19891637 127817005
95482163 199839499
28384425 89370807
24567297 142906136
75290934 153939301
57934290 59204767
125304200 95611020
125007423 97501099
98647133 199982654
73460373 154748222
21073399 133083732
93276604 143014002
45675196 69273406
44701351 172000024
104939230 132415405
65338065 157298057
27759889 90359599
49733989 176907986
22187798 136741998
81753010 48084729
49658271 65707629
40221981 74638396
83899377 197668367
125275605 79484822
125551748 93652815
79895575 15405499
57232198 183454678
120809522 62802391
121652523 64962026
40348973 167269012
86474708 198353964
96186865 199884897
103278400 36892694
68813403 52734379
79758748 151740669
85190422 148596741
27938209 149680111
90582096 46373020
37967202 164421759
78591163 195905254
77089657 13381638
35611087 161430528
55959528 2386694
54649302 61646208
36791830 162957167
125857551 88793659
29706833 152720955
71999109 10017024
25908227 145789559
21473897 103804573
35534044 79829103
46392330 68606810
70832117 155760156
25100757 95067412
91431631 199361609
89085994 146051908
81603405 48122856
125135534 96713707
108200169 128874961
110749585 45800279
90976115 199291765
81168386 16363896
83688753 197608134
63257204 157710229
96142659 29510513
87518095 46847964
26409850 146790938
44547078 138322
31452197 84940028
106260093 131004065
86034723 20266912
57048020 183307273
71914874 193025033
83520786 197558170
21003364 132821567
70731002 9238681
25753283 93817759
50251440 65202517
69467484 191724617
60737403 4049475
23772804 141044892
56699991 60094560
125394156 80316949
123646402 103284278
73666290 11079672
28257423 150256161
78492033 14375160
116454730 54189919
23392851 98704655
55843943 60731766
83979359 149345247
125390160 94998463
60812980 4081060
110827775 125840323
125868935 86555903
122446707 67235066
71882788 51345081
89214335 46565794
125830775 89565704
109143834 43754591
124594127 99662753
27220950 91240893
24114372 97095170
125535239 81497976
64616751 54966824
39443070 75464624
119880816 112529216
92792096 26302298
73162214 50827264
66009058 189661601
58807508 158329013
66657106 190066455
75050750 194471359
24789629 95686634
122163079 66391430
28560645 89094469
75571404 194692387
108673956 43168055
69945360 156061834
125877954 87209338
41762577 168872268
53561131 62496369
80297620 196511853
23284174 139811650
124902797 98082341
115567948 119664794
121495173 64545147
121194209 109796520
19764700 110498716
19174321 115244344
19792128 110354584
115067178 51965364
19462516 112367555
66942457 53696191
32039560 156391070
125007175 77751962
81852693 48059457
106959262 130248546
62532321 56185744
87766043 46804449
65896581 189590892
20318003 130018435
23613650 140653153
108115147 42479206
57562028 183716839
62807824 56021390
65304368 157305748
101481026 135916942
108064069 42416638
27609021 149075583
79441200 48709580
78773038 48906478
40025457 74844721
43025411 71810609
52272764 63524457
23311870 98892646
23636429 140709694
108884099 128105563
37800501 77250016
42572347 30258
101941471 135470230
26768843 147491845
57551735 158439444
45969217 68996909
64380592 188622400
19674337 126497124
25605700 145164465
19135488 121380930
52231862 179205991
19176016 122098023
38199167 164705944
41093777 168121720
83304610 149751605
83029792 17805443
125769684 90947191
98485646 31843961
118209849 115555411
24994794 95277957
21230868 104581686
91092602 199309828
60168665 57668676
74739096 194337619
34214072 81405814
84944088 19359958
25370954 94536446
121529425 109034520
62794201 187547975
88818494 198888444
40309917 74547203
119132380 113958733
67631225 190661840
58179245 59032382
46975360 68075357
66729574 190111200
19604289 126023941
110312613 126450683
47450960 174725274
19138056 115866868
25993378 93381229
20514551 107105038
69486337 156210803
125878830 87344309
78155087 49092665
48226416 66950131
99059293 32424029
37203304 77916452
22911023 138810433
35843311 161736219
60656258 57353251
123605541 71125087
64360336 55113034
48478620 175717073
37540928 77537877
31974216 84246714
108384384 42809842
22196305 101686132
58125876 184157332
41605049 6635
107122484 130069856
123464391 70601480
85059337 19454948
92593923 199530787
68832351 191369175
19439213 112539785
69781517 52266533
78636410 195922303
124408658 74532292
105008966 132341913
81239186 196831920
39689951 166496598
42916381 170126443
117282957 55600568
49020737 66257497
119973272 60842279
115800473 53116500
69685001 52312487
30837571 154540608
64879797 157401411
112017742 47491700
97605974 199949338
31320384 85116899
62971103 55924131
60802274 186150675
49724515 65650816
117376838 116931274
20775529 106140979
32954276 157743199
91755512 46241324
39673613 75217725
66351642 6733987
117505074 55990909
106454094 130795392
59590063 3600096
70083974 8851078
19087897 117531041
109451046 127456341
19909772 109758721
58663714 58694026
80964439 48288654
92490861 199516391
48153256 596976
53115740 179995426
87667802 198639272
72615164 51046371
95921746 140918067
19696221 126639346
20299410 129933531
58681279 3276763
72388609 51138124
74738283 50219580
25175135 144246301
109309460 43961772
77483854 152896093
74986114 194443704
27079114 148086322
92028991 143955762
80543977 196596521
39258407 165984681
124735761 76170000
96058219 140806147
19721852 126802466
19223744 122766182
46287326 173583561
95930752 29303417
48558019 66659645
123379695 70293650
74202364 194102089
120617899 111030067
56833170 59996731
44481818 70405923
19336159 123932955
98696566 32056418
41831873 72992836
65205990 54634782
33912611 81777661
82862496 150012474
119801768 60457026
82467105 197233298
92936841 46133639
110103270 126697616
31706750 155889381
79140986 14849437
54960326 61405315
23222816 139649640
55071636 61319453
94203226 27637726
44121146 171402846
25330680 144580795
80375440 48445875
65075394 54707867
49508395 815866
57964924 3027105
26546699 147059567
68853308 8124383
68859661 52711488
125756900 91194116
69406578 52445667
37938675 164386723
19201414 114860368
96470433 45987079
124721944 99027759
67812120 190770865
20520809 130898841
116661850 118052653
19166907 115359925
77540995 195496898
24518893 142796339
30051561 153281649
88464381 46686675
58185333 158385739
19448251 124895317
53264422 180126507
23509778 140393966
117610204 56178302
38397652 164947722
42684996 72143463
125528173 93855395
83295112 18016811
63274426 55744661
28009182 149809150
55777890 182268093
79333917 48740732
83753594 18387089
21055777 133018048
24746314 95773121
56749163 158488604
23969006 97412774
125457418 80811718
67945974 7607881
80467544 151358621
63383068 55680640
21618575 134985611
44796174 172096500
68208949 191007718
79314508 14976756
121062658 63431491
19216269 114678542
34792806 160333464
33393263 158375410
77871958 13932145
95724851 199856244
19979628 109413561
76107521 49741355
21052649 105167974
44403452 171695488
82001702 197085123
116321826 118559586
88724648 198869349
42447703 169621949
21145081 133347291
98412103 199976431
82129279 197126339
57838460 183934254
95682548 29062728
90707257 46356983
123984829 72660578
50354605 65115087
60105153 185650374
61309217 186509575
62165646 157890072
58638532 158345264
81618160 196959003
82300041 197180728
83807818 47590863
116177271 118773358
72152872 51233895
24772293 95721187
100820354 34247059
65124020 189101099
50708206 177812416
27197486 148309419
70161227 192106076
113912254 121960568
34604069 160076593
101243953 136146060
19099737 116933167
28167983 89711860
67315994 7257991
37611372 77459395
75444880 194638759
83854877 18469333
99555905 137740088
89275916 23089847
92063598 46210795
29796767 152867816
68973755 156364005
108408905 128640679
23902409 141356855
48125545 67039182
124664596 99317949
58332829 3154593
78012548 49136443
111917056 124520497
41659577 73167069
96344743 45987849
90930865 199284701
30015938 86923509
87219703 198535172
42975235 44341
114596538 121035366
56953925 158477208
19408380 124571484
71083156 192599439
23341033 139961344
100077362 33468893
115652632 119541815
46178624 173476073
86466144 47041628
123578081 103508539
91577008 25171910
20179919 129366473
63445706 187994011
83183608 17927489
89025566 46595156
30098748 86805790
89303602 198985554
118367459 57575526
77081163 195313555
34112460 81530972
110908282 125744157
109958004 44779580
74632322 154237828
55530484 60968573
83949754 47559622
120208978 61376352
125132180 78540546
90159976 199150829
122632241 106296225
67629480 53337177
37546262 163903100
103061445 36655694
118340927 115334228
124701817 75986245
108819208 128178795
94790987 199783082
27151104 148222101
27792809 149413827
64076006 55276573
125617007 82297354
44973761 177455
76743290 153259212
81102501 48252335
24873520 143587740
34172477 159481212
75837021 12515650
27848502 90218268
117731576 116352692
99003722 32367584
87970908 46769305
103217819 134199629
60874412 57214431
80620389 151275311
60871116 158083356
118796491 58399736
93553664 46090003
52623188 63242573
43490654 170738460
96143308 140735903
25240069 144386251
53804575 62304187
106263616 40255557
21331734 134014966
