4000
23456748 405842
753944783 604057881
658437181 415233452
747203575 584238965
773028188 683727586
718291473 515898410
53168964 2163833
91091176 6874567
40155695 1209379
37047805 1014270
142101184 17594865
421081492 163531708
100559119 8465973
589597576 327382185
779857245 752225346
529970221 262795110
714695538 508684961
697549096 476901294
674857941 439643386
706417678 492884570
220379482 43383254
317918438 91749078
246014351 54245732
678276162 444972525
728530702 537655916
444429156 182728897
56905117 2488723
254651224 58239448
448162479 185902369
741805982 569607281
139859306 17017368
362927583 120440528
312770433 88708461
567434062 302321865
684100477 454237191
647511476 399928902
607443364 348564067
293178228 77683030
757129057 614292660
755950697 610420130
705875240 491886939
350184496 111927659
713338972 506017323
159256448 22325665
314962318 89995970
606132130 346972554
669777796 431893353
756291426 611530794
542985653 276200292
611256915 353213396
203478800 36911491
737874440 559573261
450275336 187710978
55210573 2337512
765738608 646587466
183202927 29810381
5302544 28067
590170898 328046919
494812621 228166632
592706553 330999920
732910933 547569031
778899902 732416800
548683805 282170303
152460948 20391850
287486611 74635825
187306389 31186288
213450942 40666679
148572664 19322864
138638020 16707544
32745431 786840
161045891 22850594
214287396 40989249
806768 639
721950039 523486648
258575665 60102548
772856808 682659610
527556500 260349030
761391705 629210523
285954391 73825901
756155410 611086833
224902482 45205079
779543033 743600783
221720606 43918808
767754529 655651565
378709358 131447647
470740867 205747695
308656652 86316271
748915119 589086360
55863689 2395367
90406844 6765716
770621170 669866250
769876346 666002534
419591746 162344834
74784566 4505303
735771729 554379914
274635942 67994438
439183186 178318784
181695453 29314761
403332583 149659817
88935284 6534233
435451104 175211024
448427539 186128579
41701831 1308945
79626930 5153458
749520784 590825539
168881097 25221461
203053254 36755013
93718752 7298699
412983597 157127695
629466687 376050428
65166571 3329911
624036633 369128834
721497605 522535395
712000548 503403507
481874631 215977916
763436821 637103871
608391959 349718425
58669809 2652299
650263012 403715760
625796544 371361417
777140300 713842958
101096987 8561611
722084255 523770100
696540060 475137362
779779334 749635558
146784905 18838606
126767522 13813544
401806545 148494858
438053416 177374581
254371826 58107852
301055875 82008331
722931360 525563847
505394638 238361937
219574967 43063623
366850191 123125671
673575386 437663715
457211998 193710953
529085133 261896580
592090190 330281025
284999867 73324095
200820883 35940666
303846408 83571808
483085893 217105242
667717187 428803783
76235486 4695922
730203409 541364487
364228196 121327885
161112232 22870225
148202640 19222209
617996947 361532880
211864752 40057834
366606970 122958138
644477919 395804413
170574284 25747141
773697827 687998874
733859539 549794762
732183746 545877993
309737984 86942418
776541000 708724007
97299047 7899137
778542209 727753379
586027786 323264468
341145762 106081642
744069067 575589691
445387304 183540307
101422646 8619721
507694698 240600152
585695485 322882330
72534699 4216771
425765759 167287075
393394742 142153590
317207968 91326258
332891106 100883055
377955123 130908562
38294734 1091448
195446177 34012366
632261929 379658985
367474508 123555994
190561324 32304435
6110655 36011
609623747 351219401
532340046 265208666
475291108 209899960
544660678 277949632
777105846 713541067
98522582 8109268
780061954 764781106
421929197 164208802
5484579 29774
647072080 399329454
605672617 346416323
714126448 507563518
773999957 689970804
756821780 613274132
124386353 13264617
150472405 19842464
26853062 531404
545556048 278885629
618285689 361892884
280761713 71120517
638165044 387381228
105138070 9298278
505961753 238912726
779645775 745989549
215697302 41536460
751582217 596859208
19055445 269394
604308410 344767978
375883477 129436848
753735491 603408186
213144783 40548966
316475666 90891514
185033978 30419853
213778958 40792919
527199130 259987486
696414136 474917768
290288535 76128317
83746139 5739927
4941659 24727
765953323 647526676
362631952 120239440
130450315 14684488
622676102 367408946
421561822 163915255
639861359 389621920
517995769 250747034
124775986 13353467
777730394 719272003
602577499 342683090
337985097 104078074
619027024 362819560
326255609 96789705
23138314 394793
206990935 38213323
478767226 213098674
714839857 508970309
257142365 59418236
34879700 894290
17127139 220321
424123121 165964937
576310531 312199437
104165200 9117375
264720831 63072468
779956501 756564349
502810200 235858137
198653420 35155018
282101037 71813441
686956452 458902470
573537648 309088682
409382014 154316290
765874517 647180555
29516419 641414
681226012 449636384
57731094 2564157
733704106 549427704
771826669 676534294
770439957 668908368
497251175 230503754
314625180 89797095
202966387 36723085
44009349 1462827
772571301 680914784
150093742 19738446
622500639 367187407
239331017 51289892
427862454 168988724
129391282 14431961
721635922 522825823
278442486 69927768
154874608 21066565
555226586 289094003
151994105 20262360
122655519 12872974
580041482 316420253
272820347 67079424
709583026 498798752
222961275 44418844
482199811 216280374
352137105 113215423
544052 343
466440070 201878108
694078693 470866595
280261904 70862539
696214791 474570385
61318517 2916327
405430836 151269075
5949368 34342
441178486 179988663
672155573 435493298
760216625 624883649
624745285 370026355
176526787 27634787
712733008 504830728
573642957 309206367
571790544 307142064
344829653 108445478
162803956 23374168
722712696 525100041
74967743 4529163
573608645 309167995
627210847 373163266
674466043 439036882
699441544 480254711
724799051 529550375
656257190 412127304
605424658 346116395
548086450 281541454
428432004 169451941
732042009 545550713
533023450 265907680
660550146 418274736
593034970 331383062
473565128 208320561
779839276 751567073
163157627 23480428
607182768 348247225
581415610 317984106
526844023 259628441
240236489 51683797
586826829 324184133
309356542 86721407
709256945 498184650
630853921 377838409
770995861 671882452
176927129 27763848
307642678 85732848
53879839 2223183
767542054 654664903
755362095 608528343
590885278 328877610
258242865 59943137
80675938 5298894
768579730 659583542
688611677 461638166
728970643 538626826
719959307 519332095
581198820 317737060
258507863 60070059
508189557 241083367
520089996 252835195
66363747 3466808
763269421 636443348
658516923 415347678
446797795 184739308
195608376 34069607
635924764 384434638
543213106 276437714
341447304 106274193
570283942 305470514
778974196 733518176
778445892 726644998
743909108 575159418
777204868 714410506
695129944 472685397
111576260 10545448
572722157 308178792
18533015 255521
780054120 763681834
389208134 139059178
174206196 26891545
765147202 644054921
423815576 165718496
745860291 580487477
731171680 543554036
161694698 23042722
779719780 747906552
531075742 263919480
475066162 209693551
133481790 15418600
351818528 113004923
771319301 673662102
685932041 457222040
411568743 156019841
305786620 84671641
6803951 43365
730440599 541896187
778846734 731656179
187678333 31312872
770626273 669893348
779979058 757756185
278102575 69754387
578915556 315142313
530652263 263488265
138138732 16581448
534752371 267679058
377049112 130263829
692022819 467348849
498289050 231500522
548312403 281779283
643638674 394671574
16016687 193856
724873385 529710026
152628978 20438544
232689005 48439467
769573994 664480671
227588877 46308406
750899390 594844132
775998721 704335438
373303168 127612525
743317207 573581329
779034088 734457953
769952059 666386788
767679559 655302309
774298439 691982064
749591642 591030339
189953005 32093578
109725707 10178793
470135149 205199590
744788174 577536768
13487066 141554
779916336 754647401
133773753 15490123
517648515 250401400
546461987 279834255
16382204 202461
411181301 155717259
79841798 5183186
61802023 2966279
745733638 580136078
380654943 132842174
626462025 372208755
112604699 10752479
153912845 20796177
18297192 249506
778995613 733850836
727716258 535866954
256892729 59299766
470625353 205643103
124063358 13190983
244202184 53432545
77296214 4837368
94234937 7383852
188243181 31505375
349649480 111576288
327459940 97525068
523930268 256690290
670191281 432516926
779594052 744740892
561334198 295663796
460353093 196468372
345499218 108877068
320023766 93013214
763459148 637191995
773519210 686840755
735874224 554629697
771763842 676176581
518816512 251564974
773273103 685268862
372058554 126737768
707599212 495076588
221418963 43797560
768651612 659932525
608609987 349983933
772969313 683359509
378448840 131261307
376227434 129680592
763358111 636793207
244249956 53453806
725545166 531155299
487528790 221259036
117971718 11855924
285683124 73683177
569084154 304142916
762850226 634796005
167289513 24732540
95573362 7606734
768035517 656972934
526173535 258951565
3495593 12526
437010111 176503774
311283394 87840522
760471449 625801225
620982487 365273833
337835139 103983401
776712229 710157232
488440663 222117317
546216064 279576338
647723612 400218525
309855508 87010555
651465514 405386491
753819179 603667209
515276484 248047782
759213444 621343578
373596998 127819517
516590514 249349544
376289139 129724333
324803094 95904917
314179113 89534663
235916250 49816175
234303257 49125936
154404338 20933603
730990348 543139892
222077983 44062675
603014124 343208151
692880520 468810876
741492333 568792448
217021939 42055881
41022824 1265098
308893321 86453162
718921488 517190153
251117053 56583157
346421198 109472815
685044246 455770975
101981122 8720241
300734329 81829298
780068768 767139458
290962250 76488832
775030072 697099106
57394852 2533111
691124008 465827847
515724966 248491186
694259832 471179264
12563608 124553
25234611 469486
688252112 461041822
776810829 710992523
612465885 354694276
395716698 143886925
775301757 699087178
655489352 411039751
699564737 480473962
512391063 245202753
137822588 16501675
745992898 580855858
180986129 29082346
297208948 79881551
739955700 564833420
773177940 684667214
749427643 590556435
697299340 476463541
764149167 639946384
338694081 104525731
187932482 31399423
518338855 251088839
416188264 159648199
201206794 36080915
744664059 577200041
255553556 58665463
278810914 70116418
296629871 79564460
265986823 63692062
473280808 208061116
415946698 159457621
155724618 21307890
271594615 66465886
755476987 608895671
776213980 706033272
119724365 12227247
594785650 333429736
151223959 20049291
81982985 5483546
775423404 699990672
267287901 64331449
403427139 149732239
766923687 651846864
455342895 192084078
316834479 91104351
301847833 82450097
524992204 257759831
588634509 326269030
375371549 129074201
228715284 46775010
198351469 35046354
384226115 135420831
637997280 387160199
567804644 302729520
292082156 77091158
59422478 2724498
763849579 638741419
385675916 136474389
736553612 556294889
410753544 155383467
774663214 694509941
631067587 378114240
215394545 41418534
774574753 693891537
225676028 45521048
638576058 387923303
367267505 123413188
283772037 72681499
679968183 447639461
259017 118
689785173 463587885
568002351 302947659
758733441 619679806
717817996 514935744
30821375 698779
24722598 450631
224468839 45028864
689527215 463158303
667917228 429102059
362079198 119863787
689002835 462287281
31256643 718192
559615789 293807058
322367805 94427233
495745556 229059959
780034795 761665720
662664237 421344194
183674870 29966565
471815232 206724803
666500352 426992137
199884499 35600679
261521910 61518921
96279166 7725493
38942687 1132290
757597944 615850347
589212676 326936860
136900718 16269338
493620789 227026492
551676532 285324139
195342458 33975807
470211954 205268980
768876478 661031587
535030040 267964185
603431842 343711036
159002663 22251623
576589010 312512960
676224821 441762995
780000350 759038777
664173915 423553569
620249408 364351857
30241366 673089
3229550 10573
13852233 148578
779828437 751203051
661685978 419920336
645948515 397800223
43264245 1411718
712355176 504092188
723482849 526735736
173273689 26595262
749297443 590181096
501450232 234544377
249085018 55644075
690070534 464063625
391246213 140561234
779867361 752614802
478617603 212960574
554779739 288617751
671090627 433876374
768801950 660666338
478436692 212793597
356313480 115986180
678947543 446028711
359790474 118316071
405210964 151100100
184499726 30240623
128457886 14210744
708510098 496780969
256564261 59143952
665992801 426240130
301359752 82177692
692488566 468140644
115733369 11389347
778379260 725910605
190169464 32168498
765632813 646127031
269376281 65362830
215026287 41275487
162149450 23178372
328667088 98265887
704066353 488582400
381575597 133504495
770561185 669548202
677692265 444056344
683404680 453116361
758490086 618847520
528916088 261725241
395496812 143722363
687789155 460275177
505589702 238551350
107539957 9754817
546974127 280371667
382849057 134422736
410835193 155447110
642483281 393117989
384544899 135652244
537684344 270698787
84469041 5846553
146104596 18655775
753233834 601861089
767472735 654344685
655935912 411671551
111968284 10624236
315351933 90226178
730999688 543161175
382606545 134247507
774175911 691147814
595020865 333705402
700259180 481711815
605879293 346666340
772666659 681496058
712649451 504667326
598098528 337338431
127238273 13923864
711031832 501539570
727124079 534571655
211468739 39906799
700051827 481341875
289542467 75729499
245637368 54075450
123724151 13114018
268646432 65001158
217109019 42090061
220113508 43277534
768926258 661275781
437140792 176612744
390606105 140088748
72873323 4259863
779971112 757315740
729871777 540622743
674213773 438646832
318951280 92367835
601387202 341256414
662092087 420510897
671990325 435241686
536584649 269564212
737399568 558390606
757653748 616035985
699950206 481160675
770698644 670278829
231807567 48068264
212178311 40178014
486233892 220044638
738898962 562142463
408635648 153738797
740334915 565805807
570890666 306142728
97091130 7863628
56304004 2434681
133104775 15326264
275807944 68587956
215564746 41484722
690500052 464781045
756397721 611879072
184892093 30372235
690959071 465549574
280988807 71237867
745479604 579432413
720938326 521366235
432793650 173019506
68377295 3701625
772721662 681832163
129064967 14354380
594271789 332828145
779576434 744334316
747412581 584827317
13160931 135284
596716233 335701963
686880731 458777955
778693288 729606623
779943770 755934120
105693526 9403149
14220095 155726
474115091 208822640
173613750 26703148
777160722 714021953
687142802 459208921
305142049 84305046
779609774 745118043
778890665 732282349
692146785 467559101
112735827 10778947
77577773 4875091
461571123 197543986
259937061 60755669
38082202 1078142
742189545 570610337
661970306 420333748
561744183 296107740
416872452 160188500
452447788 189580301
157042381 21683594
289158764 75524760
299478593 81132177
479573471 213844094
343904380 107849451
481300552 215444205
772811368 682380880
778183025 723813023
535261839 268202284
712266475 503919844
684466021 454829591
155361410 21204623
772308608 679336338
71792008 4122885
250585116 56336446
326582496 96989031
778812683 731185864
773497997 686703719
769731478 665270983
152215376 20323734
84763203 5890248
464855937 200462846
114808941 11199554
297901078 80261060
75556354 4606221
109436290 10122158
741080627 567726440
64025484 3202658
114747157 11186921
768155273 657542718
659468788 416714539
711633921 502693258
754496537 605780462
773438782 686322767
361059147 119172280
51430391 2020868
191751111 32717797
508659396 241542658
679538248 446959525
743967235 575315633
498799265 231990937
488129487 221824130
710096851 499767574
761768358 630637234
280647300 71061417
704867376 490044109
694934256 472346130
779752979 748853291
533493871 266389289
758641296 619363985
670603455 433139577
542118419 275296004
269715837 65531297
779809441 750579678
779694290 747213786
741679224 569277436
738386085 560852980
48072250 1756810
37530486 1043795
552822843 286536503
700876582 482816184
117213503 11697106
635403730 383752009
747589722 585326885
277370979 69381476
61953779 2981986
727281071 534914276
9055724 70229
613310638 355731971
134429967 15651404
284820502 73230136
518605995 251355126
218319394 42566305
648623320 401450904
708154658 496114331
673684434 437831079
750800805 594553986
46673795 1651880
333468339 101242998
293855198 78050222
136375909 16137347
778080776 722761597
102943445 8894644
456701676 193265835
218584468 42671003
105348471 9337818
679920452 447563840
753345907 602205478
22801450 383175
750054048 592370230
123366910 13033236
668398248 429821895
287602337 74697134
759900119 623755400
597380278 336486584
287868197 74838279
80413011 5262406
519702148 252448180
472998627 207803675
147862683 19130011
751207951 595752535
71464567 4081650
606659071 347610984
772187051 678616974
434155421 174141330
757333013 614969864
284269861 72941785
34216324 859659
28768604 609286
517460653 250214482
660217127 417793430
302118528 82601253
374099321 128173731
774518730 693500123
407433511 152810392
112359633 10703046
347037006 109872521
754602269 606113031
770061032 666941895
606358674 347247014
263673572 62561807
414993029 158706328
721233654 521982473
555472513 289356334
726596483 533423020
619169169 362997533
770823055 670947974
779127191 735935845
499553496 232716509
755243525 608149429
624623321 369871788
515591910 248359432
778914841 732636193
246186716 54323617
108850445 10007879
744217594 575990905
602767721 342911765
642916492 393700000
157219962 21734570
21831270 350677
137586145 16442051
175216298 27214165
28463408 596362
632478661 379940028
583716290 320611663
276857918 69120808
718202474 515717396
217385025 42198476
703449229 487458674
677522814 443790873
371927179 126645669
146976468 18890216
754951278 607218721
121530419 12621944
551173295 284793013
27272649 547868
20743371 317362
560666804 294941901
635793131 384262139
501555423 234645847
426110066 167565621
723626189 527040902
95850167 7653200
58281529 2615534
687660915 460063024
310449540 87355414
480792950 214973026
224824102 45173176
62514845 3040951
756495989 612201755
441536462 180289566
498435225 231640982
601454133 341336517
386462518 137047986
102615559 8835084
180641812 28969693
770121252 667249947
47354790 1702736
695777985 473809900
761272541 628762203
596032571 334895027
459169225 195425707
417995825 161077982
766086200 648111123
779819103 750895842
682197726 451184556
140927157 17291197
566127456 300887161
368464243 124239395
689211732 462634179
487740242 221457798
745282339 578888667
742332932 570985797
476264287 210793413
780042670 762420664
356075053 115826914
770247200 667900780
705674205 491518996
604822348 345388379
768084183 657204414
4662311 22161
361391461 119397345
415599074 159183626
567329546 302206991
588277944 325857287
731341037 543941382
230689082 47599355
591789795 329930880
111186577 10467651
777692603 718911410
251446539 56736826
166791735 24580310
206126873 37890798
91760183 6981871
668990674 430710577
412641716 156859843
304185452 83763040
778241033 724424488
759629383 622799388
582895362 319673077
94069377 7356410
363485741 120820838
750186032 592754174
770184926 667577419
760374138 625449656
494474625 227843124
30952998 704620
733043024 547877255
766989249 652143565
695677083 473634694
779791251 749998558
351052198 112499069
654891209 410195007
191559537 32651087
5597516 30861
299186981 80970635
553026865 286752597
777018471 712778652
90116298 6719849
748568342 588097343
721776646 523121743
624987217 370333235
257446136 59562751
151505758 20127098
626700594 372512796
40646705 1240897
472362739 207223858
629188305 375693327
732566849 546767315
98177370 8049708
358136168 117205093
628265479 374510555
775638794 701598478
223351144 44576420
484417324 218346358
743682369 574552593
728287924 537121798
234157043 49063556
662836798 421595753
733198432 548240528
578603807 314788867
751661254 597095565
741385361 568515186
469346290 204487181
556367882 290314423
167665574 24847821
712510395 504395404
260799785 61170560
740893528 567243071
607732983 348916325
192888487 33114322
581895128 318530939
726768814 533797479
540002008 273095779
764853616 642831356
211038758 39743031
2370763 5185
653886053 408777418
32358724 768851
272425118 66880991
438746626 177953886
771601095 675251604
630498789 377379982
562936361 297401548
427501014 168694890
761852401 630957470
686061068 457433255
753641858 603118582
671263387 434137948
528275216 261076338
157837179 21912359
424462906 166237660
22295071 366113
365343105 122091035
532788513 265667336
59865098 2768355
715095471 509477569
738290538 560613578
568611296 303620077
684387151 454701629
324466885 95700576
179660989 28649546
48999069 1827662
83416490 5691684
465465390 201006934
396352688 144364415
642270528 392832240
737557496 558783123
513939538 246727881
392949590 141822713
710261496 500078736
312386065 88483920
725824380 531756829
97634202 7956501
99167309 8221102
779353551 739878034
282421697 71979503
773305992 685477406
736102257 555187531
683484657 453244797
746095359 581140545
292586561 77363006
761688127 630331707
491479047 224989960
164563987 23904306
730530596 542098374
309506613 86808334
80076216 5215668
30461640 682838
273890249 67617917
102678380 8846466
471073654 206049353
450830346 188187955
127765485 14047653
779478685 742282908
261804407 61655419
134917712 15772632
632677609 380198062
682477360 451631635
432497855 172776489
74426486 4458676
747320606 584568206
129752135 14517900
774378478 692531155
706174511 492437184
623879331 368929842
693444816 469777959
44837909 1520135
744610252 577054091
761547529 629798202
584973412 322052393
764072694 639637246
37028995 1013147
542246391 275429200
776770879 710653631
762335246 632804091
78924897 5057179
663028236 421874916
752380805 599258680
265821071 63610779
202146212 36422895
100779265 8505000
436383852 175983291
299791550 81305560
302384474 82749925
158356641 22063367
762190754 632250736
779943468 755919559
774433439 692910110
401444125 148218875
300626570 81769322
180495548 28921853
773609194 687423906
676777507 442624022
7327440 49047
779924142 755007980
536808146 269794550
238394158 50883838
67339653 3579569
300477189 81686227
197211562 34639101
766725899 650956068
409534394 154434509
578407813 314566755
431740269 172155086
256296088 59016784
777246734 714782521
575214350 310967225
709454953 498557493
363180162 120612588
634078244 382019638
720371316 520186683
375960009 129491071
579231218 315500470
776506055 708432794
768471361 659059312
731643159 544633536
425149780 166789414
214141334 40932843
388916226 138844684
483405692 217403251
715458774 510200762
723586501 526956388
355634402 115533019
282454426 71996460
49422341 1860430
409854506 154683377
771652958 675546167
711353109 502152997
184224646 30149016
16797774 212342
68645070 3733663
407838380 153122917
676414736 442057883
382026170 133829082
765172035 644159478
581716883 318327562
552142043 285816121
370146308 125404337
668542545 430038300
132193836 15104305
554567621 288391740
507489033 240399486
338293283 104272648
142470344 17691288
284095764 72850749
194890380 33816602
697662579 477100799
639213385 388764896
725403862 530851050
474421309 209102603
174016083 26831061
58722812 2657353
641381769 391644814
466052345 201531242
54975884 2316835
64226053 3224741
747847674 586054856
143262102 17898903
321742939 94049308
638760398 388166595
487388335 221127137
214685187 41143311
758531989 618990602
697246173 476370554
585419198 322564690
735527046 553784139
228480633 46677425
634323247 382339075
385099999 136055401
6456320 39676
146268819 18699859
757824780 616605748
361908260 119747691
761069022 627998806
307444195 85619000
713044526 505440366
530928009 263769043
48655658 1801179
333780253 101437892
387095768 137510738
233014130 48576948
322496876 94505422
248257114 55265297
524492885 257256887
381842746 133696929
698201038 478050816
780067153 766152437
686052744 457419617
27231535 546241
197782197 34842625
778589388 728311372
701879792 484618933
418551870 161518872
755921150 610324422
54714726 2294301
88304963 6435348
411960308 156326161
318744672 92243806
157673523 21864964
763099714 635774216
766492980 649914473
183825247 30016405
779939671 755738713
65601335 3379210
520908395 253653177
170978267 25873199
174653613 27034096
695996786 474190589
387737411 137980004
86148098 6100191
760850946 627189427
359165647 117896014
218288918 42554274
263144385 62304504
714528793 508356167
639008572 388494309
656477313 412439801
710689323 500889239
399350314 146626941
266792019 64087528
665078310 424887153
648376512 401112589
749908034 591945882
720760119 520995069
457074081 193590559
131170163 14856987
10062860 84135
574905851 310620802
355290559 115303918
734643203 551652717
79538272 5141222
277441749 69417516
232524006 48369712
748415176 587661785
243816682 53261008
95402275 7578051
323718207 95245911
147528874 19039569
384898152 135908687
719482899 518346170
182067995 29436972
774814016 695567085
255041334 58423506
758869619 620148918
126438149 13736611
779847104 751848034
753569551 602895236
177494975 27947200
260905304 61221373
764192265 640121488
270489434 65915602
287178631 74472717
769319466 663213674
379868504 132277807
463392231 199159755
497610442 230848622
715584809 510451894
750317865 593137964
295377940 78879892
547271961 280684704
701668357 484238300
713813193 506947970
98427989 8092947
355760398 115616994
595548876 334325300
492383542 225847536
502087698 235159740
765457992 645372340
106931579 9638367
647879039 400431010
294650268 78482298
660715321 418513621
225816851 45578921
19992699 295551
733540678 549043146
760563384 626134893
666869673 427541211
98868906 8169332
644253188 395500561
152860586 20502966
672939559 436689336
717122435 513529996
779640425 745858036
771798069 676371254
695320361 473015584
774892400 696118895
583573169 320447972
528819307 261627202
343240900 107422888
247907087 55105454
32955219 796608
636904057 385720657
549941550 283494802
622960476 367768012
270099669 65721884
182224601 29488381
740956605 567405726
780044239 762581082
758151884 617702895
532096626 264959755
386344150 136961595
779394254 740640801
760029458 624213855
777167641 714082670
270821192 66080494
779891749 753586347
464118793 199806206
432001812 172369408
778422762 726389209
754356671 605341743
229796575 47225991
404478730 150538041
572862855 308335518
618795269 362529588
232184321 48226514
765888864 647243552
420057840 162715730
169181685 25314501
779191690 737008018
329418281 98729516
239056334 51170637
508407287 241296180
205740775 37747031
656058248 411844939
778328475 725356435
443691118 182105257
723019860 525751722
513091858 245892637
521690725 254437658
241507923 52240054
773346770 685736480
457615175 194063320
750647410 594103125
720189212 519808920
537478142 270485903
381041388 133120087
204706736 37363621
677291404 443428362
751879546 597749230
680534624 448537852
163803610 23674819
45045580 1534693
765478393 645460162
228240344 46577746
714947513 509183170
778309361 725149010
344326365 108121197
778122074 723184246
638282998 387536684
701018836 483071065
370964567 125973344
725196991 530405748
534213787 267126663
245813636 54155047
704491687 489358231
371234808 126161796
724665854 529264311
65398824 3356219
26463721 516168
769054185 661904151
394996500 143348481
241167720 52090456
271050631 66194729
626925203 372799075
775559647 701005466
577277722 313289766
429525682 170343971
465101502 200681900
778030754 722253766
646229366 398182152
536385912 269359400
50082941 1912219
716889647 513062456
311438762 87931063
778347622 725564304
779951647 756322590
493479107 226891089
288822849 75345781
748788492 588724874
739207450 562924283
731140906 543483678
761104869 628132114
87080491 6243931
776165405 705647160
171906855 26164234
731902955 545230550
71037421 4028034
676619385 442376989
618487383 362144414
399040547 146392114
767070415 652511152
500276957 233413245
121987036 12723293
668188904 429508535
661757451 420024257
735974439 554874496
349174892 111265215
4383002 19677
500509471 233637302
281315174 71406707
702461363 485668678
499890382 233040909
383893377 135179366
768982222 661550361
762093772 631879729
673823040 438044504
176583649 27653088
239905268 51539550
655304856 410779115
89834668 6675563
62137635 3001274
85183897 5953125
779441040 741541754
522411416 255161746
764491824 641341691
311009039 87680867
768265235 658069486
669540034 431535905
641183276 391380073
281722244 71617337
779421034 741151555
597000710 336038044
723988088 527812960
778159024 723563860
775189953 698262141
582328528 319025644
353360337 114024331
602941644 343120901
771026935 672051026
109079569 10052530
707077833 494105124
669843652 431992522
221039807 43646137
332440459 100602603
139611540 16954380
440885509 179743052
760007572 624135805
732745044 547182079
250248169 56180593
780032354 761444406
17462867 228603
447707457 185514268
295004789 78675968
725289247 530604286
402503874 149026279
462752987 198592269
636786795 385566416
339242789 104872490
619716944 363683696
391574486 140803835
39873214 1191326
708941982 497591910
119107129 12095944
258655423 60140779
455560655 192272991
695877308 473982518
116154652 11476139
636601936 385323414
190873168 32412639
620497408 364663639
177922174 28085291
409308831 154259532
728708516 538047934
456054306 192701592
145045080 18372164
1101866 1031
765512830 645608475
681408192 449926207
693948566 470642663
35929628 950997
556150943 290082045
534604086 267526852
748193328 587032042
235568060 49666879
466837213 202233699
254503238 58169696
778660050 729187470
435138706 174952933
777792898 719872295
320474800 93284865
341787642 106491684
733308813 548498848
243334984 53046888
144339319 18184331
94471261 7423056
378958327 131625768
364764523 121694672
42640998 1370281
774978394 696728540
499711486 232868634
372251439 126873045
314436768 89686103
140688067 17229574
25733990 488179
681980326 450837425
8310714 60501
760745773 626801780
135742653 15978570
584394291 321387801
56576383 2459164
758044956 617342698
208655841 38838859
627933643 374086410
583365047 320209948
337043919 103484318
294408769 78350772
779914682 754571706
426563574 167933519
186871555 31038556
513414596 246210589
741588852 569042627
779988205 758282293
360844577 119027144
296817749 79667308
523566738 256324239
71360946 4068618
564053097 298618659
596494338 335439970
433617748 173698065
274251145 67799951
772456834 680224588
774081555 690511790
775781412 702670861
156776458 21607471
449844479 187340964
468856224 204045407
240741482 51904042
562541306 296972654
283622238 72603344
23782833 417160
648759965 401638727
666721759 427321070
444957178 183175818
108294286 9900074
758969328 620494828
665798680 425952617
275599572 68482301
765822026 646950994
276247286 68810828
198111901 34960478
348145495 110593349
643857427 394966461
95978256 7674739
262787968 62131635
185309244 30512261
549615238 283151114
490244379 223820873
746683056 582778190
541391106 274539204
573961185 309562356
200516898 35830201
297580571 80085204
757382423 615133953
59291916 2711834
234463907 49194507
238762609 51043210
172712359 26418045
772409933 679942641
226393182 45815828
723175543 526082253
379320141 131884782
0 0
685468302 456463365
516105935 248868662
765675946 646314653
725899211 531918149
417639088 160795216
106044911 9469716
511741754 244564918
436758596 176294251
366037911 122567543
506691610 239622746
765110468 643901128
177210942 27855485
51966307 2064539
301477755 82243526
651352745 405229355
599652714 339185548
539882464 272971733
336537908 103165883
273247661 67294306
433046423 173227561
323092523 94866448
587869290 325385461
186827474 31023630
309020579 86526810
132544325 15189285
773935111 689544064
407568588 152914609
514506835 247287414
541967581 275139024
225499884 45448969
285443631 73557216
742050222 570245729
54513650 2277092
499236014 232410947
566544582 301344560
727427783 535234689
89325124 6595465
34537104 876333
48601309 1797003
778636845 728895807
243438648 53092957
448005837 185768718
231282368 47847890
502146019 235216087
779976236 757596926
236245344 49957397
153225355 20604601
431479487 171941594
680212042 448026092
611946430 354057043
292823844 77491162
343549205 107620939
286111772 73908784
367843584 123810733
318412904 92044952
368127179 124006530
193416819 33299069
633825796 381690594
623646784 368635691
1549193 1893
550844662 284446389
743202531 573277397
530189724 263018142
122818225 12909572
107086970 9668049
93070022 7193455
182901322 29710873
471216603 206179443
720543998 520545298
773807694 688713404
52625629 2118724
223878253 44789654
415455309 159070318
153566793 20699741
764554757 641599373
316123017 90682360
775730125 702284784
775603835 701336481
634787174 382944853
728428083 537430143
35643432 935476
201785272 36291341
193850934 33451339
118383311 11942688
440171166 179144932
339598307 105097247
191200382 32526244
73846733 4384099
710387334 500316799
232509369 48363533
748307422 587355850
310122127 87165162
571677555 307016447
740697105 566736627
779276149 738458215
565586621 300294945
504475991 237470657
309593401 86858621
778826243 731372406
750717646 594309426
296007460 79224008
780055627 763879138
550087043 283648054
754790359 606708527
693081744 469155604
448692982 186355163
100329156 8425218
557081997 291080191
369198927 124747593
545106685 278415756
300202531 81533659
441806541 180516745
360163059 118567145
430124517 170833286
658787307 415735266
125481814 13515177
664030096 423342020
505796135 238751846
772604358 681115906
575797937 311622900
511352984 244183213
780069481 767658696
256060636 58905330
539688450 272770434
227502040 46272553
414430252 158263328
510909904 243748324
490722797 224273643
107927554 9829395
438812517 178008960
505024173 238002399
185604943 30611538
628538098 374859906
769829658 665766657
776909862 711838796
480229403 214451188
731435463 544157409
365663812 122310974
209285777 39076970
268949786 65151402
402121845 148735018
691255799 466050340
777834142 720279521
776853689 711358468
777517850 717260478
671760749 434892630
373431388 127702785
457913830 194324641
616797530 360039847
440457829 179384778
126070759 13650807
674071293 438426968
709789693 499188073
741193988 568019589
763766370 638410127
574469298 310131443
64365329 3240102
766671920 650713917
764509382 641413545
372686933 127178958
87163602 6256864
329037627 98494414
387379052 137717915
714341615 507987110
759809198 623434059
570417103 305617926
636229870 384834959
778276603 724800271
512507942 245317679
723725511 527252594
677876888 444345588
36995818 1011193
293511464 77863730
765591568 645948481
753020049 601205107
286415635 74068852
619466404 363369753
775869472 703340895
474827162 209474454
189225175 31842389
752892177 600813899
74172008 4425879
577887815 313978436
212827989 40427327
536114912 269080184
634619059 382724927
389576566 139329976
772105655 678140907
107242387 9697748
680309041 448179913
325194701 96143242
635116832 383376315
393073179 141914520
372129798 126787729
381333240 133329994
531735414 264591290
21474432 339363
758262622 618076423
766572175 650266929
645683997 397440594
528505162 261309102
87464694 6303777
132811759 15254543
410156400 154918186
415303631 158950855
731407643 544093747
670892989 433577376
192535249 32991059
611109093 353032747
117638107 11785994
769251733 662879110
128849585 14303283
755095094 607676236
159993927 22541221
779928035 755189676
683707018 453602502
286797095 74270694
701573693 484067980
279721889 70584307
779962482 756867391
118762322 12022932
752454326 599481106
773862511 689070369
512253083 245067132
75950249 4658127
313356054 89051347
774343019 692286771
674931019 439756614
299017742 80876932
478078877 212463621
734792289 552010003
482520122 216578371
775962653 704057528
60134492 2795246
636178242 384767213
613679985 356186104
59108476 2694133
176249000 27545495
601093020 340904707
80970295 5339898
497909090 231135475
496628201 229906105
778866059 731928351
540880387 274008121
738072719 560068364
76780469 4768450
646465366 398503251
775838055 703101002
775684750 701943489
616004237 359054867
239537884 51379728
761647278 630176188
747485041 585031659
42310259 1348493
615780322 358777437
715743415 510767955
354422386 114727882
651184039 404994383
288034852 74926760
607001068 348026451
278684984 70051892
22095202 359449
779149672 736302085
469084221 204250922
749722309 591408125
490061238 223647748
617388890 360775479
637277417 386212057
479215612 213513147
722343815 524318842
561519948 295864802
742448596 571289262
564942911 299590684
780023313 760703061
291710898 76891393
69268420 3809094
404162026 150295304
334346652 101792164
204060768 37125651
730689689 542457173
99798456 8331384
263478915 62467038
92008747 7021880
224401840 45001654
778795255 730948956
542348621 275535771
639489279 389129526
379664716 132131645
715433997 510151396
692283466 467791364
775220029 698483142
726462353 533132679
751008921 595166553
652166075 406363522
780039639 762113194
672438052 435923832
776655545 709681408
434786566 174662144
768320659 658335304
650665459 404273656
51041832 1989301
228753893 46791090
330008420 99094323
778092470 722880769
85423560 5989635
406721843 152261765
389995650 139638690
767728276 655529258
392291759 141334847
250876564 56471614
779382769 740424826
406344646 151971516
778559583 727956838
780063815 765113852
743591504 574310245
650812800 404478144
732244928 546019528
672754898 436407278
608111050 349376345
763541192 637516000
151083632 20010653
560435296 294691550
101772454 8682540
210776740 39643295
484769472 218674909
613502601 355967900
674715580 439423047
180187500 28821240
171347271 25988716
764805451 642631982
637848272 386963899
615033787 357853741
582104810 318770198
565893550 300630850
638387274 387674146
108654441 9969809
207098630 38253624
347875043 110417246
754895172 607040780
704717048 489769636
760656417 626473792
565371120 300059107
120727588 12444908
775056493 697288994
84132062 5796635
780009610 759676233
507171386 240089965
33465451 821142
725099423 530195936
746419802 582043080
246900104 54646445
767962533 656626615
779055694 734799197
559869632 294080948
774758243 695176037
29126198 624478
253284470 57597077
651975213 406097193
37198126 1023347
762240095 632439577
259832941 60705664
544966376 278269105
279896341 70674169
744440673 576594815
584439708 321439895
305049350 84252385
742588458 571656715
52216725 2085053
34669927 883270
468357751 203597524
89554347 6631490
386808857 137300988
688809377 461966151
735059467 552652084
209681746 39227109
369754802 125132707
114372651 11110524
330928850 99664206
706934366 493838624
752710476 600259515
420728377 163250080
757734978 616306218
589102466 326809509
69401918 3825466
538600333 271644730
779990914 758441349
701162233 483328286
438990436 178157672
776033518 704607147
26177124 505012
169934027 25547725
728230996 536996692
9674463 78607
315859410 90526190
449227060 186811708
630360748 377201933
779257375 738129442
356601784 116178772
779231727 737690681
395270323 143553100
702985542 486616528
615493731 358422583
764011025 639388115
768396152 658697922
777569697 717745554
320864467 93519610
779883040 753227810
609072655 350547629
655751493 411410185
614840073 357614595
198688634 35167694
325874618 96557455
402651344 149138848
766289399 649010592
200159775 35700552
333562540 101301818
196539685 34399867
737303744 558152545
257920939 59789021
767310993 653605409
242139857 52518583
767232050 653244983
502520430 235577905
85077382 5937078
264354761 62893715
673992643 438305782
617688522 361148391
707915267 495666481
144671232 18272647
2068391 3848
735662660 554114290
285194241 73426169
35217773 912424
711274938 502002938
539343613 272413341
716569141 512419102
340516541 105680117
606869631 347866776
491111003 224641348
165133714 24076757
445719317 183822172
218021863 42448986
12444892 122447
766264698 648901065
20778637 318399
205306450 37585505
775332030 699311564
502308568 235373155
317037526 91224980
764723431 642293838
640010178 389819127
274377522 67863772
266461820 63925273
767623144 655039991
185896786 30709567
510987099 243824077
313952692 89401582
376563348 129918732
730755590 542606243
55602509 2372180
659281935 416445669
253998185 57932079
779994589 758669561
778739364 730202876
231000386 47729744
114587625 11154305
773724055 688169153
141638090 17474881
713239099 505821528
612257020 354437967
663464083 422510914
413723458 157707778
751396648 596309380
39200939 1148633
394360333 142873290
2704326 7012
237375637 50443720
547082924 280485979
762513831 633490307
583176791 319994711
357862593 117021783
44397227 1489590
657940343 414523018
476946688 211420655
738088184 560107039
774136839 690883991
367610223 123649639
400411697 147433208
44658302 1507615
768127621 657411052
304506535 83944363
730313999 541612149
764363599 640818193
766407292 649533422
347734617 110325857
168379657 25066815
504399031 237396054
467358348 202700741
653639736 408430381
487858473 221568971
22723047 380490
667971647 429183476
394649237 143088995
503604284 236626291
179457658 28583353
1450464 1583
622008523 366566493
762686970 634158952
442667594 181241951
100075498 8380264
479962671 214204256
678504133 445330614
547812338 281253047
319294851 92574460
262505558 61994699
270152530 65748154
776734596 710346021
648061595 400681068
620765802 365001093
640640790 390657414
568260304 303232401
261173452 61350577
558652348 292769008
770486030 669151192
732261640 546058270
463502347 199257651
383647155 135000741
557353429 291371489
553532896 287289777
744989861 578085578
631341656 378468211
247273132 54816167
562050159 296439713
19257330 274918
551338687 284967485
366311013 122754904
557622822 291661282
32006337 752584
698738626 479004661
745420729 579269770
405572477 151377941
21157820 329612
376841276 130116064
70908628 4011911
766176350 648509696
779316870 739198736
478871703 213195248
713476088 506286140
743095354 572993359
589932323 327770001
344219541 108052401
736768870 556826112
780069817 768043185
689994883 463937424
771697821 675801162
765291119 644662523
491782258 225277201
778466662 726881168
253801904 57839923
731502937 544312051
228961133 46877458
649520588 402688553
202405749 36517780
148054036 19181868
35437769 924331
758368855 618435481
422599995 164744983
572373339 307790360
740826874 567071211
400040783 147151181
10424926 89423
49863882 1894817
226949720 46044787
356901838 116379218
63517296 3147223
699759945 480821619
565115599 299779532
514154359 246939617
777635815 718370346
742831848 572297358
173485159 26662329
780018896 760362645
759522767 622424179
485070306 218955849
745355430 579089810
631980090 379294082
745180360 578608042
710567285 500657705
555066634 288923519
755059851 607563969
75735229 4629781
298202086 80426915
619009496 362797628
339491731 105029868
739843722 564546820
688383712 461260060
571621503 306954143
703325764 487234123
779973900 757468056
194188263 33569774
272979657 67159483
600804960 340560401
703130942 486880073
425276935 166891974
593644859 332095528
640450475 390404235
82735931 5592600
716746309 512774675
141825595 17523453
359489469 118113674
754444829 605617829
298435716 80555664
276569882 68974586
202750635 36644066
557832760 291887120
705464593 491135593
676693237 442492330
385409475 136280376
474517813 209190883
771886367 676875224
584302703 321282825
573071054 308567768
218859472 42779843
586587326 323908382
597893323 337095011
702827010 486329718
260221967 60892600
718010914 515327857
594739708 333375914
746522777 582330204
357282183 116633390
385985276 136699920
683038492 452529599
493945293 227336628
714007470 507329567
708604362 496957822
68102177 3669123
716431208 512142547
645039078 396564815
453044369 190095069
739287335 563127177
629537404 376141232
390882832 140292909
535964748 268925468
170738236 25798257
670444948 432900102
763675419 638048286
604046148 344451598
377408622 130519504
628096487 374294543
778809904 731147745
235195381 49507321
692747660 468583471
265188986 63301331
750476076 593600507
683642225 453498013
763198359 636163091
736672340 556587890
662408619 420971829
91400507 6924076
27639410 562437
339774262 105208489
780003262 759228111
116268230 11499794
730346943 541686057
144533492 18235993
139002804 16799804
593335881 331734539
94854133 7486601
615696422 358673525
772765782 682101841
714257453 507821266
752008233 598135162
777451136 716639947
563291435 297788297
453727138 190684613
422959602 165032852
636481541 385165286
482646824 216696336
760932673 627492632
665233213 425116034
516246979 249008502
614287365 356933824
322051465 94235816
29611720 645553
769677756 665000303
766599403 650388812
303472791 83361314
104413848 9163322
63146656 3107607
779509475 742905273
164177086 23787522
508914246 241791917
165571333 24209278
353751566 114283327
614030965 356618113
682818523 452177534
23989094 424397
149678026 19624437
780060195 764485661
767206275 653127498
104787594 9232855
717536803 514366073
726557316 533338238
414735835 158503864
331203065 99834137
767477195 654365212
645398883 397053102
252439222 57200718
127538487 13994291
170846003 25831863
284650058 73140863
268454521 64906223
454851573 191657981
451654957 188897307
582671413 319417179
103267321 8953638
779463140 741976400
37644916 1050844
598006239 337228947
83090245 5643970
658060370 414694299
659945242 417400735
765222362 644371638
364575471 121565280
749814188 591673993
764419162 641044915
764991998 643405807
774707809 694822487
641644026 391994637
698069376 477818268
407157150 152597268
204384735 37244970
283238446 72403331
740564450 566395254
679838189 447433639
597331353 336428718
317579036 91547032
279467931 70453687
689313826 462803755
195110113 33893948
21280863 333299
620714500 364936589
334818245 102087356
65934088 3417345
692649057 468414766
500792571 233910121
776868610 711486040
754171941 604765089
650158917 403571697
11527164 106693
592425652 330672283
702336342 485442708
419923221 162608477
697861305 477451261
736338973 555767738
763929175 639059120
174425050 26961188
208198562 38666838
430482906 171126220
654342992 409421584
455796817 192477961
721397139 522324598
225147348 45304774
652699381 407109635
710840936 501177003
644836260 396289640
393773565 142435588
61114254 2895245
446161813 184198068
302923313 83052029
758447771 618703352
96766449 7808203
750344017 593214354
774242625 691600595
758799119 619905162
87656453 6333728
728605115 537819800
689868713 463727055
776098693 705119404
350019358 111819099
216391853 41808636
215752444 41558050
363848542 121068462
495476196 228802004
186207579 30814025
645316275 396940989
653314862 407973150
747724651 585707484
199251181 35371184
553433133 287183621
294276481 78278845
432580283 172844158
141317920 17392106
730067815 541061066
193274796 33249342
752277052 598944949
780049827 763161989
85788425 6045275
595459745 334220579
599028301 338442521
555893601 289806511
685698260 456839383
209605238 39198083
776417351 707695822
779077091 735137315
124725577 13341965
174937424 27124776
377758909 130768669
707232979 494394122
469777876 204876854
36165839 964127
770941433 671587459
197417012 34712355
776619522 709379670
215258503 41365668
694458143 471521587
148936618 19421960
759374105 621903334
318217504 91927923
779659531 746329210
678215692 444877549
172655386 26400067
527904274 260700940
277787338 69593609
681203116 449599962
211499911 39918680
338514962 104412619
564404969 299002746
698552931 478675070
779933131 755428775
228006208 46480803
110251979 10282106
779707754 747574372
494992816 228339158
290015648 75982305
184180627 30134392
18819999 263020
7019274 45678
779842702 751686450
542639694 275839242
92714986 7136032
691477175 466424106
447319438 185183686
154227597 20884073
96418802 7749087
570629642 305853328
762433526 633181190
78281412 4969708
729285333 539322365
66190172 3446818
481519470 215647694
460991720 197031934
545926687 279273365
247571194 54952119
729724493 540295634
81086121 5356096
332056349 100363825
408184601 153390281
162463959 23272257
660314509 417934115
179208906 28502505
525290235 258060234
679116801 446295301
371638945 126443994
488794733 222451381
644374577 395664582
683555148 453358019
371402670 126279007
637552183 386573914
735237359 553081329
539084052 272144630
586237202 323505334
227804746 46397545
86722429 6188590
509459453 242325990
437460604 176879466
752650785 600077822
657283269 413585813
762051218 631716967
49300378 1850965
779681588 746885012
242691724 52762276
305449900 84479988
493097558 226527428
31536969 731024
510527249 243372950
779736252 748373774
423263455 165276177
654384991 409480809
130109183 14603009
779326729 739380076
778613728 728608984
706000632 492117387
229424226 47070620
360080089 118511152
661252022 419290747
513647575 246440141
704158241 488749842
755166275 607903138
623389218 368310010
72780585 4248058
405861571 151600142
346726815 109671090
117565949 11770869
490428279 223994743
759548978 622516389
780051559 763356104
543800420 277050949
241780352 52360087
584051340 320995017
413371272 157431457
264868873 63144824
334062499 101614350
630755908 377711882
370482344 125637554
348714529 110964326
641875471 392303536
523142381 255897042
665447016 425432018
140421175 17160818
752171584 598626360
727936452 536350128
575495778 311283392
703046363 486726745
658769227 415709316
501862903 234942701
170242076 25643600
776945743 712148777
775903595 703602779
121649169 12648280
777265743 714952825
676035689 441469453
389856323 139536025
646657965 398765330
772880336 682805177
711818458 503050326
755498303 608963969
244051212 53365366
692176312 467609252
761901337 631143986
475593360 210177311
763632154 637876169
45461671 1564266
436116778 175761732
293988699 78122670
110839309 10398559
756760892 613072732
761960865 631371541
692412727 468011381
780052068 763416539
155952882 21372833
739506667 563686220
453515958 190502080
177648082 27996687
110191530 10270176
691552188 466550804
771441713 674348837
658283453 415013353
590307158 328205221
243065622 52927560
258707562 60165779
608760438 350167156
252929825 57430719
492093164 225572073
246559623 54492124
40309838 1219236
348335758 110717375
120958126 12495408
321445464 93869860
335375058 102436201
271415163 66376344
51680283 2041192
719305465 517980350
283121183 72342431
749168866 589811746
369424868 124903978
579664053 315991681
388495464 138535709
774947449 696508964
172064641 26213913
41381103 1288166
20267773 303496
652531661 406874763
779289881 738706787
577573749 313623832
329656820 98876947
767411998 654066738
222721220 44321916
564635708 299254755
403785179 150006483
698765694 479052720
768559999 659487862
529375630 262191311
219188275 42910134
127986502 14099616
719174732 517710967
193802463 33434324
682642380 451895626
722224762 524067015
594459973 333048289
588047253 325590928
97681566 7964615
600489118 340183324
57241865 2519066
779140663 736153779
448974175 186595460
520237219 252982220
755741260 609745243
503318082 236349392
601955951 341937449
621546125 365983595
155657252 21288736
412343833 156626504
597685821 336848931
613873776 356424599
240880334 51964662
472626146 207463983
503814694 236829948
175549822 27321084
778939995 733007290
327640357 97635560
264020830 62730892
182787459 29673397
769421354 663719844
693625744 470088202
779877078 752993698
648968017 401925474
342871740 107185937
158614975 22138547
423130334 165169552
313635973 89215637
480565329 214762187
605185472 345827122
171736900 26110854
610463473 352243961
233775434 48900884
121324172 12576284
708781516 497290379
731781848 544951875
492663416 226113816
771959193 677293375
531428756 264278987
694750046 472026888
779801621 750324884
778209273 724089164
1906012 3195
706568900 493162892
667352995 428260930
574282886 309922617
517901652 250653318
391788708 140962337
617562801 360991859
778857971 731814212
194554681 33698541
574768859 310467080
477909081 212307086
567711921 302627360
780068416 766888507
110913501 10413307
734202117 550604536
15633336 185008
773412181 686152714
459031723 195304931
721850307 523276737
665635248 425710641
777537826 717447309
767835572 656029498
776302365 706748981
169594727 25442441
676948074 442890743
66953181 3534856
773773507 688490870
336163407 102930629
24112515 428806
653125370 407706882
43007464 1394510
769525828 664240300
598726108 338083558
430842413 171420313
350684873 112256985
330583849 99450525
335906353 102769263
777932298 721260910
556791455 290768428
767155652 652897566
428110169 169190154
165001935 24036864
549024241 282528753
732588292 546817202
744138910 575777947
228836059 46825323
103799493 9050664
693793831 470376449
440727732 179610787
713647947 506623429
780047257 762892688
522053359 254801881
566370900 301154009
334441283 101851387
741936177 569947325
707048633 494050853
675798935 441102083
615239513 358107902
649938789 403267086
350363767 112045562
757500435 615526106
671607158 434659191
737956070 559776901
673214722 437110481
780007436 759519314
744511238 576785923
102308829 8779550
10845406 95688
716047626 511374703
558395962 292493089
650514563 404064388
596257676 335160647
778760448 730482445
629791348 376468084
166333053 24440689
340809295 105866841
563481331 297995248
476538437 211045279
439881524 178902609
571233689 306523205
723337824 526427306
438364674 177634687
306791232 85245142
151891836 20234004
64716630 3279202
496022310 229325095
249619352 55890168
649076014 402074570
669431164 431372323
771106705 672485213
780028147 761076587
384042522 135287571
769993221 666596128
778405154 726195302
10761525 94412
352796452 113651154
591199136 329242699
580702455 317172091
203707369 36995593
767880984 656241292
255238590 58516581
186942950 31062741
122931412 12935039
649674542 402901525
755114829 607739142
456406239 193008308
487235281 220983519
253548727 57721070
328750179 98317071
635513282 383895470
24488491 442249
224028118 44850317
630092017 376855489
545475150 278801033
183362772 29863174
114057515 11046452
494222057 227601394
687268142 459415119
654509900 409656997
382219597 133968474
522784981 255537512
642197253 392734002
426012206 167486451
717244042 513774724
182503270 29579921
572500733 307932153
734098367 550359187
706777440 493547800
617112856 360432074
193672491 33388716
661445444 419571050
740096676 565194749
579955324 316322384
703590061 487714973
777814525 720085031
383397538 134819814
22602664 376439
599426607 338916106
773133206 684385613
222390510 44188523
164645878 23929079
486849874 220621934
113323574 10897600
237914638 50676556
649265820 402336694
680967433 449225400
36879081 1004353
621849115 366365455
342142772 106718781
541039831 274173786
607604466 348759969
717630776 514556121
50690723 1960843
209029716 38980050
139293412 16873545
504661857 237650856
762573700 633721192
732295358 546136526
57542287 2546677
779493195 742569763
390278680 139847247
721176487 521863112
56097207 2416113
693253376 469449738
461826582 197770373
779172402 736679328
319456607 92671807
768682678 660083579
508080924 240977212
120425614 12378910
756053432 610754529
321179202 93709320
672340052 435774402
729345573 539455694
774043237 690257251
404695104 150704028
664387260 423867837
451469099 188737337
138435649 16656430
639666389 389363615
732398773 546376555
580920882 317420695
298711138 80707636
740217714 565505030
455020326 191804331
753118282 601506206
383026237 134550826
502986794 236028947
4159563 17693
295638393 79022241
734329854 550906621
178368526 28229695
520545027 253289647
208563616 38804122
237622965 50550550
486808436 220583075
770511731 669286762
751294141 596006714
471972035 206867728
183759911 29994744
354045685 114478188
691873420 467095465
611422356 353415666
737688234 559108884
779312375 739116184
689608168 463293027
715906830 511093784
705168511 490594248
7999507 56749
58103706 2598829
702633684 485980210
410983053 155562503
486535312 220327076
355050391 115144400
230156918 47376650
392638606 141592016
207371006 38355879
544437456 277716422
226135095 45709723
242357700 52614716
252647471 57298310
459381488 195612227
780013072 759927759
323417607 95063562
252054357 57020753
266304105 63847775
675374067 440443259
508969625 241846129
543504026 276741388
464604205 200238310
282750758 72150106
763024427 635478837
17758484 235904
226688646 45937354
335730010 102658647
405056887 150981777
428688571 169660780
106107405 9481556
772089418 678046638
370731293 125810752
231443313 47915371
611638580 353680235
580382807 316808464
759714885 623100896
259433041 60513758
754313458 605206528
192075064 32830605
771558547 675010123
696703496 475422404
275348710 68355188
761495206 629600362
43407064 1421447
699057417 479571356
172442143 26332809
549347867 282869537
638912223 388367022
434485726 174413786
45678367 1579801
604601682 345121833
601712816 341646248
738630261 561466122
344450685 108201262
20453519 308871
656676586 412722755
736243685 555533899
544122000 277386874
155113068 21134127
189590443 31968253
37860405 1064284
156316539 21476360
178617656 28310487
147336199 18987455
771187740 672931917
613007863 355359879
776739741 710389629
445997078 184057991
779009866 734075642
357557766 116817712
592934585 331265925
47720752 1730309
595287593 334018451
501159097 234263570
168163229 25000404
315582970 90362724
675618068 440821485
222495128 44230702
342637421 107035691
772162419 678472361
726184364 532532939
239512923 51368882
113696382 10973120
545770767 279110248
573941695 309540543
25345157 473616
700460967 482072440
587153376 324560275
363656413 120937203
289778928 75855683
552492913 286187217
547453734 280875872
97942073 8009264
342490174 106941324
476715139 211207736
29859016 656358
765046958 643635532
244650820 53632606
267646856 64508090
188763409 31683696
454499628 191353052
730866282 542857256
19487381 281245
736903617 557159555
452202145 189368536
709111986 497911721
622257141 366880091
303290406 83258586
681788143 450531054
443015475 181535305
146570236 18780863
406152043 151823423
427264494 168502623
206410447 37996453
779748600 748727497
186574063 30937880
346145268 109294213
682268072 451297014
621288919 365659635
86506828 6155372
166581097 24516177
46484141 1638066
137045225 16305714
485986227 219812590
569493022 304595173
378035489 130965864
776277001 706541412
752512488 599657413
207902118 38555356
644585375 395949868
219731755 43125892
704286780 488984208
773566943 687150039
240404371 51756956
579555054 315867956
429741079 170519962
779209841 737317413
772905477 682961228
735388693 553447698
520660926 253405573
754259557 605038370
746939794 583498257
708316652 496418065
272044642 66690551
777387683 716054857
110605279 10352151
481077236 215236876
772379640 679761126
743455713 573948580
445113573 183308347
145858732 18589783
46721022 1655349
541543488 274697729
40430781 1227004
205147208 37526522
125747481 13576248
779332947 739495331
53639291 2202977
716192940 511665254
419400127 162192589
159632908 22435604
90293726 6747790
540218984 273320992
92360752 7078759
633536950 381314690
444726972 182980885
637098152 385976010
766801547 651295718
457519577 193979732
3882063 15429
627473250 373498338
274987942 68172587
453942252 190870611
769125615 662256206
446429910 184426084
537169634 270167488
281435994 71469213
704542620 489451209
324133219 95497867
587596765 325071277
350599641 112200839
322718392 94639665
780067825 766504241
771986642 677451523
54179730 2248528
248582295 55413926
772520582 680608702
119411370 12160444
310642098 87467393
135454521 15906483
690121733 464149082
143622935 17994248
329338711 98680369
497425598 230671118
63687523 3165596
398154702 145722276
539595585 272674227
227297993 46188396
467160695 202523592
672681803 436295641
3045736 9301
529589170 262408148
318769017 92258405
589409573 327164581
780015069 760075244
15434431 180441
220735471 43524854
772927964 683101240
742969052 572658782
669182262 430998377
447941220 185713587
712100349 503597211
435978578 175647225
603825260 344185182
538362034 271398551
115379573 11316505
643200462 394081894
631632626 378844496
69778798 3871909
683569558 453381175
159855296 22500631
435677884 175398450
775518519 700698801
77006512 4798650
74326482 4445738
306415905 85030841
352406381 113393374
602253940 342294803
734451272 551194689
240017509 51588423
746212476 581466197
663292674 422260571
31742269 740450
758415460 618593327
778733745 730129245
216671357 41918283
173022007 26515791
724518445 528947891
24917580 457783
15215539 175601
694568694 471712629
729121701 538960597
771240671 673225404
751534074 596715665
775471286 700346880
655086263 410470418
626164762 371829921
756201764 611238007
267877099 64621463
643430520 394391311
257601274 59636677
145157634 18402132
400751954 147692027
553271334 287011906
754691395 606395074
617862899 361365760
720626605 520717119
534314445 267229859
12827882 129246
461273943 197281308
779631410 745639055
588500293 326114043
93597212 7278865
603642239 343964487
236716077 50159630
667564367 428575949
463110575 198909705
647925057 400494008
553864611 287642944
506321294 239262317
422308861 164512202
499424693 232592491
433364684 173489619
766113293 648230563
558089766 292163608
380522133 132746794
115053722 11249623
107189488 9687635
775263934 698807247
374322507 128331285
764898670 643018377
526643686 259426185
288576128 75214380
779553685 743824368
81420841 5403249
60903599 2873514
632931232 380527276
510176936 243029344
311788580 88135123
660850522 418709179
70170669 3920282
368832185 124493786
327995149 97852993
737218876 557941734
134607834 15695602
496360933 229649759
778706546 729775073
337401408 103709694
586266340 323538860
681558686 450165653
754047266 604376846
778965929 733391023
302523924 82827949
759674695 622959084
628933389 375366547
492980505 226415904
444070296 182425516
775822231 702980554
468663964 203872582
678726789 445681157
773225568 684967794
760417201 625604763
703679702 487878167
780066341 765759934
777350933 715721350
728104953 536719941
779115921 735755830
729633032 540092794
683157032 452719385
38662012 1114530
733383094 548672718
397232590 145026579
663847722 423073763
709058452 497810957
766364057 649341642
701460876 483865075
512033894 244851844
127072980 13885120
8699871 65486
756671429 612778419
707755653 495368555
623022813 367846767
584680282 321715866
204840270 37412942
33144474 805524
652937564 407443215
605336621 346009914
489693127 223299809
777589200 717929201
290668663 76331711
770871666 671210559
419027816 161896862
640921293 391030930
657028837 413223683
779981883 757917393
216016504 41661459
496993137 230256177
599276885 338737908
33300377 812884
46032720 1605392
546777497 280165181
417573977 160743635
452708794 189805512
348911940 111093211
307135099 85442012
33983400 847643
742728572 572025413
509840423 242699456
451155010 188467111
554093040 287886207
610888165 352762766
687963327 460563376
711593347 502614847
702206938 485209074
738800684 561894815
142708334 17753476
128814625 14294997
113068019 10846008
750524864 593743189
516669272 249427746
477205384 211658596
168479051 25097407
573270876 308790740
261089521 61310090
399852050 147007759
214361801 41018026
387972676 138152388
686275625 457784806
706713179 493428906
774624230 694237364
780069157 767418426
11694847 109527
458500599 194838687
771061357 672237775
268129787 64746018
718630074 516591830
778621857 728709419
777216008 714509412
420428754 163011303
76498022 4730786
712890730 505139248
380239522 132543967
554697866 288530502
679311719 446602330
533865260 266769669
149961523 19702172
461372265 197368211
453365312 190372017
608012646 349256575
425532784 167098672
738718630 561688204
26007548 498564
777062225 713159846
466696507 202107684
774220703 691451095
128348046 14184805
234817130 49345420
45147386 1541916
312014312 88266828
300273144 81572860
213698981 40762063
640287418 390187387
555605688 289498517
509348608 242217389
362450223 120115857
762773873 634497422
308001685 85939063
747070737 583865876
28258370 587689
249394728 55786627
304839557 84133299
233206806 48658644
779583361 744491733
558986759 293129001
689411784 462966513
751791896 597486425
163516026 23588120
209990387 39344229
465784077 201291595
93319412 7233840
700716375 482529153
414115039 158015419
206862396 38165245
628788336 375180607
534133001 267043895
206571920 38056661
590634858 328586327
338878733 104642411
688137574 460851902
776334001 707008750
709953882 499497544
5707216 31921
698113269 477895791
749948237 592062629
779906880 754229860
699224195 479868005
625253005 370670744
738504387 561149900
779248899 737983748
125952024 13623368
734933091 552348251
610770821 352619374
773368874 685877107
121740540 12668544
654708869 409937700
752577546 599854961
726919784 534126080
737804621 559399116
746819944 583162071
150797825 19931991
244566811 53594986
538818950 271870620
426212164 167648415
230920316 47696205
410385547 155096725
231569668 47968387
585251322 322371712
679712816 447235304
463783544 199507823
308317274 86120630
628327075 374589476
705261343 490763977
741306941 568311998
778500183 727266133
365086626 121915270
719657683 518707483
777309082 715342411
695538405 473393941
562189860 296591299
722821642 525331102
327199981 97366160
603284220 343533300
467778118 203077077
591465689 329553232
769759263 665411157
587408629 324854385
238103899 50758366
634912541 383108867
399573438 146796241
95079384 7523989
775100944 697611698
769615618 664688902
467545664 202868633
644125782 395328433
755560738 609164609
134079182 15565173
151836866 20218774
431677466 172103634
340134899 105437164
684586964 455026307
457132577 193641591
495358247 228689061
135121561 15823443
762934131 635124821
403037451 149433945
776579092 709041919
776459754 708048015
88627073 6485826
595871602 334705352
718770517 516880165
156888778 21639529
14839945 167982
651730422 405755638
345784313 109060950
650423101 403937604
449490279 187037142
776670606 709807623
724984165 529948120
148779455 19379148
766096335 648155793
739561473 563825992
696846547 475672117
775372431 699611809
738961871 562301468
19785390 289592
726347036 532883846
77941790 4923930
772843487 682577892
262198197 61845801
779361977 740035709
145536143 18503404
330265773 99253527
533353176 266245232
657729404 414222102
710299669 500150904
776982946 712470299
642116842 392626303
165921889 24315618
504052848 237060563
122288651 12790781
483703926 217681193
780036373 761811037
779727922 748135769
642665321 393362535
599929221 339515201
690346876 464524893
60580060 2840266
236388762 50019011
165451490 24172964
498956001 232141647
620012230 364054225
332599020 100701201
514885984 247661967
716242449 511764377
642090123 392590554
659761330 417135676
760299535 625181345
93707664 7296882
196904756 34529793
667090391 427869795
435644895 175371161
779670393 746597636
780052618 763487082
116839981 11619019
746534159 582361959
477585461 212008798
201554078 36207190
744883877 577796845
120007255 12288112
200050363 35660839
416498167 159892841
469524165 204647708
273598037 67470730
724351755 528590686
671468950 434449297
302818351 82993099
99398382 8261218
110083058 10248790
652383383 406667178
726079210 532306223
90739996 6818599
751691306 597185449
771923170 677086422
485397335 219261347
64859371 3295138
566141710 300902781
447171554 185057697
98928358 8179644
690733769 465172247
160679217 22742413
661999619 420376374
780065472 765453865
769364257 663435708
259068889 60339040
734526771 551374102
460031554 196184756
360476251 118778510
526281368 259060422
53389525 2182179
752830767 600626421
454281868 191164547
772036766 677741061
378112904 131021177
241021457 52026409
451824229 189043054
746726260 582899331
682084366 451003337
73484268 4337650
717038476 513361324
196212201 34283653
664620594 424211558
189018332 31771125
320234938 93140398
394062950 142651342
764832123 642742290
525374518 258145198
473816246 208549745
205445700 37637286
760129747 624571738
727881799 536230199
600222018 339864466
777859832 720534986
418358536 161365518
773642354 687638893
161472758 22976911
487453972 221188742
769189749 662572964
7687975 53056
130830154 14775313
733967472 550049706
398707753 146140200
449456274 187008010
401174163 148013358
684802662 455377243
707415608 494734336
751464183 596509019
75333057 4576948
106305331 9519185
778017644 722121019
769483774 664030754
33709053 833551
432207068 172537850
554293292 288099492
779967446 757124451
223578575 44668368
538046134 271072334
664842672 424538983
192233593 32885860
437687307 177068717
340611688 105740783
779898131 753854057
407017982 152489972
576665246 312598829
562777562 297229077
116483098 11544577
161975050 23126329
747935660 586303419
677099035 443127038
708054876 495927377
517178142 249933488
417230349 160471525
371766420 126533131
494090095 227475145
746580631 582491701
724453305 528808210
777989232 721834163
60213445 2803186
525734650 258508586
666246062 426615287
775920832 703735401
78611168 5014370
450072570 187536794
16560323 206692
288400736 75121106
67235295 3567480
462043023 197962261
216196179 41731906
431147628 171670018
244981610 53780777
291349766 76697104
72159051 4169156
683893502 453903270
593757402 332227021
766015807 647801484
236185109 49931535
68981190 3774032
598400636 337697034
36515863 983735
779525394 743234342
684220664 454431894
123001070 12950724
351567080 112838806
576099487 311962024
132224730 15111792
195981644 34201857
319719955 92830330
98134146 8042253
324024680 95431961
745066686 578295279
203178621 36801095
776372993 707328953
722529005 524710983
118217333 11907668
778882157 732159442
578199240 314330744
599475660 338974532
52362165 2096979
753465246 602573323
459720469 195910511
745562305 579661428
757919890 616923267
674418221 438962933
516907108 249663994
770756233 670587416
279077892 70253222
768202406 657768253
249909392 56024057
654084435 409057032
568839539 303872354
670042987 432293027
711458259 502354922
772246382 678967066
230346010 47455723
614535327 357239172
755345980 608476825
726996874 534294051
296237461 79349811
489070517 222711714
770389885 668645397
777476698 716877289
764650052 641991467
396990954 144844603
167907651 24922031
398446935 145942911
678026086 444579770
701268123 483518474
624332383 369503268
556652942 290619918
81628093 5432655
659015206 416062475
524244875 257007104
609843747 351487761
73260688 4309178
771510315 674736391
593872853 332361924
106598804 9575007
711078765 501628844
140651086 17220044
686677718 458444447
250002567 56067071
570058698 305221179
661024574 418961217
54859772 2306801
530563863 263398325
373906026 128037424
759288673 621605659
485631768 219480756
211315966 39848606
104603018 9198485
732443567 546480615
168603928 25135917
768730406 660316530
748069833 586682677
650926081 404635601
663609336 422723885
87923535 6375579
233571198 48813848
125135815 13435689
566743890 301563418
744346344 576339407
82355841 5537504
777898237 720919323
625532453 371025719
523363496 256119605
768488458 659141935
276017182 68694054
450510927 187913381
470393555 205433294
749007579 589350369
537231402 270231225
464407977 200063604
39522955 1169063
229094518 46933086
423516964 165479260
604981361 345580484
631684114 378911089
773895826 689287708
609363918 350902654
136670703 16211474
11145390 100516
736809604 556926780
175858044 27419976
424784116 166495479
670660838 433226339
602462024 342544446
757950232 617024688
751104870 595449006
777605381 718081590
408443332 153590177
656838202 412952443
331802692 100206271
727555504 535514387
772035525 677733862
358856567 117688470
778683715 729485830
719815997 519035239
313051444 88872645
673168350 437039440
237054913 50305471
137305567 16371323
358477659 117434145
684889087 455518008
347421696 110122429
349469035 111457904
776216941 706056944
131813899 15012258
136120040 16073123
504389571 237386885
776079393 704967468
173859860 26781363
306102677 84852034
367185863 123356915
551979084 285643820
759071093 620848296
167040397 24656300
255734565 58751038
581344820 317903424
188560306 31614072
662206407 420677311
771127155 672597522
742916687 572520786
633103227 380750539
439491763 178576712
198240749 35006577
245257606 53904559
484069145 218021609
46204736 1617836
408972736 153999320
771388890 674052074
767388986 653961630
739356782 563303982
41988513 1327536
489434348 223055292
197276534 34662260
326830696 97140436
594199146 332743195
576962376 312933936
218985309 42829667
181319361 29191392
388185384 138308304
561007945 295310868
780065903 765592048
9341221 74073
397838905 145483860
392040985 141149121
752042475 598238059
519171492 251918848
764283780 640493355
653468063 408188624
774853158 695841978
559255961 293419130
114491185 11134660
245362673 53951834
636711879 385467887
779444861 741616743
375075671 128864646
778781071 730756711
345014673 108564717
265581676 63493436
778573870 728126658
506920736 239845763
640088716 389923204
776138693 705435076
779253233 738058052
143968783 18085950
486347889 220151451
748452362 587767440
777655843 718560873
698359300 478331397
572138911 307529462
776240250 706244363
375710444 129314267
27970541 575941
460615850 196700200
541723119 274884609
103570932 9008971
400320148 147363575
563772057 298312158
698971223 479418052
715281627 509848065
251806323 56904808
779307980 739035836
519446452 252193114
426924673 168226630
560193246 294430180
33548260 825357
765369726 644996086
169484417 25408255
567002244 301847253
675156231 440105606
685270651 456140440
646851253 399028585
325490033 96323015
700614629 482347128
571518655 306839834
388605137 138616164
79264120 5103492
444149460 182492441
623246500 368129553
706374211 492804592
759141844 621094278
299931084 81382983
766868910 651599638
152745912 20471051
259584953 60586654
779408532 740911847
755677911 609541445
156646112 21570289
372972511 127379831
589457180 327219656
131481983 14932116
564561310 299173401
166000822 24339621
773986466 689881915
525992969 258769300
475893073 210452417
588891568 326565914
702030127 484889979
550599955 284188434
178220390 28181707
739107446 562670379
442031116 180705755
262008639 61754145
610151039 351862694
277149199 69268750
471582260 206512497
149406836 19550306
198928074 35254165
738538008 561234287
771305799 673587086
217756442 42344462
178870158 28392473
210321843 39470192
521463753 254209803
740471820 566157243
569436784 304532960
756929884 613632176
777767804 719631019
374692336 128593153
354746497 114942726
683285009 452924516
585797389 322999502
49633547 1876849
761176528 628401362
748688395 588439241
512806851 245611959
292240751 77176617
540515608 273629115
335102805 102265627
462469012 198340227
147038707 18907033
780060039 764461213
710901958 501292848
779624488 745471478
697028907 475990645
59681700 2750093
421299513 163705714
745687093 580007111
778115404 723115745
569819212 304956125
120078922 12303593
433855456 173893999
46983496 1674948
298874622 80797876
759472877 622249204
778300817 725057246
272649882 66993817
761033697 627867493
717394202 514077703
396227040 144269976
12080280 116052
625847152 371425781
418678438 161619375
17914457 239818
763915482 639004425
550301810 283874291
179894021 28725465
532606168 265480822
66686764 3504055
372609594 127124560
361718484 119618968
668361760 429767176
442283544 180918330
739708597 564201572
648192563 400860508
612708327 354991879
328323878 98054670
212523738 40310505
705050931 490379430
157381877 21781052
751563284 596802731
458138286 194521072
154753517 21032291
260495008 61023917
616296347 359417006
397591329 145297129
61570234 2942323
697394374 476629935
158168810 22008705
762658630 634048885
687450834 459716458
757215218 614578737
290939505 76476635
772321675 679413957
60775554 2860345
157515204 21819350
627684346 373767950
677989780 444522758
718474961 516273622
428929002 169856847
462118712 198029371
659718964 417074682
616510669 359683116
443377367 181840549
271818588 66577691
333087099 101005192
210413026 39504849
209101629 39007268
728817534 538288546
248958141 55585744
336725256 103283702
719074639 517505033
724168833 528199192
392521678 141505313
626111171 371761716
756608926 612572877
761340505 629017824
70531468 3964909
116105039 11465873
770319339 668277217
165784446 24273895
779101667 735528406
703892691 488265974
771467436 674494011
199574241 35488202
337736615 103921206
99507893 8280331
680448106 448400461
730624731 542310447
766432938 649647330
723817628 527448993
160384151 22655679
331488858 100011456
395962928 144071728
361029809 119152433
524882149 257648971
680733170 448853228
730036355 540990677
199279986 35381617
779759014 749031044
725644741 531369791
62907281 3082294
267073999 64226211
773083152 684071623
777420331 716355301
149063307 19456481
746343939 581831804
633369380 381096623
774468662 693153074
555703615 289603216
67719724 3624023
50546168 1949202
50356762 1933980
718413222 516147158
468121812 203385650
673348831 437316040
143013888 17833623
686445845 458063951
721059451 521618885
720064427 519550090
136344436 16129439
43747971 1444800
351304351 112665407
765328881 644822360
633895775 381781759
778514149 727426673
52832196 2135836
757023138 613941085
779562661 744023747
269170507 65260786
749102580 589621722
482914546 216945624
345147560 108650359
722610911 524884451
400936238 147832256
735498402 553714481
521158656 253903994
779768956 749324651
668778056 430391528
735104909 552761345
729462722 539715192
458646076 194966218
691731994 466855612
207608660 38445128
429194161 170073156
775063060 697336618
743797355 574859606
778066235 722613962
736979579 557347731
647323982 399672923
390390205 139929502
737071402 557575432
775141585 697906813
777951214 721451305
657498796 413893152
745647580 579897643
140125820 17085351
574799358 310501291
674165960 438573033
48347128 1777605
755835975 610050034
770538230 669426555
780057949 764184438
535612733 268562946
352991654 113780337
400846532 147763995
738194150 560372278
396658810 144594699
736462212 556070291
14605878 163314
