4000
97885252 31764702
102358732 37240291
25017192 941310479
995426334 62402228
994565601 64426896
965971207 99997224
54229541 1670860
107997710 45529885
49049256 975122019
62362227 4451482
82238548 16647042
73682437 10484381
116058509 65237097
941142285 115453144
59212966 3211318
978705145 87808576
34566669 958849583
69909688 8209638
33745598 957653704
947645193 112490635
999889526 43676603
84456108 18457964
995887412 61271461
85441163 19294953
20993562 921029007
52483290 1241703
67288400 989801644
999664562 46112537
32437721 955648238
89792185 23237930
75519625 11696347
102454128 37365830
117172362 71399573
113460766 56792984
114881806 60931990
961012661 104014994
963998542 101644039
921222257 119722836
930914386 118532862
112570026 54545118
74639443 11109293
76552000 994867537
106990384 43897758
85477188 997983983
49335311 617201
115757444 64020000
999473296 47581531
117520372 75568788
950133808 111142553
103199535 38360138
985675157 79409868
988519593 75469651
111801268 52776985
93781305 27233715
3203693 88185905
975181670 91504572
41832723 967774194
110465321 50010356
49725426 681876
116214348 65907521
117211647 71723100
974371425 92309190
21002432 921952126
74466756 993907409
973150661 93488013
104618868 40332446
999237691 49159946
66002006 6131059
80060276 14955322
67994917 990255618
20997374 921535342
43353189 41346
81521012 16078992
85725711 19539645
95288817 28848829
46922158 287973
103066938 38181662
117518036 75513544
44637222 970726011
59747135 3406209
81854767 16341680
67586267 6938402
53955224 1598713
923243218 119630108
111176540 51443487
117508126 75292622
928327466 119030886
942574220 114872331
57325182 2571762
950880000 110719604
71541119 992385635
116608286 67788816
33937021 957934155
996491965 59677807
84102196 997604684
111654520 52455411
92556033 25964296
63653501 5020152
87822579 998573431
115469125 62935644
999971309 42237438
117187012 71518301
72937074 10011108
37387628 962603871
991020105 71492865
89988424 23426017
966771313 99305133
964968569 100844198
69782882 8137727
80711462 996525749
109961154 49033216
117341273 72919201
78545605 995704192
41718999 967651163
969690293 96719777
28332749 948620540
83961221 18045778
99712998 33924930
112752646 54989200
69091250 7750248
999698689 45812177
928192053 119054144
104394500 40012280
49239789 602102
116984424 70008677
82823398 997221741
41543772 2636
82961293 17227515
996535076 59558945
109677883 48498031
107544691 44785295
75819360 11899174
86476188 20192647
101942652 36700142
948564878 112001506
948388132 112096594
108631195 46603701
115351528 62514519
47969573 415420
93217898 26643085
86545419 20253482
103483165 38745103
107976170 45494167
106202914 42674226
117523876 75654152
988097971 76082822
113742560 57552763
936344220 117136574
22510240 933424867
26267521 944369901
940182886 115824433
998313208 53710822
117391761 73485535
92223204 25627185
952850954 109565729
28297473 948553388
113384086 56590469
112185569 53639850
979141927 87324412
82132192 16562222
95082064 28623697
103258055 38439308
83683170 17816367
58755860 3048820
940322567 115771287
115090440 61619637
55448232 2005855
113216057 56152820
114584079 59996307
995642825 61877310
971563440 94992885
109823900 48772694
945844803 113390135
48775363 530278
83064211 17310903
942434230 114930316
62663789 4582137
66191583 6225480
117299116 72503492
981300520 84852043
87025358 998380194
40235246 966008832
923350894 119622217
949797860 111330405
109254169 47715496
964570261 101174689
113289377 56342644
49370943 622849
98844391 32887005
114984654 61268057
108870657 47025690
116807394 68897218
112280480 53859054
64712293 5508053
991901954 69919428
56318108 981682697
111595271 52326602
997577082 56392560
108566294 46490571
96666655 30377356
80232347 996350409
90338296 999097348
993050627 67696535
996446002 59803693
63050493 4751313
958654439 105776629
946532585 113052289
69452450 7951016
66087460 6173582
110697534 50470193
111586431 52307427
27363858 946707909
968100065 98144155
997528929 56555698
53609490 1510967
75677828 11803083
115551234 63236257
25284569 942014724
46512880 246334
115188267 61949259
48369503 471015
116308251 66325504
94819690 999773398
117286966 72390072
76751459 12541930
73727378 993540362
64119232 5232347
66610901 6435832
71890830 9369308
999362428 48356554
81205252 15832898
113079151 55801836
107701654 45042050
997646424 56156706
113415329 56672779
85592782 19425045
66357493 6308464
95133374 28679379
86960773 20621727
88864372 22362585
24848125 940857829
99152384 33252181
78565587 13843357
924214462 119552699
97233345 31018725
55798479 2106916
63229447 987043646
85577060 19411521
83738752 17862177
963580247 101984902
50172784 762005
117521562 75597594
72142606 9521726
91936993 25339857
62817433 4649109
104207591 39748494
25646580 942909864
65446108 5857071
25116305 941572584
22383936 932929333
48019729 422235
969868211 96558380
62492146 4507688
957750456 106417494
97022347 30779284
31010088 953365972
996297749 60206309
98792131 32825204
112305815 53918056
105203302 41178038
90883418 24295934
980919615 85296985
92910029 26325286
94370606 27859279
106653466 43369412
969363243 97015985
88918240 22412975
49976925 726178
997962201 55043160
82883702 17164804
97983345 999963921
111067901 51219355
41590391 3043
65030666 5658208
62307716 4428027
70300874 8432595
52093277 1153627
113604815 57178803
965876012 100078507
76134851 12114611
113617919 57214103
63065757 4758029
109511260 48188792
117232362 71901197
998256203 53936651
110236414 49563376
71926847 9391061
112996449 55592886
98895103 32947042
936431812 117109430
102667933 37648656
117529506 75796762
938412567 116461767
81745163 16255092
961352385 103753720
930684233 118579780
81803272 16300934
110020138 49146132
90287994 23714943
39834530 965547937
81292038 15900265
922299756 119689191
114078914 58493020
106060912 42457686
106251224 42748069
922473716 119679984
44798582 111223
44113387 35311247
999643816 46287247
83317460 17516679
920827823 119725417
117251340 72068392
117259580 72141828
59685244 984418087
95945791 29572193
87749148 21332116
25780803 943232051
996806221 58789873
51747115 1078386
80089779 14977633
115289830 62298705
985612459 79492016
957560922 106549641
112538134 54468324
945029096 113779470
52920702 978727806
923974001 119572741
100015985 34292579
62155296 4362917
63944753 987548373
22718801 57999250
114297554 59130248
974716394 91969590
947326641 112654062
927862830 119109767
58665303 3016974
115675661 63702994
78828047 995815721
23532375 937069004
68409705 990520028
985427156 79734526
940787564 115593091
100542476 34938069
117537636 76034055
983361464 82361210
117565802 77372184
43603694 50162
100162692 34471412
999047023 50257174
94710352 28222469
999856100 44111466
968315458 97954185
104507386 40172976
927139937 119220768
964603228 101147483
989144072 74532319
114810892 60703380
49292627 610450
997816723 55560667
98807938 32843890
117542875 76202195
92994619 26412263
964438396 101283216
45684434 971788760
90310362 23736592
112698205 54856314
64939894 5615235
71299008 9014960
996836169 58703276
74238300 10845616
85033791 18946448
999531178 47167277
106276259 42786410
69840670 8170480
96351260 30023539
62945140 986841548
107848024 45282539
970097661 96348821
95444116 29019054
114511943 59775108
114286824 59098216
117226307 71848514
43834796 59534
91192331 24599718
116791179 68802745
996752038 58946524
105735864 41967033
57336586 982536472
47467024 351287
56728452 2385153
117527320 75739309
66569973 22472310
112597995 54612659
987142956 77422648
992427478 68928298
112940363 55452181
104465281 40112975
117557676 76762245
966559815 99488899
109529429 48222393
983061528 82733376
96021562 29656302
925767359 119397879
74796713 11213391
106503263 43136284
116836910 69072582
58695066 3027399
48493577 488890
72473391 9723812
110548119 50173802
72690960 9858249
81723592 16238093
945523175 113544763
63851825 5110241
954773064 108384866
104191892 39726457
957433158 106638509
67336096 6807803
74516844 11028397
82016880 996975033
45732001 178043
57027592 2478127
999383208 48214441
111749570 52663382
52712784 978539208
116714892 68368761
998708227 51979448
76638367 12463011
998918397 50943178
61866446 4240971
78416557 13734016
117549379 76424196
39302142 964922039
58197256 2855071
996427297 59854753
49477963 640240
111993388 53203632
111421385 51953819
44594997 98712
985825730 79210428
60183357 3570131
41232024 631
115278909 62260637
88056379 21612739
71439948 9098689
88772570 22276897
98260533 999973508
115072884 61560948
110060005 49222651
57481431 2621467
973459187 93191651
73606182 993478000
41590252 967511399
67080545 6675430
109153250 47531882
89682777 23133731
88332186 21867283
105056380 40963366
117015856 70222882
992651158 68494253
53332212 1442689
113708170 57458994
83624691 17768342
62208787 4385673
51794932 1088570
64278510 5305775
88809595 22311443
116020334 65077128
95907265 29529439
115630926 63533996
925695995 119405907
117293882 72454382
997250836 57465475
111616096 52371797
25535185 942639209
52986218 1359459
24007003 938507049
61550970 4109903
87068601 20718238
996945692 58385981
117567261 77672790
969037742 97309944
42585646 968583371
48525734 974616335
98439898 32410011
31709986 954494031
72649063 9832300
26380599 53776994
92308386 25713148
45111457 131788
99839129 34077820
23348227 57220132
101983156 36752378
69276597 7852656
73642010 10458312
110172929 49440320
66871592 6568123
68566409 22013530
70983833 992078256
115617200 63482487
109297256 47794518
61048104 3906574
99660624 33861568
82010942 16465698
22287663 932542556
56283729 2249878
116761650 68632645
47907958 407097
64658533 5482847
24672231 940379721
114508661 59765088
970419811 96052880
91978161 25381004
72609422 9807778
95629099 29222240
924129496 119559849
965501857 100396175
999222559 49251939
998571110 52604227
108061775 45636350
114615787 60093991
80221593 15077592
115985215 64931843
983280079 82462442
970540996 95941462
45686721 174384
117567516 77752157
966277394 99733702
114363512 59327602
64241381 987755970
82422590 16794013
68581647 990628737
72052068 9466783
77950994 13395003
100836816 35302508
941470108 115323378
106859743 43691832
42239700 12863
103832063 39224802
54649257 1783422
70851438 8750853
70047728 8288050
23785585 937856856
60554103 3712423
84056236 18124515
71004225 8840615
23509499 936996184
984556855 80860867
98233320 32168348
943348943 114543160
105661950 41856350
991998451 69740107
109017308 47286460
992131755 69490659
21424983 927681385
112504892 54388582
64099365 5223254
55951874 2151539
941776054 115201265
59909326 3466768
987671494 76690108
53919480 1589468
116319294 66376080
52880210 1334492
935458904 117403891
54953992 1866898
83257445 17467753
78926964 14109534
86216218 19965015
101493624 36126726
102317067 37185679
117499021 75112277
999590353 46727462
110631033 50337960
991754309 70190357
105525244 41652475
99469351 33630956
963846986 101767604
23591526 937255382
988933763 74851531
939755542 115984733
112419522 54185337
980303802 86008733
71683877 9244660
76421465 12312276
926210589 119347197
109320958 47838032
61935040 4269806
73867376 10604121
66310790 989161618
71651718 9225353
41022160 966890781
100322082 34666955
117384104 73391121
47837258 397612
999730155 45523277
79933113 14859431
111342458 51788253
71070491 8879702
954640023 108468528
982725617 83147067
22991917 935230478
97832248 31703536
61619375 4138087
90390351 23814155
104586764 40286487
64796998 5547843
50946885 912092
56058088 981462581
81699422 16219077
116168384 65708243
955691809 107799414
101654787 36331740
999954666 42617738
76193677 994708308
948174652 112210928
21026998 922981829
72554504 992926414
57447196 2610540
51962443 1124874
110648846 50373292
113686371 57399602
95335925 28900428
79640110 14639621
94401444 27892179
114994432 61300261
49771796 689768
114873047 60903628
70703743 991918345
117550439 76464249
68863710 7625502
90344074 23769259
66944315 6605354
50414675 807546
968422967 97859051
997117460 57876223
109898921 48914753
995154922 63050320
992975811 67847828
961859605 103359048
116093486 65385826
961479467 103655535
74967252 994145366
88436623 21964143
58975013 3126427
24377563 939563903
48173423 443367
68395278 7371279
112261607 53815197
946693757 112972232
117558456 76797358
57388554 2591827
42753803 24017
46167087 214374
21116561 924639459
946417234 113109329
942305200 114983745
93877036 27335022
930362645 118644772
94512184 28010454
56383475 2279932
62392097 986445052
79370304 996025775
978565632 87962680
97489146 31310336
114471257 59651569
117118786 70972187
116965007 69878289
91264400 999269738
94090532 27561329
64420183 5371512
111272510 51642331
962983530 102467845
112618825 54663153
77367178 995223318
944362813 114089114
109038351 47324251
50680591 858969
31283640 953809278
988589019 75367398
999816253 44607732
937578127 116741361
52621613 1273903
933769201 117875155
84574265 18556963
53851257 1571972
998402165 53341253
88680133 22190723
116311355 66339711
116069040 65281786
113309149 56393944
110872732 50821950
87172534 20811409
115233961 62105201
987816800 76484683
117318185 72688117
36969330 962081094
114310662 59169434
968354291 97919877
110537760 50153311
116851084 69158106
117412730 73751981
68180342 990374027
64354890 5341170
116942962 69732610
62759576 4623874
57516112 2632556
23139494 935761432
986687018 78047248
43185897 35955
50337076 976352393
62453918 4491145
968876401 97454922
40564615 966380644
97936851 31824307
98449057 32420752
64828751 5562772
922021301 119702015
115825265 64286649
79189198 14303632
64843974 5569942
974539982 92143462
117068746 70597270
993991416 65710810
947990751 112308596
109627269 48403795
116370454 66612693
117531694 75854710
30710289 952865296
44242692 79181
923505253 119610552
51084698 977047128
976686963 89967196
101766795 36474672
21062849 923807740
104096384 39592734
111878924 52948487
70890529 8773695
994846872 63774048
958412210 105951133
113996271 58257414
106235636 42724240
39990648 965728166
107571980 44829773
46808128 275986
992268744 69232547
999662335 46131416
983634977 82020406
56581648 2340086
996661287 59206915
70123339 991583154
88083925 21638042
967167152 98960904
996116582 60686392
27229251 946430078
115788314 64141053
25976973 943697395
943762551 114362140
60407939 3656150
117513339 75404042
51381654 1001420
89353798 22822265
920954726 119725060
107129247 44118198
70395292 8486812
116615376 67826272
113008755 55623897
90255931 23683967
58019267 2795924
102160121 36981434
115336805 62462780
60687746 3764428
79684836 14673097
61180629 3959576
54125395 979795163
994353559 64906287
116120283 65500506
109923052 48960632
83555227 17711326
44758769 108688
111120275 51327214
112485330 54341838
923000494 119646746
44396133 970479660
104409328 40033358
26407344 944677903
991654985 70371943
951233156 110516468
60789958 3804512
103577782 38874344
37469926 962705692
982649956 83239563
44523161 94409
75579479 994430376
89940619 23380089
105498577 41612930
95514842 29096659
111429767 51971462
81827672 16320225
45590555 166684
58917875 3106135
992788373 68222893
117333888 72844913
110145826 49387850
82108671 16543484
75994250 12018392
117551969 76524438
115142468 61794313
995468309 62301229
929558288 118802207
117555431 76666261
81261875 996718389
49424478 631373
42673445 22105
960024802 104767072
66923238 6594557
21101616 924414242
998274327 53865036
56998579 982255549
96318682 29987103
54394233 1714788
95293356 999817876
98145912 32066826
50609191 845044
46963776 292509
102280675 37138208
94739469 28253782
117532483 75877168
977194658 89438113
61366965 985697064
994629524 64280311
77853544 13324557
107091670 44058512
84572870 997740065
76171167 12139507
53506146 1485320
105026332 40919620
114761649 60547159
106616931 43312612
117023917 70279056
83308412 17509290
89610608 998953412
79530590 14557774
116503536 67258686
105103189 41031626
73891138 10619517
50322958 790237
86584706 20288029
975009192 91678386
113104304 55865970
117379407 73335191
53897240 1583761
83113415 17350816
116909491 69517886
117337197 72878102
996397184 59936794
68048953 7185151
77228081 995165140
116719602 68395095
100474430 34854187
116912028 69533906
47038189 973147687
44641883 101553
43538690 47729
59841135 3441272
105173673 41134661
96085785 999877390
972685905 93932689
942802713 114776150
108442169 46277432
104177280 39705976
952011650 110063090
976409251 90255036
117536516 75998798
63362983 4889703
939554364 116058026
954376772 108632724
972517752 94092842
931023212 118510614
67385227 6833358
22685374 934096680
101902673 36648821
92400360 25806215
84418035 997696173
117563240 77092411
7862999 78704998
105934787 42266585
936768215 117002726
111787038 52745671
21660881 929418235
988172918 75975352
42929021 968948908
85004438 18921406
928435556 119011362
939263640 116163397
105991787 42352813
115340456 62475587
73147867 993239407
60808266 3811716
97716300 31570188
23043821 935418124
93968771 27432210
46840704 972950101
964283242 101410897
38704821 964210073
61911105 986095484
998519289 52832864
47333950 335229
117561813 76984609
950024440 111204047
29242796 950302600
61056826 23905322
113339848 56474109
56541230 2327756
105285759 41299080
58529271 25004564
989517346 73955397
70799929 8720903
999424764 47925140
112379388 54090476
90668948 24085785
108096504 45694204
24546010 940032250
112782688 55062752
108613282 46572391
70611727 8611708
77124154 12803552
78007809 13436114
68180549 7255738
114215753 58887362
78059890 13473856
114680832 60294948
79294402 14381801
117102405 70846263
116568882 67585668
44147332 74408
112017825 53258394
929734455 118768147
113423665 56694764
108724369 46767022
111516657 52156448
8824196 77221797
112803443 55113652
56347704 2269131
41458155 1916
86480323 998245058
989614760 73803167
55557384 981035798
58279441 2883127
110738192 50551435
61167290 985549042
58340053 2903921
99881190 34128863
117357142 73083659
108850329 46989657
70341115 8455692
113347421 56493955
38553122 964027150
997693347 55993667
80976867 996619275
89534224 22992775
81025479 15693589
82740404 17049311
56194272 2223109
107460014 44647594
999804480 44743150
83875857 17975256
75619602 11763692
104048140 39525368
999724009 45582216
999106085 49923615
102928071 37995459
86350318 20082297
35988949 960815243
948872259 111835658
972963605 93667359
117400721 73597831
83354567 17546988
108359936 46137091
90494627 23915409
945901371 113362671
87604775 21200756
90409489 23832730
72356608 9651900
69043550 7723993
37910619 963247502
87795234 21374131
89312797 22783597
994123562 65418423
89623723 23077653
63118577 4781279
67127575 6699734
982571740 83334777
999997336 41286107
105075505 40991210
987657773 76709480
44493674 92669
45473087 157517
84211803 18253849
73354285 10274109
62049805 4318219
109455839 48086367
116354089 66536451
45543198 34014337
71296923 992251827
59953855 3483446
45013369 971109033
107295977 44383918
937070790 116905793
111700912 52556796
92523762 25931514
111896077 52986469
921699237 119712707
42586296 20172
45638238 170490
106584072 43261614
67725351 7012383
997204437 57610014
114869411 60891868
113174790 56046554
990612208 72187966
57111825 2504521
109592609 48339493
75137882 11440327
116670809 68124960
112708699 54881894
21007265 922220324
21145353 925050102
59626484 3361711
74921568 11296307
937363297 116811393
99401122 33549040
41135582 262
92620914 999493600
89318864 998894444
99517492 33688840
944513821 114019385
27501795 946989439
997331404 57208309
71743490 9280514
80413916 15224147
22143632 931937238
117524848 75677988
46384401 234210
117462671 74461561
115244810 62142440
117406758 73674661
108514492 46401314
999326650 48597092
117408397 73695879
116876986 69315561
108753416 46818139
976089136 90583840
82374884 997085042
29458149 950691290
67783972 990120767
65677334 5970414
92408447 999460007
965739525 100194579
83445052 997409945
53280530 1430083
37268756 962455849
21092881 924278038
114642780 60177292
111373236 51852729
89474859 22936555
79087998 14228634
100242705 34569541
98938709 32998690
74461934 10992239
107345027 44462367
52070505 977955215
68444199 7397690
111253938 51603719
92349111 25754323
64152736 5247692
68958727 7677470
999910341 43386696
93110175 26531339
43928765 63786
114222288 58906672
958924094 105581262
101271392 35845333
109177625 47576169
945258131 113671186
117054183 70492526
996153347 60591114
47169515 315918
61974297 4286326
101024745 35536304
989026582 74711012
115743814 63966649
106164114 42614927
963253828 102249701
988771374 75095886
943608532 114429996
116892942 69414376
44191149 76591
62948226 4706368
45180241 136414
101133487 35672065
117158786 71290279
102400804 37295606
113362673 56534089
81473966 16042123
96403655 30082183
68576699 7469367
43476012 969526687
117372706 73255864
112552358 54502512
23090669 935586798
57633328 982781217
117555796 76681806
49100416 580179
74058163 10727982
93295681 26723986
75354224 11585191
117364655 73163741
90279162 23706409
945693507 113463070
952240924 109928737
966118522 99870893
941945878 115131805
38311467 963734835
97265136 31054853
933563097 117928946
115911911 64633821
74750083 994042198
51701434 1068678
114853431 60840211
949418946 111538862
111969928 53151063
72025155 992645192
59363301 3265573
993176564 67441029
70949974 8808652
962918035 102520467
54127327 1643688
26738405 945392862
76371497 12277631
85685329 19504821
86805032 20482754
23812760 937938430
64567838 5440391
74708786 11155139
111931688 53065596
66130723 6195143
88961257 22453299
15006978 68137947
115111932 61691651
111538723 52204142
99746560 999999713
971212434 95319831
76192467 12154156
51824492 1094884
936639940 117043628
64396316 987863957
101462590 36087308
80603576 15369267
933864725 117850058
117096489 70801946
41103985 158
117466089 74517335
36540328 961537993
928030167 119081734
113503466 56906570
947870292 112372326
89103705 998850879
99443458 33599850
104560639 40249117
117133056 71084933
47587363 32267930
87526480 21129822
21158853 925234301
88560928 22079670
81989901 16448956
955240497 108089901
27624878 947239429
117221640 71808344
103528482 38806937
103668970 38999574
945754238 113433841
115106817 61674504
985150020 80096118
114122838 58618787
999436430 47842981
74565498 11060437
100036865 34317980
97345231 31146036
58151993 983202773
934310857 117729824
92809737 26222639
66962596 989589198
110395103 49872718
79225865 14330848
54112504 1639751
106098608 42514978
62537104 4527154
31396294 953990711
92150940 999418596
96579066 30278860
43635755 51370
953798568 108988073
104241572 39796222
113533650 56987447
78303143 995606812
999571187 46871892
113945100 58112351
90742750 999174536
79495208 14531346
65582288 5923685
116112319 65466356
93427925 999608908
56267115 26101570
82638976 997165602
100108775 34405527
45987377 198932
115949931 64787873
998543507 52726113
988715308 75180000
105483644 41590793
117496265 75059217
984363149 81106292
54142296 1647664
110809415 50694476
999998718 41174335
112092633 53427480
115063783 61530557
73809697 10566767
101514677 36153472
109745509 48624781
103006034 38099916
88787309 22290647
64978274 5633395
96678047 30390180
70509816 8552772
69555296 8008946
57566306 2648675
999175349 49529156
934394942 117706584
116775823 68713930
41814675 5545
103300004 38496185
980144381 86191338
116396880 66738092
88384526 21915789
99455536 33614358
56311907 2258356
50530771 829870
43743452 55595
53434347 1467634
979645644 86759221
991101594 71352649
112044874 53319016
73501321 10368041
88535059 22055586
92185423 25589146
44000433 67227
985089955 80174376
117234926 71923652
116925679 69621224
58417602 2930767
41852515 6009
78976343 14146009
57920064 2763230
75660082 11791061
73603052 10433211
76295805 994753710
101845225 36575106
95245443 28801397
60347463 3632930
69918711 991459788
109797973 48723669
22458415 933223704
97357030 31159471
94552629 28053660
53400855 979160666
117282051 72345167
64233817 5285084
999997171 41294960
42992781 30319
962754540 102651647
80239264 15091024
77041922 995083678
990082448 73058908
106357568 42911309
973055125 93579678
962062288 103200601
68770982 7574860
995578695 62033985
83245319 997349579
58374876 2915968
110488675 50056361
109128548 47487126
46658576 260710
103441559 38688478
108463870 46314571
963707194 101881525
21837791 930480330
100999977 35505447
85396820 19256958
932825842 118112721
115410334 62723217
56668779 2366749
951003327 110648788
986476069 78334707
47030377 300010
99333702 33468300
81725291 996877756
986229200 78669650
117442729 74162152
116868453 69263557
960771313 104199395
970737986 95759758
99564353 33745298
51023770 927626
107517023 44740219
83824947 17933258
33250473 956907243
52538892 978381380
38966031 964522499
21001313 921874409
103353080 38568204
108242750 45938772
968052977 98185564
114112835 58590109
956855830 107031158
49149966 587964
994058117 65563244
117567592 77789712
50266028 779525
85829675 19629453
996335205 60105554
988329263 75747986
59862440 3449233
117259078 72137313
76042961 12051706
109070473 47382140
71031960 8856960
47146643 313262
89299551 22771115
42808422 25341
72097195 9494153
84274388 18306046
998079414 54616748
115216292 62044633
102430229 37334346
47587931 973695970
47202753 319800
49201797 596122
921465343 119718433
21974865 931175400
98634564 32639056
97394948 31202761
951425569 110404818
97724873 999954140
112739681 54957481
71574099 9178791
47869015 973975014
978423713 88119304
70958408 992063809
117463828 74480401
51674639 1062987
73075000 10097574
66317902 6288628
921536110 119716779
115758401 64023748
997613781 56267909
86869418 20540077
56774725 982068668
104988609 40864759
117048618 70452706
109652301 48450374
53180996 1405923
56504076 2316471
958580694 105829816
87305882 998449245
989849457 73431019
112084504 53408984
79332355 14410049
49621190 664271
57278477 2556998
989433701 74086039
72447467 9707825
81349778 15945160
107624544 44915696
956289134 107408499
113235211 56202279
987897531 76369419
998627464 52349281
63996651 5176287
56444457 2298387
65145169 5712685
70196264 8372733
48697279 974782396
984832575 80506855
81577643 16123403
113760675 57602182
999301879 48758497
974784867 91901812
100774949 35225668
69379915 7910259
103708982 39054723
115812435 64235977
69325717 7879934
69368667 991124487
115523432 63133589
28859413 949606140
981057659 85135975
112144988 53546970
103928197 39358342
993915264 65879124
935020064 117530575
100630029 35046172
87493734 21100227
42958729 29379
85783613 19589615
95255425 999814590
993303381 67182316
104727452 40488002
984237247 81265168
111394894 51898180
60194920 3574536
73704065 993528392
91144060 24552135
43659125 969717942
985921014 79083705
972169797 94422762
79148758 14273655
112104824 53455254
996694206 59113363
96307534 29974646
116520294 67341724
97741401 31599017
104346585 39944265
116536468 67422236
951137241 110571755
977957126 88626406
77638938 13169984
967017037 99091510
964702844 101065206
84179410 18226911
112861115 55255530
117304855 72558565
29609168 950961583
961159602 103902269
10528336 74685378
116855418 69184295
78264600 13622887
81782312 16284382
111770758 52709913
60741887 3785598
984500821 80932082
51139528 951326
21171575 925376542
58181636 2849836
930287112 118659776
74146963 10785910
115847231 64373954
99304043 33432834
117040429 70394915
74988132 11340566
115591731 63386999
114817384 60724194
87979374 21542187
112449244 54255954
936135429 117200736
90495921 999127690
74588052 11075325
996578254 59439697
25180636 941741695
59675601 3379798
39598788 965271640
42379860 15716
935956589 117255527
34766119 959137426
104269736 39835786
115577251 63332874
116727771 68440926
111222487 51538543
61139448 3943048
107823002 45241388
100882261 35358981
108415112 46231171
99021184 33096473
58169014 2845632
58459004 2945136
105419759 41496290
77580966 13128454
101337423 35928792
91347611 24753226
957915703 106301722
117377394 73311258
70239372 8397365
103632805 38949779
947722305 112450579
105242394 41235352
86227357 998181092
940465699 115716807
26205769 944230646
42927285 28521
43687388 53325
100944514 35436404
47062501 303635
999865702 43988490
98389287 32350697
98279917 32222648
84923937 18852767
104004242 39464169
46725345 267464
50219282 770737
980425172 85868938
116055045 65222499
946135898 113247879
41645742 3584
72273580 992777764
64195212 5267239
59117811 983973661
86636106 20333244
933110607 118043748
83572715 17725675
47427087 346439
99637547 33833666
117264606 72187050
112403573 54147614
953715217 109039132
108548954 46460651
65921500 6091105
63756761 5066972
63530447 4964626
102633913 37603555
66556975 6408618
117255235 72103027
97150447 30924556
46424324 972532730
97197371 30977846
75919675 11967445
61791469 4209588
41358502 1256
109374051 47935681
59111413 3174962
114489024 59705471
92003972 25406805
61559729 4113504
78801114 14016684
83019301 17274490
922182575 119695202
93734867 27184686
100356851 34709644
111468976 52054416
112815952 55144352
117001231 70122063
957971313 106262618
98292505 32237372
22077954 931642735
96131152 29778116
93085039 26505382
921031780 119724664
92752840 26164482
115036215 61438715
956390016 107341836
94159765 27634895
105117908 41053122
116531904 67399493
59483181 3309143
935586194 117366675
940594366 115667794
115875978 64489249
55502525 2021415
116366724 66595215
955799923 107729070
97074408 30838256
88950397 998819655
69200563 7810530
89214524 22691138
67815504 7060447
992783224 68233163
55738685 2089584
116004547 65011485
85416410 19273742
60131192 984762485
106430415 43023636
997020303 58168060
75762597 11860613
981691724 84391413
80005099 14913660
94457071 27951584
115841385 64350661
92479520 25886579
116382286 66668252
949552530 111465478
108956723 47178397
992629318 68537265
104964539 40829800
986354004 78500563
936959094 116941665
57879536 982981853
111147562 51383574
92704309 26115005
42300864 14086
999948633 42742389
21198176 925668441
80611772 15375547
926629816 119291904
999390511 48164134
93290704 999590120
76479643 12352652
44264061 80262
117446261 74212747
74008619 10695750
84974926 18896235
111903522 53002996
81912752 16387636
959365875 105258981
112941317 55454567
944456613 114045811
932406388 118211749
109565468 48289177
98719494 32739350
941826394 115180685
44868621 115737
46573590 252210
32452731 47072812
990702679 72035088
98525308 32510270
115175183 61904842
82129545 997010085
75749844 994508042
87847666 21421935
54674391 980274765
80776372 15501713
66258662 6258959
34155133 45238525
107281445 44360707
116738419 68500965
67627992 6960552
923565159 119606004
116122797 65511304
4482214 85283810
107530720 44762525
45386066 151034
108185654 45842927
983948140 81628679
116935102 69681794
74178608 10806592
116646432 67992063
117404397 73644476
965580432 100329575
60107775 3541450
993787277 66160556
98062050 31969493
21107698 924506379
115518396 63115138
950705252 110819290
994621079 64299838
111316125 51733253
106668488 43392793
46978561 294164
59708012 3391764
21040325 923366833
989555534 73895744
937224919 116856087
61675755 985923523
982050338 83964104
63307105 4864786
107771598 45156887
92027345 25430223
956724700 107119609
60588636 3725790
80349098 15174671
113401615 56636628
977829713 88763558
45459963 156518
108289026 46016865
998443294 53163991
85487545 19334713
97813957 31682456
57663965 2680083
91274379 24680752
23439879 936770594
77521757 995287617
82190126 16608412
956151464 107498961
110606735 50289790
87894782 21464897
109829447 48783187
117451857 74294206
26623698 945145342
34243826 958381645
116696410 68266135
92850158 26263983
96177375 29829544
42434228 16875
69940603 8227188
932598075 118166703
994168081 65319636
99926323 34183663
76535403 12391373
981884890 84162018
43790662 57577
110789421 50654258
117563880 77148660
42101453 968064419
970341683 96124666
73173453 10159623
117544516 76255865
68741766 7558930
921951907 119704847
106450463 43054598
27716967 947423791
994232825 65175584
96541004 30236147
75958785 994602525
116704072 68308663
79967181 996251352
55932626 2145873
84442101 18446243
109622770 48395434
90782712 24197179
114410677 59468962
112980720 55553362
986774357 77927879
114018747 58321308
74543055 11045657
921270274 119722221
935194985 117480572
115495560 63031672
42046164 9114
73959925 10664093
995050619 63297507
104659167 40390147
86420596 20143898
65828997 6045323
113076467 55795022
22625287 933867892
65522613 5894481
46217400 218847
929130756 118883131
101696337 36384651
91611389 25015142
86325193 20060307
76955892 12684989
117179490 71457313
80300178 15137370
965197868 100651973
80974537 15654177
51254157 977203931
114213692 58881303
67509794 989944667
42129640 10700
115397197 62676093
105363472 41413373
42070017 9567
62212661 23591262
50480096 820103
23292039 936284156
114910825 61026320
70146611 8344378
96221898 29879124
114444143 59569651
114376788 59367377
45976966 972083671
969769957 96647539
31894938 954789442
927367905 119187463
980234043 86088799
72023442 9449464
978867463 87629267
113320611 56423697
117267534 72213418
116680463 68178111
21715407 929752878
117288930 72408242
21388942 927385175
73400777 10303701
83406398 17589367
91212670 24619779
44705534 105436
950353534 111018755
22764259 934392696
93179732 26603448
99199582 33308307
21459316 927958945
100414584 34780589
32044613 955028483
77205539 12861166
44021481 68245
45936845 194753
81896780 16374977
116829599 69028536
97252324 999934571
65519319 988636063
78321990 13664805
983190099 82574056
117559248 76834204
110710894 50496877
939374139 116123397
55118148 1912762
54376585 1710073
73205034 10179576
30613551 952701920
83501193 17666997
41394261 1477
105909653 42228630
116376785 66642376
966931378 99166017
110515429 50109152
113796825 57701247
957113758 106856332
951590910 110308559
117565137 77278207
43205134 969241633
56993133 2467381
116175151 65737566
70570107 8587628
116413508 66818278
79902422 14836333
61717534 4178831
91730531 25133865
963111458 102364692
41338783 1140
76245441 12190627
81689120 16210973
74303301 10888178
87229794 20862818
996968174 58320596
65639585 5951790
62639568 986623150
102776104 37792312
942076363 115078343
72884187 9978119
65221176 988436053
41977621 967930721
103888973 39303814
60058538 3522811
48905458 549923
63418158 4914344
111355076 51814677
115803305 64199954
75083464 11403989
78629792 995737817
79009749 14170690
42833025 25978
110203869 49500275
117112396 70922465
116393259 66720675
115316310 62391131
86038235 19810031
944275276 114129405
107932711 45422238
74403852 10954077
946913682 112862289
48954928 557451
67942942 7128469
117216120 71761240
100456781 34832469
959643973 105052306
98355426 32311032
65649313 22698206
65943142 6101836
103626792 38941529
93541545 26981121
111914331 53027017
103903598 39324138
77328439 12948280
64218447 5277978
21932420 930972797
959474245 105178622
102015930 36794741
117559685 76856161
112340169 53998451
114661907 60236411
64163566 5252664
92376738 25782275
986556183 78225553
117140270 71142275
76759152 994959275
63478992 4941581
94250438 27731350
115017282 61375888
114835271 60781589
967854235 98360195
116978698 69970186
116902001 69470778
929390134 118834489
49823435 698746
73125505 10129373
101219995 35780479
117474711 74664450
62643332 4573230
117396233 73541422
106551648 43211301
32789857 956198446
94068988 27538466
74764763 11192194
54443868 1728070
72198513 9555687
930563292 118604424
83150970 17381296
86086248 19851724
953944404 108898672
89416491 22881423
115559673 63267561
944064225 114226438
107650353 44957918
957632179 106499962
984526070 80900085
53229502 1417666
117525883 75703485
103795770 39174584
32907154 956379906
59500952 3315651
84227541 18266955
21689321 929592984
100501994 34888148
95584635 29173333
966404410 99623732
108385813 46181077
89845791 23289203
72613091 992957398
81480817 996793936
94106867 27578682
83801024 997515985
108900206 47078102
88015301 21575070
932970366 118077960
96796222 30523328
59960598 984631076
29698029 951120008
67199570 6736983
114039704 58381069
105453173 41545709
116885005 69365004
71499729 9134305
82293760 16691098
89177165 22656018
53812069 1561958
971042175 95477796
1230035 93655513
48148973 974249379
105883163 42188642
89261351 22735175
58598207 2993536
56954278 2455278
61040068 985453920
26884531 945706407
67677950 6987128
115604088 63433312
93377924 26809811
90087518 23521427
75849739 11919828
54173470 1655946
91526988 24931081
116970176 69912937
114459087 59614791
72045708 9462933
68906779 7649053
90032074 23468003
88271661 21811244
21225759 925966917
41429333 1711
114010809 58298718
117359683 73110664
932087962 118283906
110578113 50233141
115537381 63184892
107788738 45185059
44566473 96989
943243392 114588700
111033822 51149409
50882208 976859648
52177675 1172241
101415178 36027151
985234845 79985586
117044981 70426922
990446721 72464876
966656767 99404663
76623534 12452662
45468335 971570499
92132946 25536351
60163876 3562716
87937513 21503939
112835076 55191313
998893570 51071145
65253088 5764151
64049433 5200415
113271848 56297189
97976859 31870660
992896616 68006520
61901279 4255604
105773015 42022842
116448293 66987254
981425904 84705136
999920713 43239369
77809445 13292704
110046028 49195795
52400851 1222582
107327554 44434378
67552947 6920862
59551478 3334155
103554276 38842173
117454539 74334821
77556403 13110878
91459858 24864472
109873319 48866221
65386819 5828343
96041212 29678129
55368597 1983207
117191351 71553568
40403493 966200300
988829794 75008008
89737114 23185346
117448064 74238703
84604998 18582740
104138841 39652117
108152628 45787756
979327193 87116993
66987613 6627539
990866361 71756646
57039665 2481902
114935305 61106135
96883112 30621628
110127193 49351930
92872001 26286338
100195215 34511292
29842147 951375628
969207345 97157083
94767681 28284147
952628013 109699550
101104422 35635712
27419907 946823111
997157671 57753163
36171752 961056659
34436136 958660751
949275899 111616953
999612967 46544062
117126933 71036437
63204634 4819263
110676082 50427478
21348033 927048394
49073900 576015
57751462 2708315
104843751 40655309
979600812 86809661
102887164 37940704
990017201 73163224
965059169 100768330
48074103 429628
50891605 900943
95177278 28727156
64614796 5462350
79254173 14351878
112859355 55251187
30391304 952323961
30267023 952110860
100897777 35378263
117352608 73035602
80370834 15191261
116744262 68533937
74848162 11247529
108033928 45589983
74277245 993814845
56134456 2205380
995291772 62724959
87250647 998435713
117435597 74061770
106906455 43765311
87595469 21192298
953545143 109143261
55710785 981166802
113194164 56096375
998002969 54895246
45453502 156027
114597335 60037107
999991379 41600953
73023193 10064960
42004110 8337
44322555 83301
100539757 34934714
68244282 7289980
70908201 8784061
30027733 951699649
64397321 5360871
104063144 39546293
80466870 996437084
953146444 109386833
66249985 6254628
116585410 67669749
52259958 1190594
960212075 104625304
52710515 1294672
57838312 2736482
107685481 45015521
77005219 12719668
934543506 117664997
115267611 62221362
117324327 72749122
42720878 968727429
116431024 66903121
22831720 934642476
68477075 7415456
976857213 89790345
72841043 9951327
955523339 107908765
65811235 988830239
116031763 65124779
116456128 67025439
93461919 26897660
46914075 287100
40822639 966669338
108329636 46085617
60995591 3885705
48792718 532888
29091096 950027655
95678131 29276215
116540564 67442690
95748002 29353201
98562167 32553696
967982626 98247406
115524004 63135690
67238457 6757150
954949110 108273920
74265920 10863701
22339643 932753902
63500998 987235918
114526387 59819262
69627010 991283891
97690884 31541049
66053269 988991198
96087738 29729849
84766617 997793501
53703322 1534423
69832598 21800709
999975488 42125207
79671584 996139750
47734578 384380
45416205 153256
960085258 104721459
84299580 18327080
926010556 119370318
88529610 22050516
61372835 4037217
106887143 43734913
117369888 73222912
960905359 104096983
66041251 6150559
110899407 50875725
112298956 53902022
92656108 26065995
49533166 649488
116563994 67560853
993850954 66021080
91412675 24817688
91880414 25283356
41692994 4114
116816379 68950072
111952372 53111741
977503386 89113560
87536378 21138778
999774569 45072324
26816607 945560988
75127362 11433294
113976062 58200107
114276165 59066421
48978350 561096
98010074 31909191
992211334 69340748
998831787 51377154
117166281 71350550
938756210 116343722
955997268 107600040
972377680 94225697
939712439 116000499
117031736 70333868
80549182 15327594
51436533 1012890
56896526 2437291
48881315 546266
48599424 504330
43049651 31921
70433927 8509039
57714392 2696341
927069353 119230905
117309622 72604613
939160942 116200283
50052549 976082485
77707941 13219501
106285569 42800684
88412993 998705464
62228205 4393956
81459480 16030784
81955916 16421942
116264398 66128113
31576516 954280130
47368441 339368
110965622 51009911
945422352 113592930
68804181 7592989
79591464 14603261
82328923 16719168
947230031 112703031
56085692 2190983
956092611 107537579
67483592 6884530
50027648 735390
107022190 43948217
95523958 999836261
69651656 8063376
21254448 926251717
42613857 20775
114347347 59279184
60481487 3684424
101246289 35813652
68987128 7693032
86753387 20436932
117458047 74388854
970623877 95865013
55637064 2060168
949878250 111285651
104300880 39879631
953287785 109300667
115995564 64974444
982171464 83818401
937956586 116616073
956569612 107222897
37649462 962927223
114803103 60678545
54821838 1830359
57891362 982991460
90443627 23865874
941019455 115501648
114327259 59219063
107228950 44276901
78712572 13951471
68655976 7512329
61266828 3994315
103812228 39197329
106051299 42443083
113820419 57765991
964826481 100963037
90552526 23971831
110943923 50965825
70743041 8687852
51294920 983359
103339770 38550129
29219253 50572065
71611321 9201116
938024793 116593192
117430355 73988976
996211004 60438114
116046015 65184555
54879213 1846187
944666253 113948918
46065867 205586
999542677 47082653
972857486 93768867
89483362 22944592
982277307 83690887
35629405 960337109
985704751 79370758
32164692 955219193
981554209 84554173
89510034 22969853
101558648 36209356
54481993 1738300
22218349 932253182
114160515 58726877
999025754 50372517
73758756 10533782
96873057 30610246
935352265 117434877
100286323 34623069
43544203 47935
980562047 85711178
117564422 77200086
75303302 11551022
54538915 1753621
104882540 40711278
117547661 76363892
94868476 28392755
113926371 58059646
116638472 67949386
117022207 70267129
980702440 85549042
110263952 49616876
80643371 15399760
956975109 106950460
55853205 2122781
106396598 42971424
74892465 11276961
115423488 62770625
83603556 997457219
106371830 42933271
112517726 54419292
115717492 63863831
116466122 67074356
655189 95883564
921833966 119708883
102122773 36932998
61445797 4066873
117552918 76562649
935785342 117307715
84650144 18620631
100653419 35075065
952537084 109753715
43499279 46313
72546039 9768623
21358263 927133002
111727040 52613995
994430623 64733899
94591058 999750561
105268978 41274406
53658400 979386657
995639742 61884876
979785034 86600944
30789194 952997757
999837735 44343746
22153173 931979145
89591686 23047254
66305542 6282437
115130837 61755168
114568634 59948833
112630586 54691752
86127465 19887613
51631452 1053852
114242059 58965161
116382965 66671486
41086834 102
93990888 27455648
42634578 21229
107719554 45071430
84006772 18083420
54011960 1613407
68080042 7201816
83801301 17913755
940025164 115884234
987377433 77099274
24232106 939157059
97613377 31452331
103221134 38389319
95725286 29328150
987628043 76751354
22324350 932692538
46947150 290680
106707792 43453988
993567161 66634284
111859416 52905308
943496084 114479462
45271692 142838
117008470 70171527
961257447 103827012
64531722 5423507
100144240 34448817
942998301 114693108
984654099 80736305
999764908 45175219
77265949 12903958
93129764 26551634
109686995 48515038
49889803 710486
72289573 9611032
116627188 67889010
112654851 54750773
90333598 23759098
999902058 43503735
975727621 90953022
21032607 923146226
934714678 117617041
28204080 948375273
974200715 92475442
116914441 69549249
86853712 20526060
948105847 112247538
80937321 15625413
98198373 32127749
113153908 55992990
115773926 64084563
930486325 118620078
87660412 21251338
72869376 993092826
88638523 22151940
112424158 54196326
117432339 74016475
38856880 964392491
48117238 435535
114093822 58535628
107427331 44594568
928959547 118914922
71160833 8933107
112589679 54592569
82912813 17188306
111677941 52506556
981785908 84279851
109093356 47423485
74603826 11085751
0 100000000
65480946 5874100
97000629 999923867
78504464 13798435
950579929 110890633
114774967 60589119
102057095 36847978
91568380 24972292
117207529 71688277
997259636 57437993
44808795 970901010
95483375 999833100
79833301 14784378
93510259 26948302
947481391 112575173
48861496 974940998
999597851 46666935
44450152 90196
85170802 19063521
67276510 6776886
37007526 42188853
110888203 50853122
71791705 992520248
116007169 65022311
978140734 88427308
112049261 53328894
59303432 3243912
944179714 114173379
117546063 76308375
975396635 91287630
999277689 48911716
62713227 4603669
55334639 1973600
63594481 4993505
41400266 967305064
117489506 74931213
61992995 4294198
961679511 103499644
102298050 37160872
999849780 44191560
38495575 40665379
50711717 865064
50768439 876215
926188147 119349907
117491548 74968856
116081441 65334538
79863932 14807383
31138975 953575873
982020527 83999918
953423861 109217468
117245688 72018197
41611401 3227
47113149 309375
51542700 1035142
929227568 118865073
67445008 6864455
52215711 1180659
70180340 991617476
106514962 43154412
77514130 13080642
969252821 97115927
89110262 22593156
60881125 3840402
52535312 1253800
104938181 40791690
41948640 7423
65300991 5787054
71391311 9069756
78332982 995618807
999343491 48485139
77026243 12734451
55415881 1996643
85715038 998046909
91043582 24453315
111560762 52251795
84395744 18407459
79774216 14740061
922804195 119659973
108980295 47220298
117540990 76141128
994691817 64135637
113853222 57856408
990251162 72786805
945182432 113707039
923444109 119615188
998594851 52496980
49872723 707430
106476600 43095001
116994860 70078964
117560269 76889522
113444240 56749115
102599031 37557315
114194735 58825610
46150905 972258328
994781979 63925476
45892698 191105
47311074 973420154
60241960 3592485
86275920 20017195
993666338 66422182
103362442 38580922
71525449 9149638
995547547 62109531
60301412 3615275
90215170 23644594
84893661 18827017
955105536 108175222
115125616 61737612
6122943 81826353
97782323 31646038
48341739 467063
110364324 49812518
111242459 51579916
116952048 69792383
95403500 28974506
65087889 5685392
104898837 40734817
114714836 60400601
117509568 75321556
929911874 118733823
65102096 988355062
117129207 71054440
112166344 53595837
993732061 66280465
68133756 7230627
49949475 721193
84678059 18644122
49020045 567588
98312568 32260847
73299668 10239491
52804524 1316708
100006092 34280548
54373046 980011559
102741631 37746486
96617880 30322450
22574258 933672428
98602096 32600771
59410927 984205055
985358516 79824143
110107315 49313667
115661428 63648893
109705498 48549597
936881402 116966587
965462668 100429342
48545094 496398
93952463 999677305
78462442 13767618
55398093 1991588
47695647 379483
103514028 38787210
999075193 50098965
986896104 77761205
936239539 117168751
96265713 29927928
34918327 959357080
80741007 15474591
41494399 2217
113254013 56250948
75718333 11830550
59019278 3142156
60011621 3505142
116509847 67289951
995216245 62904690
66468002 989265120
935731763 117323778
43702429 53907
51183267 960334
81607099 16146528
62394838 4465584
75039054 11374443
990111954 73011571
987254901 77268557
74052074 993704647
67045934 6657571
62907331 4688420
64312234 5321391
998481603 52998285
114189627 58810828
115510933 63087827
997383070 57041519
90945801 24357201
106325274 42861600
48443497 481643
91493874 999308721
77609836 13149122
64466070 5392879
990914707 71673822
976236775 90432273
93627414 27071448
84780997 18731283
68526151 7442013
946293412 113170400
972257159 94340007
109852017 48825891
971419227 95127392
999931891 43043917
51485840 1023216
999150738 49669905
63565466 4980416
82638345 16967138
60789849 985264568
30183780 951968025
44841042 113950
46553484 972662246
67037672 6653311
112883950 55311940
50511809 29938210
115707419 63824877
83905214 17999507
74364444 10928240
115584634 63360419
934940235 117553272
101571472 36225667
79039678 14192846
82055078 16500822
114863497 60872743
58150058 2839329
100702612 35135955
117101397 70838634
83455803 17629784
61240471 3983686
77480142 13056344
927701088 119136454
105150327 41100487
73706018 10499640
82923377 17196841
117560841 76922580
20999531 921731539
71772138 9297748
112901357 55355137
63709606 5045568
94290091 27773561
117201879 71640667
45332254 147121
111488148 52095299
70161525 8352888
116087649 65360946
924815323 119497430
101289492 35868207
47255952 326037
994741726 64019361
43205258 36555
922599304 119672697
117361523 73130233
996270965 60277914
104489124 40146921
945602043 113507021
117486311 74872773
59251292 3225104
90129292 23561724
61464813 985769261
959867093 104885734
47670106 376278
43147100 969180167
73933199 10646770
50501475 824222
74105912 10759089
998658128 52210213
984120044 81412720
76312420 12236788
975323041 91361939
926489275 119311108
65785962 6024034
977664342 88941096
110342769 49770364
98673701 32685259
51234569 970908
111052254 51187232
997282354 57366566
45215078 138841
106687417 43422261
114059239 58436806
117346873 72975863
922382694 119684864
81400741 15984906
98755168 999990072
66715294 6488622
117483400 74819941
66493962 6376894
113561999 57063630
924950172 119484169
958141451 106142925
110845395 50766872
942129354 115056445
115428479 62788632
105813222 42083304
117478084 74723751
988664047 75256641
56664547 2365451
68356761 7350522
71275660 9001119
58447925 983439891
58859551 3085466
117557485 76753929
24920510 941052215
945996938 113316081
43348575 969393380
93589389 27031394
109404536 47991775
997911925 55223790
111942273 53089140
67492953 6889424
56609097 981928835
987997038 76227347
91357597 999285613
92960639 26377278
66521388 6390688
60838136 3823473
116226314 65960076
94231746 999711912
95362995 28930091
110226327 49543795
41766428 4973
113028457 55673652
973344811 93301633
90589025 24007549
989666741 73721669
99503197 33671625
108806256 46911555
978289220 88266041
94936705 28466398
998866112 51208467
116619721 67849325
27816519 947622573
97541512 31370181
116274736 66174076
66659147 6460213
109551607 48263482
58746843 983678510
21779218 930134750
998964327 50700391
116297653 66277019
91222219 24629199
102392398 37284544
985501487 79637326
115861614 64431583
72583390 9791688
115251072 62163948
93930671 27391841
50638917 850823
84118959 18176643
85929615 998103173
88211664 21755753
921366935 119720523
50560056 835526
971653297 94909050
41006540 0
48405302 476146
999830478 44434409
958279039 106045757
91767324 999355077
49518699 647064
107741017 45106668
959811076 104927771
111447490 52008868
111811072 52798602
998688923 52068941
83086082 997301444
991255578 71083901
990348669 72626963
106822909 43633981
85970948 19751729
78832070 14039513
109780606 48690917
46431855 238668
108527280 46423275
103034359 38137934
115027764 61410648
63147817 4794167
99055950 33137716
930822749 118551549
117239541 71964121
100792378 35247310
977332440 89293490
96513722 999901265
998035277 54777628
43165801 35337
55321355 980833861
99756542 33977656
58825485 3073419
117535878 75978854
101858997 36592776
994462099 64663070
111200709 51493482
967432221 98729866
944952520 113815604
59041025 983912738
105320096 41349571
934030594 117806425
924647447 119513328
86058581 19827693
925244886 119454774
108802650 46905174
98489236 999981282
60462801 3677236
46851755 280505
90919504 24331371
62270851 4412165
55566192 2039722
963431975 102105285
64619303 988019279
92424411 25830612
77379747 12984769
21620707 929150513
20995167 921265122
107578177 44839897
69606285 8037739
34083959 958149384
59423338 3287326
991685724 70315783
77435112 13024192
973801474 92862007
117562496 77034843
80055308 14951567
975048381 91639045
104761222 40536536
115938172 64740155
68324875 7333349
968202978 98053468
72506727 9744374
993367637 67050070
110749767 50574626
999999977 41052370
89384015 22850768
44644414 101707
938867206 116304637
87527426 998503010
109480882 48132620
98769287 32798202
110828409 50732690
25707164 943055761
80139858 15015551
23207263 935995085
52668284 1284786
78878354 14073652
108306057 46045687
24445085 939752513
84506146 18499874
949635782 111419687
56402822 2285782
955898717 107664546
113812388 57743950
100831419 35295802
107608520 44889485
87289953 20916864
989184149 74471199
960494324 104410629
83752389 17873418
95221257 28775054
110977967 51035107
107165554 44175950
44355038 84993
77068109 12763930
69150940 7783115
80150091 15023307
992355966 69066300
112124481 53500086
107374127 44509051
116596596 67727965
91099697 999240495
958758280 105701602
932496688 118190588
94324488 27810178
114552583 59899510
113089316 55827720
67854353 7081167
97440452 31254714
65870704 6065964
44146262 970223720
71116178 8906692
94657253 28165480
990750381 71954024
921902008 119706741
116752768 68581964
114427154 59518526
78789267 14007950
990216831 72842920
113043958 55712802
90838196 24251580
61098573 3926683
950207542 111101048
995504581 62213722
57209791 2535360
976998484 89643371
974917875 91769689
100989480 35492371
42357259 15248
954522813 108542147
43868431 969936202
925549569 119422109
25889678 943491715
95761865 29368499
67178543 6726080
21272594 926421662
55528766 2028960
999985732 41813869
105486033 41594331
111005228 51090760
79127902 995933364
945453667 113577999
116482160 67153258
53392376 1457368
936483047 117093268
116250926 66068516
102195625 37027503
63978177 5167844
50141573 756201
927655544 119143548
117515619 75456815
56255219 2241317
110954925 50988165
21538492 928562088
67255681 6766083
96949858 30697189
55007714 1881901
55055769 1895323
99478988 999998438
994974497 63475713
102571106 37520310
108458098 46304686
999681607 45963957
22120129 931832659
116992116 70060468
116958781 69836889
116401666 66761164
51923301 1116342
60571656 985099337
88059184 998626866
974077272 92595585
117566932 77590973
949623077 111426682
53479166 1478663
996622020 59317785
57890883 2753677
86918237 20583698
84626513 997754864
46768487 271892
992846683 68106511
84946624 18872107
117417735 73817269
983496863 82192524
990815974 71842540
992073632 69599602
56394603 981747437
921086832 119724299
90038206 999039203
81155629 15794430
84086592 18149735
967335506 98814288
77656503 13182585
90644001 24061363
109989192 49086788
87364099 20983540
96488995 30177786
102102021 36906097
84950130 997843088
98099337 32012755
77579179 20927415
942878552 114744041
84830560 18773393
107881547 45337759
81046145 15709589
79314093 14396455
91833478 25236501
115929315 64704231
925892830 119383709
931781129 118351171
102849938 37890943
89904925 23345824
87216279 20850683
95042758 28581105
112131440 53515977
35246923 959818404
59063251 3157813
109006571 47267260
46269079 223456
105250965 41247930
115652128 63613654
96982318 30733949
991566086 70532314
62859639 4667541
74030254 10709819
931482372 118414754
21910777 930863375
993453480 66871569
97292102 31085541
60645975 3748102
116436445 66929512
115697609 63787177
113859728 57874393
21530082 928499776
82374271 16755372
36744950 961798303
52928901 1345958
116207938 65879698
929975266 118721533
74686351 11140301
72739255 9888187
971812748 94759047
80780796 20702939
58042394 2803589
30440449 952407651
94041568 27509370
76900520 12646131
923739083 119592045
48676669 515625
113627618 57240231
55057466 1895797
114967455 61211467
100728748 35168318
110283576 49655050
997861415 55403048
101614978 36281048
38909922 40247875
922734310 119664525
962605989 102770728
114534996 59845599
81635124 16168535
93351091 26781803
89789406 998989353
99243556 33360662
46565226 251386
86698321 20388148
112776425 55047396
964159853 101512091
105954661 42296635
78101881 13504301
66828498 6546085
104332740 39924669
117080083 70680114
48222453 450245
111287175 51672872
46029865 202526
41911453 6832
94214653 27693270
21729201 929837149
956653335 107167328
998730948 51870497
113833811 57802892
996057312 60839414
43095678 33261
117421636 73869238
940913707 115543375
63285776 4855286
114503560 59749600
99283068 33407759
54041124 979721524
984061196 81486771
926321875 119333053
43453849 44744
110952379 50982994
57164209 2521007
986098404 78846152
938154191 116549356
88153831 21702391
99107379 33198730
105697252 41909212
53543251 1494511
114140478 58669369
62890689 986802691
117438989 74109243
65348470 5809836
955365527 108009955
85378265 19241066
80882031 15582866
50833683 889291
62106384 4342172
29918811 951510447
98493409 32472801
102259571 37110725
85634510 19461007
71218227 8967088
115367417 62570656
70421168 991756423
110693466 50462083
979004864 87476746
969514357 96879172
998386466 53407731
49862252 705580
950770169 110782296
98975182 33041905
116040488 65161373
97106654 30874846
117151750 71233984
49510211 975564701
116916931 69565192
85860587 19656203
114951464 61158983
54777714 1818336
998503924 52900473
979905842 86463600
947052558 112792629
933695914 117894384
113131760 55936255
62595872 4552613
84728572 18686773
50383835 801725
984875955 80450963
44401806 87488
105614996 41786117
116186234 65785595
74967357 11326745
88634803 998753411
70281174 8421292
944787008 113893055
45054953 128023
103118684 38251202
98906940 32961058
103968817 39414852
972005224 94577941
113664336 57339755
55293352 1961934
992565537 68661228
43143253 34658
33065821 956624857
939047578 116240609
51671410 977589316
21493124 928224501
85999891 19776786
95991694 29623144
50031271 736050
108484683 46350225
979227839 87228256
91670294 25073830
117566449 77484509
92263939 25668261
61657132 4153753
75461502 11657220
951392764 110423868
32633498 955954701
59127000 3180534
109201567 47619670
63797047 5085297
117567410 77716752
117312237 72629881
951855340 110154379
999126727 49806373
44930764 971025143
968583116 97716864
984765889 80592608
117480832 74773450
952739652 109632667
952400126 109834829
78691531 13935987
934165929 117769592
106796637 43592745
47499007 355187
116577662 67630318
981172142 85002428
954224235 108726870
43157243 35074
115299712 62333182
116350128 66518060
69867860 8185903
65197420 5737592
116863354 69232524
111834691 52850683
50082905 745477
116327441 66413437
67997967 7157885
930149834 118687007
117121310 70991993
993134583 67526603
51333549 991398
117415596 73789281
80699024 15442408
33219512 956860228
95813857 29425889
117388483 73445058
21567070 928768635
92946228 26362471
94957116 28488453
100395075 34756609
117566720 77543526
116359567 66561919
75940643 11981753
102504437 37432196
61333945 4021460
54066690 1627592
49678908 674008
971989741 94592514
104434938 40069784
23659595 937469506
954110906 108796567
60916932 3854540
967737325 98462731
117110124 70904835
35101464 959618571
96369190 999893916
72982601 10039513
80492898 15284499
82786682 17086592
59859815 984553140
50791164 880742
104699316 40447648
938310708 116496314
50978369 918450
43581973 969637473
108775994 46858031
61411950 4053085
91755670 25158920
44177585 75912
41178164 407
116353536 66533883
947458963 112586712
103736569 39092788
117494319 75021928
79930301 996237432
114412942 59475764
112192483 53655682
117503649 75203151
994498013 64581521
110410756 49903343
31049895 953432054
76341301 12256750
100000000 999999999
117539036 76078218
49279704 975343574
46326913 228831
21333862 926931087
88831843 998795169
960315034 104547076
82497618 16854107
45840483 186836
44224035 970303712
96788803 999914626
71967416 9415584
51529529 1032377
21017253 922664406
36341624 961280863
984962320 80339362
59590130 3348344
111509838 52141735
72235087 992757255
103401431 38633894
65430590 5849519
104727886 40488625
117276720 72296540
995948132 61117440
999451838 47734150
93049840 26469121
999623456 46457501
115454548 62882841
80941212 15628410
110085641 49271958
106754805 43527327
86369259 20098896
45532991 162160
74368089 21180221
57967073 2778633
39190970 964789975
62145258 986265901
943909271 114297407
996002067 60980432
117548834 76405013
999877994 43830831
21048041 923566111
102481263 37401594
110314430 49715111
116339788 66470139
48262722 974360667
60523821 3700732
994917041 63610085
43949401 64763
77777086 995393742
100084333 34375758
109344091 47880556
73926038 993641247
69725453 8105178
987749650 76579758
998931316 50875869
993639469 66479790
26084898 943950034
66663429 989393473
93409046 26842340
114178979 58780113
970180959 96272317
54897371 1851204
109979919 49069030
987494755 76937180
79444315 14493435
108584908 46522879
52459797 1236251
90602852 24021083
111096338 51277854
106017128 42391181
117485456 74857196
92084368 25487483
117557076 76736369
82386167 16764884
114879328 60923953
43892884 62150
962348841 102974367
93330147 26759946
112348665 54018346
973300128 93344574
999751298 45315755
57584440 2654503
948695827 111930874
997478578 56724636
934779491 117598862
91123161 24531574
67914406 7113227
116770152 68681400
63716311 987387760
979452668 86976316
991413112 70805789
117540172 76114674
47557739 362375
86506631 20219388
996893212 58538151
55214032 1939639
99829032 34065567
932254545 118246680
88601894 22117820
52141657 1164287
54329203 1697417
73549613 10398965
117564758 77236217
115730642 63915140
957271742 106748851
108123804 45739688
88129521 21679997
53782203 979495046
999199750 49389383
976551295 90107959
939920829 115923669
81261788 15876762
103752849 39115274
942583585 114868433
936548614 117072541
102234460 37078035
54595718 1768944
58229438 2866035
84525464 18516061
86603124 20304230
56768634 2397575
989362567 74196735
54006319 1611946
999828065 44464101
57448517 982628834
116687406 68216418
90963003 999215925
53664327 1524655
117348976 72997261
45001674 124491
14528446 68819740
56843780 2420878
997740470 55828468
64736099 5519232
112728183 54929424
116196061 65828188
28050392 948080022
72315882 9627026
25446925 942420315
84154470 997620028
995823167 61432090
60405988 984972656
45782808 182152
77047041 12749095
21173299 925395701
45304983 971405068
114924290 61070173
65281038 5777492
78159896 13546502
21015692 922601740
938583594 116403529
980024559 86328140
69399856 7921448
21584153 928890937
85219485 19105157
29392068 950572672
931359096 118440753
114699590 60353190
21010353 922376786
76290353 12221550
101073806 35597461
925070126 119472368
78668592 13919109
48282268 458676
113675696 57370577
941603342 115270283
995101714 63176431
113511928 56929112
968745766 97571617
950417547 110982641
84874224 18810495
978021104 88557076
117426004 73928989
105850758 42139755
999964689 42400722
75901368 11954976
116801514 68862823
26045341 943858135
72252367 9588416
90741855 24157163
105590861 41750091
112465631 54294948
92600790 26009765
92993986 999549403
88740575 22247069
117328936 72795260
64879814 5586825
38110028 963490532
53134625 1394721
116664102 68088335
43308800 39881
93569720 27010721
73254181 10210678
77498178 13069234
932009006 118301452
55948555 981369756
54702670 1797915
962483720 102867607
955310523 108045174
105400969 41468602
74434574 10974261
95152523 28700209
59179210 3199207
27912846 947814449
991485241 70677732
89052707 22539097
57080549 2494689
35415575 960049680
56027992 2173960
24192328 939043034
61497624 4088012
109887854 48893759
76889234 12638222
116653225 68029045
53100681 978890360
52372352 1216048
114633438 60148456
99671005 33874123
96757284 30479410
117567034 77615631
75915077 11964310
114732337 60455153
87305138 20930511
53586322 1505194
998357173 53531733
104363231 39967873
101733944 36432652
46276721 224140
81104323 15754661
76376019 12280765
32537034 955803971
112679032 54809609
54723566 1803595
108698249 46721211
72393240 9674394
113965844 58171132
21815006 930347252
992472987 68840345
54279210 1684090
55912752 2140067
27006022 945963838
97583558 31418243
117561255 76948682
64487232 5402734
91309128 24715139
50651405 976645127
46145840 212490
998766933 51695366
113900160 57986608
52335077 1207547
44100738 72105
109751303 48635698
66799014 6531105
941294301 115392991
94916317 28444372
56613835 2349922
24276932 939282615
116050960 65205322
21136479 924926792
937420456 116792896
933364590 117980175
82591652 16929617
68697897 7535067
78211033 13583778
999989272 41693343
26276322 944389599
86185161 19937915
97954532 31844765
115646560 63592677
21075809 924010845
104802462 40595861
109276536 47756484
117468503 74556970
93827603 27282709
108261233 45969936
925420606 119435987
32336579 955489579
103158848 38305263
92065414 999404645
117554310 76618763
47948549 412571
75252301 11516850
939225137 116177325
55159641 1924390
46887016 284185
91774910 25178098
68194551 7263258
71344792 21563088
986022403 78948495
88221863 998663312
116552251 67501500
41294821 967190028
50510651 976514301
940641720 115649554
95602193 29192624
79960884 14880337
51847235 977750608
48828508 538274
982857931 82984437
946653741 112992180
17301993 65005029
95809438 999858469
25396326 942293949
71042385 8863105
925126777 119466790
993235880 67320024
33444916 957202046
961988785 103258113
114393697 59418048
99369566 33511239
102810981 37838889
78759876 13986283
107060441 44008928
989951630 73267926
990196229 72876109
999264589 48994091
975559680 91122910
115972651 64880287
117061299 70543625
104869250 40692091
73373087 993357299
993808165 66114963
110759606 50594361
91359832 24765324
114256252 59007193
982478549 83447716
57107873 982346783
993526459 66719325
103110559 38240270
952138135 109989103
971391066 95153648
51501857 977432776
117422428 73880068
106943909 43824372
77319941 12942252
68836326 990789657
113635040 57260322
117025636 70291052
52857489 1329149
44928130 119635
90160054 23591405
987020740 77590324
63004226 4730975
111462054 52039681
55981971 2160400
51589508 1045001
959089706 105461036
69677689 8078116
66469101 6364423
928538478 118992724
42536667 19090
76089392 12083474
111328288 51758641
999999999 41006540
75712871 11826842
43252950 38056
76857650 12616125
116244381 66039630
990358546 72610763
113108406 55876460
95551839 29137301
23354941 936494971
50296837 976314418
988221032 75905905
41959585 37278786
113482710 56851290
108739148 46793014
45165700 135418
46681674 263032
80176715 15043499
21300036 926650961
108933576 47137317
926879949 119257517
968390220 97888097
116149046 65624620
998797269 51546673
997067030 58029980
86651696 20346962
84344461 18364572
76579871 12422287
45870082 971976149
931904651 118324293
75100989 994208263
52570467 1261984
66411625 6335600
71348350 9044218
95001525 28536466
115442885 62840627
998214311 54100953
61768172 4199895
76699492 12505658
967560623 98617663
22029159 931422039
93680273 27127131
59785922 3420654
76803977 12578602
21021280 922795597
96841746 30574815
88482044 22006332
923858254 119582334
107902370 45372078
23729261 937686645
931650521 118379078
43264565 38435
977064489 89574678
89010624 22499581
942638097 114845647
85275977 19153481
128514 98041880
23939231 938309443
997435862 56867187
69121790 990969258
113652910 57308774
90991249 24401873
117090301 70755849
28981554 949828547
959197293 105382841
116941900 69725635
951697066 110246666
113879189 57928320
58653664 3012900
989375451 74176760
39460327 965108852
999566259 46908499
61297697 4006788
103687625 39025281
70090566 8312411
116106415 65441075
26902108 945743819
58499936 2959359
111323483 51748602
65971568 6115944
107479933 44679926
112964633 55512981
988925804 74863545
112059955 53353134
67778218 7040566
47618877 369890
28632580 949186934
41062006 61
63241534 4835625
982376198 83571643
75413135 11624724
998994321 50540506
73338401 10264038
49775098 690333
116843933 69114899
82840947 17130320
53755408 1547592
975922941 90754116
55255340 1951247
61813272 4218702
989770696 73556481
78378973 13706497
965295944 100569621
78013090 995489982
115690715 63760718
18165587 63849241
57622696 2666806
110921248 50919884
95859729 29476715
117566122 77425552
58543642 2974549
99961847 34226798
66774110 6518467
923163091 119635654
23856995 938069319
27112006 946187666
49405528 628337
66886216 6575605
956254801 107431131
116470133 67094051
984849076 80485634
104044366 39520106
26510069 944900148
93500410 26937974
115383048 62625948
112214012 53705132
999487407 47481117
22912727 934940907
55172654 980706467
70157670 8350687
20392743 60926243
101812055 36532617
77146271 12819200
995682623 61779587
96730629 30449382
35769994 960525271
99033483 999994060
65734123 5998439
109109811 47453233
115889226 64542477
949034367 111748144
116422709 66862664
105349448 41392738
991175627 71223731
107264274 44333281
95096696 999800526
999412545 48010702
93771148 999654215
1938236 91186736
989293498 74303118
55682023 2073181
57794253 2722159
112922224 55407047
106718356 43470459
116287433 66230539
87391986 21008634
70482279 8536875
83206846 17426654
114745311 60495855
999981357 41950145
943138997 114633239
112238950 53762794
106964760 43857275
113541882 57009557
59443271 3294583
37782585 963090782
955541576 107897064
101376111 35977726
946787391 112925528
112360068 54045081
37094277 962238556
115917538 64656582
72785466 9916848
987563750 76841750
24615014 940223187
999962807 42446576
115000232 61319452
106920602 43787606
85218193 997914953
105473836 41576278
108663915 46661020
969933104 96499378
116497776 67230265
85329999 19199733
99795290 34024621
106125801 42556426
932743732 118132285
109221547 47656042
87112165 20757288
64012211 987595741
102531438 37467862
110437837 49956411
931202006 118473470
116135470 65565998
77749419 13249391
933226720 118015039
102964085 38043685
117471644 74610866
116824184 68996366
103860894 39264821
33637042 957491669
69513103 7985161
53123198 28180897
73545467 10396309
988451290 75569612
999788680 44917077
42327463 968307497
24104521 938790996
73447822 10333791
75565746 11727403
998118592 54469274
94815409 28335567
48726073 522957
43397745 42820
116486915 67176690
928663683 118969689
52286196 1196506
26439450 944747708
76614227 12446176
115566359 63292395
922928185 119651652
115325851 62424474
117565569 77337063
44063271 70280
924475543 119529424
96926337 30670561
68275326 7306668
106778121 43563733
998186000 54211440
87439526 21051419
928792709 118945871
88888437 22385075
998145593 54367261
46419639 237518
114794078 60649776
46618500 256701
983874845 81720517
100585736 34991470
91238516 24645304
949170132 111674485
103607140 38914572
922142523 119697033
85078732 18984837
995354582 62574348
115829935 64305131
99310512 999997472
62626865 4566076
28789800 949477662
71084665 992134871
52065133 1147429
63455643 4931127
946349136 113142941
108825894 46946348
79719279 14698882
75336418 994318071
990509733 72360407
46118937 210114
959906861 104855841
24764926 940631998
983737803 81891971
113583897 57122534
57229775 2541654
116157255 65660077
948319257 112133549
53083160 1382390
72134189 9516614
99612899 33803884
115482333 62983598
46455767 240922
21854934 930576393
927278529 119200655
12744206 71408632
117082848 70700575
94371791 999727703
69220582 7821620
52362692 978221391
101046349 35563220
52756290 1305398
49581672 657624
30861046 953117534
56856742 2424904
101172985 35721490
999927386 43124903
115202644 61998142
108216887 45895172
93644908 999637711
38027381 963389841
117520750 75577861
107197673 44227052
991817206 70075082
113724598 57503765
115052924 61494364
60966333 3874096
87021328 20675907
115158214 61847361
105633106 41813179
58098742 2822275
115961702 64835667
117500712 75145459
68594914 7479233
948514558 112028603
57382557 2589917
58769611 3053673
117511763 75369281
48657624 512836
77900797 13358698
990057945 73098121
117272800 72260948
933451619 117957924
927499770 119167477
54644199 1782054
113060199 55753857
47780343 390235
89152648 22632979
82547228 16893927
116783272 68756954
67261727 989784372
59417344 3285144
72576278 9787296
926988704 119242259
113782547 57662117
42876263 27144
94603074 28107566
92864863 999531676
999940747 42884508
962227742 103070102
82696273 17013770
91097594 24506427
105563542 41709355
79388821 14452099
51084894 940130
924347842 119540908
952997083 109477322
997780205 55688989
74748937 11181704
114897002 60981335
63909634 5136570
56809046 2410099
44950374 121093
82461990 16825536
93265772 26692860
104284944 39857150
47308892 332262
85135111 19033002
53043517 1372997
86769904 998316858
116669188 68116061
973636730 93020688
109717553 48572238
980856244 85370755
107944973 45442512
47861712 400869
117197168 71601622
48939154 555045
113915344 58028853
71830979 9333173
28485572 948910688
116237057 66007357
41735946 4614
36415044 961377156
961532769 103614111
97657750 31503073
960661206 104283474
87706546 21293334
70637866 8626848
994306417 65011457
54934091 980500672
42480224 17862
999994542 41433967
81080544 996655571
63948827 5154433
991321428 70968358
90690512 24106896
937849718 116651756
69994617 8257867
102702834 37694947
111636623 52416389
117072958 70627713
42183440 11750
52006502 1134534
97518500 999945814
51879815 1106888
982979174 82835266
986258136 78630499
78626331 13888027
64845633 988176829
999742333 45405670
55610949 2052616
91491384 24895737
41284541 857
95471870 29049500
80821506 15536335
96456096 30140888
107396299 44544661
96268733 29931301
973980400 92689523
109937196 48987544
962596661 102778130
991220667 71145110
57674949 2683618
970890292 95618583
926774994 119271962
75196993 11479858
80462916 15261578
85911898 19700615
85518631 19361386
50427277 809938
117145869 71186940
104537286 40215713
117534156 75926272
992711273 68375857
117460473 74426953
115897363 64575232
999712692 45687201
117505083 75231639
70689182 8656581
999509249 47324772
42723337 23279
49806943 975848174
53455577 979209015
109432089 48042536
89429782 22893974
975806166 90873385
923603080 119603067
112320081 53951412
995756197 61598851
937734056 116689997
