7
65
6
10
100
38
98
52
3
67
26
40
31
10
4
4
80
64
9
9
6
29
41
3
1
10
5
2
69
87
2
27
19
1
103
8
51
5
10
7
82
2
10
96
71
4
68
21
18
6
1
22
2
55
109
8
10
108
78
5
73
62
58
24
93
4
7
107
4
4
3
11
3
43
2
79
4
7
5
92
106
4
45
2
3
75
10
6
70
88
7
3
5
99
32
5
1
13
54
17
2
25
9
59
10
2
5
104
15
47
63
97
6
16
84
3
95
39
33
9
4
1
1
2
10
94
72
2
66
56
5
5
7
4
77
110
7
61
8
50
30
7
57
6
48
7
23
49
1
9
12
28
20
2
6
60
76
4
3
53
83
101
91
1
34
5
8
6
1
14
9
42
1
36
3
44
4
105
89
37
74
85
2
8
86
8
102
9
2
1
8
6
35
81
2
90
9
46
9
9
