-125.00000000
418.00000000
437.00000000
-258.00000000
124.00000000
168.00000000
-185.00000000
-449.00000000
-168.00000000
-579.00000000
-776.00000000
752.00000000
134.00000000
218.00000000
-133.00000000
132.00000000
-176.00000000
-8.00000000
-160.00000000
787.00000000
-280.00000000
-676.00000000
26.00000000
342.00000000
-217.00000000
-291.00000000
376.00000000
-251.00000000
-203.00000000
164.00000000
-431.00000000
-946.00000000
199.00000000
302.00000000
134.00000000
708.00000000
-606.00000000
-610.00000000
201.00000000
-370.00000000
142.00000000
-713.00000000
152.00000000
27.00000000
298.00000000
261.00000000
-160.00000000
260.00000000
-637.00000000
430.00000000
-646.00000000
703.00000000
-535.00000000
-480.00000000
-528.00000000
651.00000000
138.00000000
-164.00000000
270.00000000
535.00000000
55.00000000
-212.00000000
760.00000000
286.00000000
-389.00000000
267.00000000
-497.00000000
-287.00000000
62.00000000
-14.00000000
679.00000000
500.00000000
-129.00000000
107.00000000
-799.00000000
61.00000000
-562.00000000
151.00000000
-454.00000000
-385.00000000
153.00000000
121.00000000
-500.00000000
-673.00000000
-286.00000000
-257.00000000
-402.00000000
210.00000000
-419.00000000
-38.00000000
-41.00000000
-315.00000000
169.00000000
-758.00000000
272.00000000
-776.00000000
36.00000000
-215.00000000
-822.00000000
97.00000000
