100 100 1
-576 -67 437 491 -188 -201 125 168 -32 -287 -84 16 -71 -160 -88 647 130 7 75 -416 304 10 -485 723 237 74 21 105 -109 705 -765 140 -364 282 -1 598 896 381 434 245 189 -880 56 160 170 399 569 769 335 -436 -84 -362 -582 -425 -229 523 -567 -478 515 -268 -101 -558 -34 -327 262 -13 -601 -9 643 21 34 374 -167 605 578 -614 117 -407 -312 -265 -497 778 699 71 -313 756 -717 189 26 466 -221 -623 680 -22 236 671 140 -711 -431 181 1605530
-548 -22 419 -147 961 50 170 285 397 217 329 19 -664 -43 -331 162 428 -144 307 645 26 -344 121 694 -444 150 151 354 478 392 -198 267 45 -571 184 619 768 54 -81 407 362 712 727 -351 25 -649 594 -240 -203 -361 263 191 -116 272 344 279 237 220 -296 167 -91 -93 -160 -562 -146 -86 38 500 -3 -625 -548 48 292 -349 784 77 689 -156 -351 112 63 621 130 -329 -459 468 -301 33 -865 -13 -144 612 695 19 -262 -153 861 549 236 -235 -2035609
266 122 453 308 192 -493 -346 -110 -73 340 745 -535 -49 -108 -765 -333 -109 -535 -351 -420 363 538 205 365 -311 -202 -812 -313 278 381 884 12 -162 -235 -751 -24 432 -372 590 -231 -654 -286 -170 -624 275 268 453 285 756 130 43 264 -27 112 -116 -156 -551 -534 -393 386 -401 -255 -67 48 -271 342 -362 600 848 175 -55 -39 -422 24 -82 -229 63 -430 195 333 150 -600 280 -249 -289 -141 -406 402 191 4 -164 -375 291 -456 -834 -238 -96 455 811 312 -2096758
-220 -117 -360 -158 -289 291 -379 447 465 47 -780 -54 -28 661 -393 10 793 58 -822 -736 98 -212 473 -369 -423 216 136 -726 -85 -108 204 205 795 431 164 214 -749 -667 -115 -338 -61 -390 392 535 466 -171 -319 20 650 -199 -206 75 313 122 -333 11 14 -320 -143 -287 -5 -357 -71 -145 -238 -959 -385 954 523 -522 -139 -203 -185 -718 44 -356 -110 67 -51 398 -125 267 -446 -229 -351 -732 441 34 541 -72 311 -376 -141 -980 -387 166 -496 -23 5 -513 1434374
-299 -188 -533 398 -839 -406 546 -327 261 508 -241 -638 459 322 -209 -235 212 -367 775 40 357 56 499 308 70 -366 490 -259 335 60 -128 617 403 -884 282 114 437 191 -101 48 -37 -202 325 401 -399 -511 287 -90 356 220 -523 278 504 -799 -32 -628 578 384 61 -733 -457 -218 -138 224 13 -143 -222 -892 -45 333 557 -497 227 390 -680 -403 -588 397 71 492 361 279 -165 69 -655 362 -541 38 399 -27 -915 -66 -698 68 248 -542 260 -604 -226 181 -120506
-133 20 -296 12 -162 -178 -444 -284 87 232 -305 -56 -220 -654 157 23 -281 350 -547 -418 -300 861 -488 -886 64 -418 35 -286 866 368 -60 47 436 -214 -241 179 -228 362 -383 179 116 -559 287 319 -136 -120 727 -185 -28 403 265 -162 270 -383 -29 -79 -739 -57 -483 405 -51 -167 508 190 -103 211 -177 199 -104 -668 316 659 262 125 511 -192 759 -513 641 395 270 52 -50 538 67 -287 123 -392 270 -837 559 -408 317 -119 52 496 530 -233 798 -321 -2444825
175 -751 765 -670 590 167 -183 -590 485 91 -80 212 134 -366 -68 502 -294 -300 -393 504 -125 -7 77 122 399 -548 -201 472 642 -782 -581 -320 119 -110 -590 -78 65 -78 -330 57 -391 -612 524 -658 -386 -556 -720 454 -848 476 -261 143 313 -54 461 -299 -489 478 -51 -447 732 -404 -233 411 393 129 285 -64 -312 -418 179 -429 723 -924 222 235 273 -32 -471 607 265 702 -345 148 -185 -155 -284 35 -533 -239 -612 -356 -172 349 -362 -721 -661 102 -85 -311 1799658
-20 76 -49 -215 -777 458 541 -80 362 78 224 200 -366 -91 552 632 133 526 -828 501 -496 304 63 415 -156 425 -208 -17 -75 328 490 -342 -332 355 494 -763 -183 -309 116 304 598 380 -648 169 -449 756 457 665 -51 -682 230 -559 96 278 -409 172 -337 -69 211 293 -403 -492 -538 180 193 -498 54 -531 76 361 -319 -146 85 -642 533 -590 52 832 -261 -75 510 2 370 -287 -78 111 608 -53 456 -10 -44 -233 -34 171 -36 -715 874 -259 109 42 -1254751
177 -366 472 478 -114 564 517 -501 636 -163 117 -222 -888 236 -379 253 80 -65 468 478 -117 492 -275 179 -339 665 136 -230 -391 -531 227 381 608 210 -269 430 378 -339 -85 -183 503 354 571 888 424 -590 78 -689 756 115 857 748 116 -309 -105 -393 636 38 83 -261 634 -489 237 102 -8 -520 59 -564 -13 559 -719 281 125 -172 -51 -285 364 295 402 -54 263 -407 -347 -151 -197 -477 -132 705 -173 -799 -252 6 -504 -286 -303 -709 -617 -719 -439 676 581718
185 448 -646 47 -314 -397 -482 -454 -739 208 -431 -83 30 -13 328 603 -788 -80 -92 -254 -432 -324 -43 -604 483 176 101 3 290 -630 5 484 -272 135 370 526 230 -32 -223 758 320 -40 26 -447 -46 -65 249 177 -177 910 -807 427 -361 -36 113 28 656 854 304 -2 331 -136 -296 853 353 368 -152 -326 -457 255 -287 440 -81 49 -299 479 -20 -93 737 -437 -477 341 430 -143 302 -372 42 382 362 535 -521 742 -642 496 410 -463 -658 303 -811 -257 1627189
272 -496 439 626 317 512 -826 -40 -96 -20 -133 -49 42 -669 413 73 -554 -2 -185 336 137 -720 103 548 696 25 44 124 229 316 -117 -24 -35 215 303 -88 103 104 433 565 179 45 566 309 329 87 15 -460 -259 760 9 -515 -136 -682 240 -221 473 641 -655 -516 -424 -116 -15 -726 -172 420 58 -51 844 572 -203 502 176 310 446 -158 364 -35 151 76 274 168 -249 255 31 679 827 -198 -323 171 -392 -855 -557 673 700 573 245 -342 153 -704 -1092079
388 -284 -140 -135 -370 307 401 858 -440 440 -72 234 49 521 451 -262 -210 55 620 -518 -43 136 -761 203 -123 356 303 329 -168 554 314 -525 -606 -246 -550 -385 25 -236 448 -288 609 778 8 -88 -396 -229 -594 -627 776 519 364 -369 237 -700 -285 659 78 -115 543 222 -89 64 -407 -177 565 946 -173 317 677 -602 628 -284 492 89 -307 181 -343 275 682 971 -562 -472 -154 -375 -539 562 -625 -557 526 -99 -156 176 -673 104 195 -391 -305 -102 -370 -289 -990524
193 -820 -448 138 156 297 121 205 -77 810 86 -249 -796 -382 -828 220 -45 285 -329 -415 463 178 355 33 43 43 -90 207 441 244 -143 -374 215 671 -666 64 138 -322 271 -230 202 -556 -43 -126 475 -340 -67 -209 -803 34 -282 625 -662 -299 14 -76 282 -672 -333 286 -33 472 -65 696 -274 -42 -173 301 -115 774 -527 466 -286 -653 -356 -831 930 159 -94 -355 -64 77 834 -73 -618 -381 695 -38 527 -210 -58 -219 601 738 498 -212 635 -451 244 189 173811
-527 480 -106 -423 47 -408 678 -138 18 -214 278 -401 438 -914 -80 -45 -565 561 -122 454 -144 913 -229 -188 -273 -47 -182 270 50 -61 631 714 682 98 -235 187 245 154 228 -195 212 -40 -340 -362 -414 329 -177 -14 318 -232 -67 351 -296 195 -232 -466 -594 -639 -277 425 576 -770 150 -744 -51 551 -373 -235 56 -386 607 507 -5 -217 -485 27 -38 -157 -527 580 122 304 329 432 -324 -440 -157 0 583 205 -360 -459 841 -287 483 736 -577 -293 108 -511 -191376
-520 68 765 -191 -148 796 -51 445 74 -544 -198 -486 233 -22 6 125 516 -838 614 627 -312 -690 114 -572 -383 744 373 -3 478 -701 -559 675 266 -115 159 -654 -712 485 409 -411 93 445 -410 -225 64 552 794 108 -584 939 -142 -226 292 -451 -181 79 470 -270 262 -224 -420 -171 556 -567 -69 547 -639 -65 -420 353 270 310 -396 800 250 -810 -96 -149 -43 -216 360 -323 -348 21 -255 -370 -546 -246 333 -77 -223 -291 -219 140 -452 -670 -745 -372 -381 139 3440383
-330 -270 62 181 36 -374 -487 142 -402 -264 207 701 369 369 -375 705 -19 123 -434 -563 56 416 749 -784 -160 139 -333 -492 168 -271 -262 441 165 -237 -133 334 -385 491 660 -289 11 -103 -662 65 -717 -700 -124 -260 304 124 55 -556 210 34 -358 -279 243 329 320 87 188 -376 -225 105 -781 -751 337 -408 276 415 -629 -430 51 194 292 -26 612 -456 -334 466 -121 -192 56 410 -268 -750 -38 12 -282 383 -217 843 -692 135 389 -492 -36 131 70 -295 -2609685
-282 551 -225 -12 -230 152 81 651 382 10 -317 -313 -165 372 359 354 34 405 117 597 117 790 743 234 -772 -103 -237 -737 -246 150 9 -513 57 -501 -363 -236 550 -49 -4 -230 -570 135 251 -209 33 766 -203 -564 145 380 383 184 -303 226 320 269 -336 -59 154 -786 25 227 -118 -676 598 -192 199 -85 127 -60 138 843 -34 363 -131 601 206 12 140 466 -609 -280 266 -163 128 839 -661 -637 467 719 656 -123 501 301 -128 379 393 204 736 -595 -2327527
-182 -222 -74 -890 219 -625 854 -264 140 -4 -844 -22 -524 561 519 -573 211 -505 -654 -823 -565 -208 509 292 565 12 -337 -378 -532 -299 150 -324 -19 145 73 -108 -69 443 -436 735 671 -151 34 -176 -346 -511 302 164 -16 259 -17 -436 -813 -351 390 527 484 99 198 -333 -552 304 -679 34 426 362 -556 -381 229 30 357 33 -67 -641 406 279 533 604 -301 158 226 -465 -257 302 -225 -56 -111 269 -188 249 -347 73 111 39 258 289 14 154 -22 81 -187053
-564 885 354 -205 -219 33 277 -380 78 -96 -494 172 16 -370 -219 395 87 -458 -566 256 438 -702 691 -191 -774 -543 -94 -43 602 -85 649 -399 -57 -174 -463 240 19 395 -543 -170 -83 -232 563 -256 -337 -99 -30 400 349 -415 308 213 715 741 460 -145 -143 -152 -301 -62 251 26 342 -219 300 225 -456 289 695 430 -104 -469 611 -474 -325 -329 -48 -205 770 281 -58 328 297 -255 -59 498 -189 944 113 -621 -417 361 -607 477 -621 233 -30 160 -175 -389 -496602
-569 -43 -157 311 19 -256 -261 137 -444 647 77 -742 90 313 675 -319 34 -4 186 -167 349 -193 626 -76 -442 -233 451 -671 -557 104 214 -129 -578 124 525 -187 183 315 212 -656 810 -947 136 802 -330 -303 690 131 -214 16 565 186 97 -91 -261 79 -635 -190 512 433 -482 67 -598 -32 -195 148 164 117 -516 -430 -73 -580 133 -206 -158 -171 -291 568 -259 -52 -129 -84 79 -56 -293 83 165 223 86 239 -404 288 259 -584 391 -101 -244 944 -504 45 587470
-300 -163 -665 -543 -571 348 764 -373 -508 -272 54 143 89 644 272 140 169 -164 39 -427 -307 -859 -90 -168 -189 -364 -166 -678 516 509 7 -241 -20 33 -761 134 -120 39 396 192 79 423 609 -867 63 -88 -355 247 -383 292 536 -267 -946 -795 -357 8 226 283 -472 311 412 -338 245 -318 190 366 399 141 -129 -744 -607 -764 47 -195 -63 167 690 406 387 148 -290 304 -387 -86 -208 -353 -214 155 404 409 -221 -310 54 -245 184 19 -936 2 415 161 825236
438 40 -308 706 507 -860 -308 755 -75 188 413 -646 178 154 272 -551 772 -65 36 615 -243 -170 233 -156 -257 -734 -408 -367 -24 364 399 310 -347 -309 -466 -415 -290 -260 295 -603 -384 -453 -68 -374 -736 154 154 -110 358 -151 -112 182 143 188 -143 -171 -103 33 204 88 649 835 -646 258 306 -44 -164 -209 -589 771 565 93 -24 -5 433 1 -27 532 -87 -609 249 766 -516 417 -110 -189 -213 -26 -322 591 -301 -160 427 350 -485 -791 -264 201 -116 411 -809430
-546 -67 -522 -347 523 -85 -165 -107 128 900 -15 406 -212 -411 521 -202 -425 218 -362 504 -533 31 175 861 521 -54 926 -125 606 -613 114 104 -435 389 -103 12 312 -37 320 438 -62 -6 -265 226 -313 470 95 -512 248 -137 121 -491 -82 273 295 78 -552 449 293 174 -63 779 218 -604 -152 314 -218 404 -57 -63 37 -177 439 -331 300 63 -514 269 -186 -479 572 -73 -693 406 656 -512 6 530 288 233 40 825 490 229 407 262 233 -667 -479 84 -400853
-270 -131 -764 -466 -402 -592 710 -836 -25 152 87 713 -44 -494 -215 -347 -540 -396 -727 219 905 -490 -139 -185 -284 569 733 -230 -320 -539 -484 -371 -365 23 -628 428 -130 244 260 566 -326 428 -582 -609 -173 212 -35 -682 427 -195 584 427 -181 481 26 407 182 107 33 -653 -649 203 -248 212 159 -672 -399 197 -573 202 -276 -845 -259 154 -239 -366 59 76 654 -363 -343 556 73 -619 79 -397 489 709 667 4 12 188 -877 -471 256 591 -870 -478 -99 352 -890068
134 135 8 -145 356 454 498 -562 -390 695 -516 -221 435 170 204 20 124 315 0 159 676 75 -40 -557 127 85 -576 226 -483 -101 -434 763 427 -178 542 -569 -407 -256 -333 -229 -28 405 -281 -41 -326 660 128 577 149 -369 -620 261 216 174 -512 326 -199 208 361 459 -624 275 543 58 252 382 -601 -395 -703 147 77 -403 555 102 676 599 -319 202 -979 -85 -402 257 588 -91 -359 22 -120 -52 424 -1 -389 -201 -232 -132 262 118 727 153 -468 200 996131
469 -109 489 -216 537 13 -971 89 108 -711 -612 230 -570 429 149 -513 203 -385 -135 -43 -522 -450 -275 655 -403 -93 0 99 -480 392 -490 -66 257 -242 -405 524 -19 -69 66 243 -469 -2 -713 312 625 -525 -417 -505 -42 -742 -736 -23 209 -49 -506 -710 -8 -93 33 86 -75 441 -677 -708 189 186 -314 346 72 169 139 -409 43 -590 719 30 -591 151 -298 14 347 -8 11 -73 284 -350 204 -95 92 619 -189 -546 -585 -46 50 361 -833 430 -660 612 1758880
-899 46 -145 -153 -85 -242 466 -52 -534 -297 -132 -87 65 212 -5 380 -562 -599 -622 -111 -231 19 -141 116 -132 490 -118 -582 394 352 -193 -161 -488 539 -809 182 74 493 169 554 -572 421 448 -94 822 232 344 -774 -337 -255 489 -537 129 -504 -435 -17 95 599 -405 386 -236 46 689 -390 334 557 -71 90 -376 357 637 -171 95 923 -419 -244 -74 452 372 -681 -584 -766 545 404 -441 -346 452 576 910 239 160 -516 446 54 -3 525 897 55 -269 259 353173
-429 838 -253 218 -87 -555 -252 159 -136 12 -416 -430 647 -725 -268 -332 -553 -27 -80 -500 -351 -446 225 -409 276 -48 -212 -306 -205 -188 504 181 691 -503 -302 -613 -707 96 5 257 -62 142 26 -487 157 -301 -842 -36 35 -893 -190 433 -213 -83 217 425 -619 -415 -598 228 423 -780 456 -219 -355 225 29 -443 -461 -40 -353 264 -400 -563 596 264 -111 -49 20 189 -85 120 424 408 -201 368 401 475 130 1 225 96 102 -189 426 -212 -234 284 -414 -198 -191549
-293 183 154 403 570 9 23 -386 151 -456 777 -435 -54 -266 541 -84 411 -349 461 496 -189 -821 257 608 -782 632 -163 -813 397 -38 -190 482 -320 -567 -165 -476 81 -871 -208 -255 -462 -51 -75 -194 409 260 646 439 522 -534 97 4 343 -131 -130 -560 -10 134 -420 238 -291 -144 241 -320 816 -528 137 445 610 262 -73 -113 443 130 -390 307 -782 673 459 -778 498 188 171 -238 299 -36 374 -560 224 -160 -711 152 663 -387 -175 -252 -119 606 218 536 -423468
41 -609 -298 -63 48 -240 -725 -508 -263 59 292 533 -607 -127 -140 -521 -93 20 -4 -113 -268 29 558 297 626 -143 164 388 -119 -482 22 -7 -485 -110 -30 -445 71 61 457 -76 -285 2 875 -566 -291 -151 -698 12 854 -672 -673 -474 171 380 -54 64 85 -462 161 364 -75 248 54 44 -190 380 -393 537 -507 -242 -133 100 -113 -89 -37 -82 839 115 74 97 -469 22 383 -732 475 -333 -505 646 -242 -216 833 -95 -132 564 -469 530 137 552 -537 748 -1375975
-154 633 183 -275 837 -42 -439 47 587 -926 -728 -172 157 282 -448 -441 93 387 -528 217 -28 331 38 -686 -11 391 -358 -682 303 67 -75 -451 170 295 49 303 -313 -94 12 -299 610 558 664 50 125 -530 94 -932 603 258 -125 24 -157 637 -498 -144 79 -285 -62 -290 -119 761 -154 -408 192 452 58 -20 -242 -245 -396 372 -328 426 500 -327 -389 5 -737 -743 -906 225 -167 54 -531 147 68 757 -96 -648 -32 81 -190 -613 33 -121 1 633 -43 73 2162049
144 -501 389 -46 440 343 -22 338 -435 -140 -279 -273 -157 556 -306 578 498 348 334 178 608 534 650 374 -403 109 -674 -312 195 -679 -480 25 -24 256 -325 436 -44 163 490 467 123 51 -236 -735 -369 -503 133 817 246 420 155 850 123 68 -97 -6 -241 122 137 -869 -378 919 148 217 456 -38 143 74 -175 -473 -27 -247 -81 -393 -737 -177 365 -8 -875 -94 200 193 -673 312 57 -120 -640 -534 -492 687 -541 655 -452 337 -439 -96 -240 -249 365 -761 -184020
-98 451 753 -107 638 -321 -261 273 -315 -39 150 -347 -37 348 467 45 355 -17 62 368 -192 -499 85 186 -320 -688 12 -558 17 597 -678 205 -860 -511 64 -394 256 418 -471 -242 -601 -610 35 32 -432 888 624 271 -423 -329 -89 161 -617 -141 -169 -230 40 -8 -359 -521 6 450 460 -253 775 30 -306 -442 122 -363 388 -464 271 -497 -448 121 -651 188 -61 -154 351 -247 -582 121 -271 495 222 -160 207 405 -676 -36 96 -223 438 -250 202 185 166 -190 2466823
418 -340 -17 133 194 246 64 135 714 -805 238 -707 -553 709 81 157 471 492 669 293 163 678 -547 33 -219 -330 -476 108 738 233 -312 -329 910 613 -565 -205 796 472 286 -233 85 -265 -303 -124 -636 -393 -798 -142 -559 44 80 -527 -40 126 97 -687 -372 88 242 113 424 -344 -2 442 337 314 325 294 27 -468 314 -693 244 266 -642 444 98 -888 -386 -819 41 15 -71 -52 -270 433 324 -16 -217 54 -371 -21 598 118 -355 -190 -853 349 -217 385 -941799
-224 -93 -794 -684 142 -168 220 144 -450 -675 -438 -120 -392 136 174 -41 338 -302 -594 -468 735 670 175 -228 77 -80 -417 699 -971 -714 357 152 112 -113 511 -581 -216 -446 -96 -315 -226 -28 756 -452 155 635 80 -144 -363 -289 162 -253 -429 -742 -375 455 -101 -243 -254 440 139 -236 215 -238 363 352 -397 176 398 649 377 -225 -470 281 836 176 -204 544 -440 214 -572 -199 -41 557 411 -267 -44 415 -664 114 -583 498 -121 -72 -3 -285 355 455 493 -328 -121169
-136 691 561 -341 153 68 -288 -217 257 381 -499 30 611 170 145 7 247 -522 155 56 -441 -121 -310 -139 -626 -447 337 82 -637 52 446 165 109 -147 -572 221 386 -94 -236 376 8 716 -841 -59 402 -322 51 -107 134 71 303 -450 -607 -234 222 942 718 -777 -192 -306 -491 -646 863 -281 -7 912 84 -14 269 -367 190 74 -415 -569 167 -101 -151 -764 852 -587 98 -210 -214 10 176 -453 218 -376 -80 196 -116 410 348 -555 305 693 -521 -416 258 -32 1304735
237 -202 138 -390 125 -208 -451 -258 -448 -255 694 258 -79 -563 789 260 -80 481 129 -237 -455 264 461 -714 842 869 118 -293 674 -136 -99 488 -169 878 59 214 900 -8 133 374 -42 -137 -279 114 66 -496 455 -213 -392 246 10 -83 -61 271 -515 47 -761 -128 184 -294 -36 -432 -797 -295 -276 829 60 940 -48 71 856 585 379 -243 442 812 -326 177 439 39 -519 193 -385 243 344 -291 79 -707 750 21 514 -50 -83 417 657 167 28 -617 -155 210 -2252905
235 36 212 124 380 153 329 83 -122 -399 -691 674 479 -21 -319 -192 107 -770 526 280 851 -551 536 -223 33 950 146 30 32 244 197 926 248 622 511 328 -313 542 309 -10 698 -316 -84 117 75 310 118 576 96 140 452 -30 246 -638 -169 -102 -60 21 647 -195 203 -5 55 -312 -230 407 297 -288 536 -255 426 -104 225 -426 -593 594 -154 -68 161 -651 448 -847 132 -64 -61 -261 -28 379 -448 69 -316 570 253 430 122 -303 238 316 68 391 2483910
-67 20 -588 750 -297 -76 -517 -380 -357 -850 -114 334 697 143 253 -580 662 387 -810 -312 309 -16 -248 -120 6 159 -122 312 494 -661 -661 581 -450 76 -541 -15 375 -87 220 -831 -528 61 821 -429 -821 62 21 520 -37 663 -640 542 912 862 895 7 -640 11 -855 847 -155 -158 -98 -859 -339 -713 -251 109 -718 793 2 -160 -428 541 435 41 -352 -150 -52 -936 93 631 -468 -146 6 -361 -201 370 331 88 299 45 12 -150 184 -133 -31 118 -113 -37 245091
-381 -395 81 -562 -465 -174 -344 -162 416 -723 602 228 643 719 317 -226 -364 3 652 -222 -681 725 -173 -356 -101 194 66 -280 -584 -762 122 -331 40 -525 -536 230 -143 758 519 280 -381 -82 897 41 -922 45 -357 605 386 -625 -19 281 -438 226 -263 497 628 687 54 -163 -290 332 -403 684 17 -519 314 540 449 -44 569 -108 -131 73 -341 -296 -208 370 -675 21 114 44 264 304 -1 250 713 468 74 153 450 -250 -403 -367 174 -736 155 -283 -108 -166 736646
929 458 -421 223 -182 -670 -63 -193 552 -544 -260 312 380 -335 698 810 -416 -27 -455 -240 276 -369 -126 395 877 449 -77 513 -211 223 325 467 -698 368 -12 209 274 125 -75 -426 371 -580 134 893 461 -589 -203 -656 -682 -54 -105 218 -358 318 159 721 266 472 425 -324 833 672 317 -919 80 293 181 145 150 -257 409 -161 604 -924 28 266 -161 492 -45 -505 -400 658 -53 -395 -32 54 -189 349 -148 -204 177 -259 -351 -124 -842 286 159 -461 -902 -149 2278937
491 92 -554 -283 218 -470 -777 115 503 124 -639 -582 -294 274 453 -482 679 247 50 127 478 311 279 -75 64 444 459 -407 172 619 346 218 747 501 -569 362 283 -38 449 346 -416 -63 4 210 399 450 -35 -231 -514 -138 248 -173 247 94 -676 -143 231 -49 973 412 -12 116 530 -335 -494 934 -250 638 -451 -307 -179 -220 -8 -714 540 -311 -441 -519 -310 458 26 -50 152 125 -385 -74 15 -161 84 -28 -178 152 113 471 -516 -1 23 287 185 -123 -671459
-771 -764 508 252 200 216 -821 52 353 -553 155 -3 395 2 -306 -324 32 169 339 131 -707 210 67 116 -216 555 10 116 539 -366 -356 157 -426 -137 43 -548 342 -193 -429 -521 -160 -2 -358 -96 -120 709 -152 552 -160 688 762 -78 -551 -485 654 79 380 -8 -162 498 84 595 424 -294 -86 203 181 -570 152 650 291 300 454 -308 -811 11 -604 -739 752 437 10 -9 -938 -530 69 372 -150 -322 -35 -404 855 484 212 71 -640 279 149 209 -311 130 1523599
150 -587 175 303 -244 -650 -494 -787 226 -669 -207 -396 -473 -142 -158 325 490 -8 124 157 546 -158 342 418 -12 451 359 76 -132 157 -430 350 163 78 -11 -130 96 236 -233 302 -596 -464 456 -648 -102 681 -65 -119 -273 442 -158 -100 23 23 -211 192 78 307 340 -142 -536 58 -429 -446 193 14 -398 -675 48 -585 376 382 -313 -12 -356 -383 -263 -437 261 254 407 490 532 339 -486 121 361 -7 487 723 179 -706 15 -128 269 27 -904 37 683 -440 377680
-222 734 -520 -165 60 -551 250 -197 248 -162 -144 192 381 -419 605 -92 471 522 368 -730 -85 18 111 -274 -801 228 76 -344 -704 -184 -622 -364 14 152 515 161 141 -52 0 -36 237 254 258 -230 -206 -839 311 -276 -396 58 298 901 46 44 523 -405 199 72 54 -283 429 -277 -382 64 -324 45 -308 -234 147 134 -829 -219 -125 -172 696 -872 365 -135 -350 -91 49 -347 -101 -818 -122 363 45 420 -354 -152 87 -181 -173 139 260 -196 0 -599 524 241 -427713
-102 -195 -251 -137 -233 441 -313 10 240 -657 197 160 604 -256 143 -116 -57 633 208 -208 558 829 142 462 -12 -118 304 30 251 388 112 84 -41 -252 -789 142 -579 -635 162 -407 -18 -17 812 -454 -213 -543 -795 602 256 332 537 588 150 -479 130 111 236 399 106 -185 -827 88 459 543 -314 182 -3 -820 -278 460 -186 -36 -335 154 250 664 240 -198 441 118 -132 -3 421 717 -66 -6 -251 150 -735 -167 272 291 249 266 -913 113 -317 526 -7 -105 -141231
-931 322 143 -122 128 274 561 -383 -693 797 -85 701 374 351 118 -60 -569 652 -264 630 -55 265 118 613 118 -533 320 -368 -605 356 -474 -300 560 532 -118 159 418 -18 -342 -391 4 -192 -755 -685 424 154 968 -389 -146 -178 10 562 -595 -387 138 -162 298 116 -560 -464 -547 -482 544 300 273 132 -601 358 238 -133 193 167 704 387 64 -289 -387 -709 -642 -150 -639 -87 -323 -84 593 -413 -160 -76 36 -255 -767 266 37 -701 500 378 483 -27 -439 723 5130605
-976 -60 64 761 175 -801 -37 -449 374 44 -2 383 361 -64 -107 76 -31 134 -121 484 49 463 -852 661 -138 44 127 636 431 -239 -768 -407 -149 234 -83 -864 402 -21 -92 424 49 -75 542 368 134 650 965 -433 265 -100 -127 149 -69 176 473 -743 363 52 96 -121 -452 -52 419 -669 -331 -134 -86 464 -503 -315 -114 -507 -172 -846 316 506 -87 26 -382 -337 -412 125 -104 700 581 -285 -322 364 -896 -274 255 -68 334 -206 20 534 337 463 -47 -23 -1015800
196 0 196 -325 -766 -928 -366 303 -333 -81 -94 296 -183 476 -78 303 794 -9 -685 -359 420 389 364 373 86 -281 -255 -765 70 -20 165 -243 233 -53 -586 -552 -52 240 -174 -306 -95 -393 371 213 -447 433 -173 -676 586 -392 858 -165 -107 470 -664 -314 -127 -109 -216 686 649 56 -44 -111 651 541 -447 667 98 -484 -404 674 496 -286 21 -383 -186 -502 53 14 533 -436 -421 -117 -337 110 603 81 -299 27 -157 40 317 129 926 73 347 -456 516 -46 -1209688
-173 -561 -153 -176 316 270 -153 167 -447 -170 88 -414 -462 360 -91 -119 25 462 192 -579 -510 -332 2 445 -516 34 -120 -345 101 -231 329 394 322 227 848 -329 -309 -381 -474 -400 -605 230 901 -306 -747 365 113 -64 -680 598 -486 -198 -393 250 -163 -210 -516 507 554 92 311 388 567 859 -513 -649 374 -442 -74 113 658 -5 -429 -120 -2 -69 780 86 -356 -765 50 484 92 404 -150 -570 69 2 279 -236 205 -62 366 -19 -30 142 -198 -556 668 -87 771448
14 377 -529 -278 261 26 533 451 -11 -794 647 -374 -675 695 -81 158 -50 -281 -437 115 279 290 755 7 -179 -651 913 620 -603 -122 -429 -400 -76 239 760 -41 496 -501 -362 -7 -280 -370 670 -777 862 30 490 -398 -699 -99 -454 -604 -243 645 -599 557 -371 459 86 13 135 -915 377 -313 -121 35 -904 -531 30 248 -600 -447 -7 -321 693 379 -265 101 151 438 24 457 -96 -27 38 366 -622 -180 283 450 -513 803 -58 -664 693 -229 -104 -163 -496 86 2589651
-617 -18 371 133 -404 -667 412 -341 393 -201 768 155 -203 464 -199 -156 -645 296 -77 84 12 307 202 778 -41 682 146 39 -173 -51 -244 -837 267 -163 -113 -587 -14 323 -316 -215 -674 19 303 471 207 -241 -140 74 -620 317 -817 -185 -550 5 239 -574 256 -612 149 -663 278 23 18 265 -642 -334 15 6 -381 -401 -848 422 -179 -385 21 30 -303 436 -499 112 -14 -303 259 -533 64 384 90 624 -383 -120 -160 288 314 -749 -871 675 140 117 425 -74 712548
297 58 -180 -55 -430 -573 87 947 -208 -432 207 -964 613 747 -264 -121 -665 67 -380 -57 189 -48 -562 -621 -256 503 837 -701 395 -512 367 811 -695 -439 537 115 -125 352 965 -457 -321 660 -63 -682 357 -241 174 131 96 52 -156 -290 -414 31 -854 260 -30 46 -769 -465 169 -334 -488 470 136 -56 391 346 420 176 -51 745 652 123 153 -529 -48 -334 -418 -225 360 345 -627 -623 67 360 -715 583 895 172 363 372 -571 130 173 728 272 -419 -237 86 -1904987
159 -507 552 733 134 -800 549 -189 608 -12 142 315 -212 -293 207 28 240 -189 653 -56 98 579 -286 -727 -669 160 623 535 371 -743 683 -55 510 69 300 -754 155 -307 -433 247 226 19 530 -93 796 481 153 403 534 -173 131 -119 249 155 244 -287 458 319 933 -109 -257 -441 797 -440 81 -188 -541 499 -29 -478 58 333 -386 153 -121 274 64 -482 -557 487 464 90 -7 630 244 827 34 467 -188 -158 -391 -40 -699 -170 -796 268 -31 -409 595 278 -2584321
373 85 617 -296 -181 416 -634 101 853 -293 -49 374 -18 234 -165 -289 -383 -383 700 -41 -430 -53 102 547 -22 13 230 497 704 140 -109 100 0 390 37 219 75 -808 -137 -515 -6 770 237 140 -354 129 483 45 945 -169 432 -410 -135 685 169 -430 316 -613 255 -210 158 437 148 -580 -82 77 -50 505 -199 -104 656 -218 805 173 -600 -688 531 -504 -416 421 168 147 516 -714 -158 -65 295 470 589 512 255 548 221 113 -40 -46 -264 246 -542 -782 -359261
-286 -203 -131 -540 -89 800 -556 -401 41 470 -50 -223 229 -412 -444 -13 607 -722 403 287 62 127 84 -477 -211 -522 120 721 631 36 411 -192 -193 -507 529 -123 868 -550 -271 428 -684 -95 -488 785 231 -317 493 -341 -71 863 636 50 390 -545 120 -363 -508 -481 -183 -147 775 -605 378 568 -91 -586 170 697 -37 328 739 -834 -493 237 -9 725 -24 -614 173 -339 -264 -372 -109 114 125 234 406 -257 -561 238 -579 844 83 103 -816 -309 -512 474 -61 235 -1554800
-266 -423 -131 54 -348 385 -744 -178 -542 -405 -15 -439 604 557 327 -40 -92 -151 209 436 195 285 50 87 -320 501 319 -156 450 -534 840 839 -389 -123 -409 32 79 -114 425 637 6 772 201 248 16 -570 -211 251 -691 571 90 334 569 298 545 -901 -926 -772 486 -73 191 653 978 731 33 -165 -93 -60 -906 117 -475 -162 88 -127 -754 -277 509 120 -367 422 155 437 -221 185 615 -192 167 -262 -584 -171 61 99 281 58 -282 228 -262 -67 42 389 -1701153
-284 -203 195 -510 -204 273 -128 778 -409 -285 -332 885 256 274 -767 -46 -140 183 583 19 640 -765 313 -687 200 -436 -383 273 -437 523 -439 96 -476 478 250 -162 86 50 85 -346 390 -199 315 -768 -29 675 -121 -47 -300 -785 -424 -161 422 -235 251 440 638 -352 313 185 -69 -183 631 -82 553 927 -165 -505 303 116 -672 -508 149 271 -332 -253 315 113 37 -75 164 -281 618 -392 -526 125 280 119 109 -109 -507 -272 -96 403 222 531 -469 -615 464 72 1501663
717 739 -835 74 -751 52 305 199 619 151 280 -124 -69 -392 -745 -667 -124 618 -716 668 9 274 -149 -476 73 664 -644 -539 -199 34 -603 29 -207 -333 338 257 -240 -339 3 81 -141 -274 -68 -147 -393 141 -96 278 464 421 633 149 856 -347 -357 -416 -522 -285 -152 495 456 -188 -195 -592 -261 368 -493 119 -24 222 856 417 -181 744 52 474 228 -780 -624 246 -543 193 132 -322 -270 -625 -295 -79 -372 -458 -447 893 -50 -538 93 145 -325 513 -56 -85 812797
91 261 433 -330 143 92 -477 829 98 -498 -353 91 281 480 -205 252 -669 33 639 -175 210 182 -98 -90 -50 190 59 -83 -114 -84 87 567 -376 183 -697 397 -74 -48 239 -172 -374 433 -53 24 -604 515 109 -746 35 348 -204 -147 676 -450 -335 105 -604 623 -407 177 -412 -176 -226 77 -486 444 -478 32 101 -533 -40 705 461 52 -672 43 273 261 593 -143 -236 -583 597 837 32 -536 -126 701 201 94 -18 93 4 302 44 54 108 445 -431 -596 -97284
234 -55 -259 500 47 -232 -622 284 -81 -22 -253 -229 -201 -87 147 -326 -463 193 -86 -483 -417 343 202 342 -138 85 -352 -536 721 168 45 248 756 157 -217 -17 661 327 -400 -15 -10 423 -74 438 -385 162 743 539 -499 -126 720 -350 182 -402 -352 597 300 -76 -94 -127 -385 -522 94 -439 65 -122 -61 -185 507 -448 -357 440 -183 -830 -274 -107 -274 51 -612 61 -305 -467 820 -244 -239 -223 458 348 -66 -354 560 353 -442 402 16 694 107 347 281 -450 -2778280
412 -203 248 144 366 194 -23 -138 303 481 -217 -320 403 -535 130 78 45 -237 372 123 -654 -335 216 -143 495 135 162 168 -159 250 -353 217 850 281 535 -39 -279 -797 153 -248 695 -75 53 423 -627 -433 0 8 764 72 693 -819 658 647 93 -190 -363 -2 -172 -713 445 221 -362 -57 -130 350 46 -79 -86 -133 671 148 413 350 -81 146 -508 458 596 181 -586 -675 -586 164 518 -313 -291 498 -18 -286 485 265 -476 756 122 234 -180 -4 156 265 -2346444
839 -136 436 22 -791 22 244 -328 -638 239 717 669 31 474 474 -137 -11 214 87 196 -29 -658 505 -665 -206 0 -304 -600 -666 268 -89 122 -496 -323 571 591 91 -243 596 464 -36 -98 -219 91 -174 -428 -512 -11 -322 -65 187 789 756 874 -65 94 -902 262 -53 -357 359 157 557 -160 107 -517 303 -428 466 -237 82 -348 -147 412 267 221 -434 -174 171 -643 -205 573 111 -492 241 627 479 -146 194 133 -384 -561 -268 -696 285 -169 -499 -823 -450 -161 1826018
-340 -534 -607 -880 234 -305 -40 385 400 244 703 116 832 169 330 526 -527 424 312 101 502 102 -716 802 -472 368 474 788 129 41 -37 -903 207 -50 417 419 201 29 -345 -832 -769 64 -332 -636 -489 904 -732 -90 -127 346 617 562 581 -402 -224 421 -402 64 40 63 129 -623 616 225 -149 -220 -16 -771 287 154 -55 70 60 161 563 -350 191 -558 313 -704 589 280 -526 139 688 -529 -131 176 27 380 -439 281 409 558 92 -115 633 -98 -326 515 1747595
686 -7 879 187 -494 -506 597 -183 202 375 -67 -24 426 321 920 460 471 512 271 -97 -86 -158 526 165 387 670 -200 -114 -475 -28 -308 402 182 -488 260 -123 -186 333 -270 -285 685 -211 -617 -641 882 703 -236 384 666 -250 -39 101 -303 -238 -67 248 214 456 361 -496 146 816 -687 -144 96 -741 -414 -817 499 711 -225 403 -3 585 -31 -48 298 27 -680 -58 842 177 913 -640 -342 -804 382 -226 -247 88 -199 191 -192 62 -844 545 -442 -574 83 234 -818569
560 175 29 -31 660 857 98 -88 320 683 -22 -526 -401 6 37 776 23 -460 251 -166 -82 -628 441 -429 -95 -114 -166 -230 260 114 368 -105 -159 -556 295 4 320 229 -342 523 52 -203 -584 -34 -9 -27 -30 -249 653 -393 120 160 338 554 187 206 -219 -522 -134 -479 524 217 360 -343 -189 -391 228 75 157 -142 1 -712 -285 -22 -493 -209 -8 229 -376 13 502 70 94 -57 420 -53 -136 202 -349 -486 328 -460 -38 -328 6 -626 10 -115 -117 -645 -952471
277 724 -462 17 -894 -358 -515 -247 -699 385 -539 463 849 575 -824 35 -767 -759 36 608 -211 -424 -216 72 753 40 511 685 202 93 542 -170 -112 -102 680 715 -244 -257 268 -79 -80 236 111 -208 -466 339 15 204 -114 179 608 685 -518 199 242 123 376 -406 -367 -200 -376 -405 -45 -457 -100 56 265 519 168 -504 486 573 -23 349 -95 -576 -65 -183 466 82 730 -127 231 93 110 162 558 105 254 -206 -46 689 -114 131 -134 70 0 295 -312 -18 2350217
327 42 -770 70 -398 642 82 -554 -810 -31 87 5 -18 -331 336 117 -557 197 307 -196 131 114 -517 -170 -216 25 -163 309 330 -159 630 -24 -532 42 440 -315 -2 -567 -643 -199 -234 13 -440 125 -50 204 276 301 1 520 -753 13 3 726 -291 150 704 78 134 98 170 663 130 190 13 573 -438 -199 329 -427 53 -134 -466 966 795 454 718 57 434 -21 -395 354 788 -267 33 508 -323 -862 -34 231 520 -276 -198 86 30 35 -30 -197 -105 172 -952556
-158 -339 54 82 -746 133 -3 363 -8 388 -134 360 812 -110 51 -364 -259 412 -552 521 159 -171 -137 308 641 -421 120 343 399 288 -706 -10 -74 536 896 76 -290 563 97 -221 -729 245 243 324 -531 91 -111 151 -164 188 -257 139 -184 379 277 -702 165 236 483 -248 173 66 276 -124 -744 -157 328 157 -316 -943 -659 158 251 266 306 -316 -491 540 -328 -103 128 -369 -629 600 -677 369 -338 -476 921 -353 104 353 -567 103 -691 -615 389 -106 452 -185 -138244
-552 -208 -289 375 -247 -141 352 -178 -190 187 -74 205 -765 73 -464 461 -576 94 569 -232 -213 179 191 222 -73 417 -20 166 16 254 129 537 672 -368 101 -437 27 324 96 -133 -695 228 553 204 -366 121 525 -388 290 439 -356 -74 97 536 -205 216 -315 90 -163 -194 -248 -118 234 -173 -262 -87 268 -300 -262 -442 -9 -366 218 -86 -334 175 296 696 -153 404 -211 -386 -194 -577 -99 77 756 216 -566 -322 498 -482 557 324 -263 -660 -305 232 -381 44 -731930
-12 412 -168 -281 -594 -634 249 348 451 266 48 363 912 -757 954 51 409 -313 -260 155 97 52 -243 -144 70 45 -272 213 59 170 96 -45 332 -255 -656 -133 421 139 -330 -612 117 210 544 -867 -120 -384 524 -520 -137 -423 -226 0 714 -626 135 124 194 394 -242 342 478 -740 531 506 -387 599 527 -419 -261 -22 69 -578 789 2 344 480 302 -176 -167 225 61 480 -223 -465 17 37 -385 -3 924 -106 -306 89 171 -172 -109 -255 231 541 286 -125 -1006703
238 741 372 -448 -263 -83 -124 74 -433 -302 -395 59 19 196 677 959 631 -233 -562 -347 469 -394 -128 39 -417 -454 -173 24 -442 150 -710 149 -838 277 -413 128 -854 -303 413 -894 -526 -168 609 146 427 49 -243 -361 114 520 -156 -243 29 305 543 85 -585 668 126 -161 110 -82 86 -213 -528 253 -397 -397 464 -575 319 -626 132 -242 153 811 132 -221 -714 417 -182 722 -26 -243 232 444 397 -364 -843 -214 -11 -427 -379 338 -136 666 71 -193 64 484 2178455
98 551 -254 -328 -420 -84 -650 -309 138 231 431 35 -12 196 -241 52 609 649 437 -391 -574 -414 310 451 -46 448 -366 183 -322 26 -292 -410 -23 23 559 431 -195 816 294 -85 301 -72 -154 558 -509 257 -41 516 -561 -298 171 334 -202 90 66 341 664 302 -619 35 -259 -281 492 -365 -227 -70 767 567 62 658 310 143 269 -811 -48 -182 -132 40 -877 -3 -339 -512 190 -7 -288 28 2 701 616 -80 114 261 -374 -304 -23 293 266 -285 -813 -644 1914495
-289 274 260 632 -135 -204 289 -39 -290 -336 -4 327 738 -281 -250 -529 -484 173 720 -349 -643 210 151 -88 -468 -451 181 143 -83 492 289 -873 -292 228 105 12 623 107 -255 -364 244 806 -291 697 459 -60 504 551 367 -361 308 -65 -776 409 63 248 230 437 -702 -435 26 504 -77 93 484 -236 -265 -278 445 -70 825 167 -473 347 90 582 768 -2 -211 -17 528 416 149 223 271 751 330 -144 -478 -319 -237 -272 -3 223 -181 412 -48 259 615 640 -1210537
-366 -17 -43 468 -310 443 412 -15 -102 -100 60 -287 83 112 102 584 496 349 406 284 -35 -99 546 490 389 162 645 -540 -153 -222 678 333 -71 -727 147 430 -69 -511 217 274 18 55 311 391 89 -245 -117 -412 -229 145 66 -619 259 827 499 379 185 -173 -49 598 91 454 441 434 -98 -223 155 -34 29 186 542 43 0 -833 793 -10 -882 508 -514 -228 -183 5 58 -318 411 -34 -214 -24 233 -615 -740 -89 -181 -62 360 -12 -38 -203 611 107 184735
-653 -24 83 -433 96 -307 326 -617 727 -255 734 264 -275 -283 540 359 -102 -331 287 296 836 388 299 -44 444 -239 -566 -125 382 144 417 457 -162 -56 11 157 -66 10 316 -446 -333 -62 -661 -92 -595 -358 -445 -215 577 167 -328 -214 -131 486 763 -55 59 -117 -655 470 195 220 564 440 85 -624 -68 11 311 -14 -462 207 -186 -5 529 910 -422 123 -161 -70 171 33 173 -97 -106 557 -181 28 -146 144 -215 458 -113 505 145 651 93 418 -568 -604 -2491876
562 -595 70 13 105 9 -141 604 48 121 544 -492 -193 -451 -401 -140 -397 189 49 -52 8 43 -225 261 756 368 -494 -64 -198 551 -217 561 -621 410 -695 229 -334 -116 272 -87 -120 -319 157 51 -194 -288 366 -26 -272 820 -259 -302 -325 144 -273 327 43 346 -672 510 -1 370 848 757 -273 -39 275 -477 241 -456 724 224 -121 -33 -682 -12 348 -23 701 420 -688 -105 688 538 -267 -103 305 -424 42 39 19 -26 -262 210 390 218 10 -63 531 -373 -996912
-443 73 644 -306 -105 -656 114 -70 620 291 770 359 -377 127 -582 -582 -724 -219 -157 256 561 -700 -731 176 370 -102 -24 -80 201 401 -201 242 -691 -355 -149 -111 -147 88 -230 -639 82 -369 165 657 -402 633 524 473 -453 -664 -629 163 -235 -304 218 27 -35 -290 -792 -208 73 -797 596 134 -206 245 47 -259 10 -301 143 -120 87 -762 -43 101 -897 332 -19 -103 -64 587 550 -501 413 140 276 16 610 -341 -67 -403 65 -562 43 468 -874 314 -617 -412 2622774
13 352 748 651 272 573 422 -56 -550 -468 -635 -176 406 520 304 -415 835 -42 306 -411 271 -515 37 180 -189 332 62 317 -650 -743 592 324 131 11 -757 365 466 503 280 -10 393 213 -818 -77 718 -165 22 -264 793 238 -301 -155 -194 -684 29 475 -372 229 569 -10 684 -404 338 508 430 -538 -300 -763 -345 -407 -141 -189 755 297 192 -38 114 879 -111 230 -516 391 -353 42 -818 -663 350 529 -516 780 115 497 -701 -319 116 803 251 -216 175 551 530918
109 -600 37 -86 108 -155 83 100 72 218 -308 83 -80 192 -955 453 -17 -388 135 -812 -133 -237 -624 684 -356 -70 275 -722 -415 -62 212 785 -108 214 -77 -731 435 93 -753 -95 32 227 202 -497 -27 -582 479 -621 601 -250 -301 314 403 -407 537 -459 -18 -124 568 -28 -181 373 241 -330 -303 -634 144 -469 86 -154 -83 191 -549 83 -202 -440 93 -436 38 176 -347 -516 -131 640 -567 -70 -480 -398 -106 -305 -613 604 188 165 50 314 -117 148 460 -292 -3512847
-78 244 112 414 530 -655 -341 -251 -234 424 -96 518 536 -814 398 -111 -468 -590 -22 -702 -421 -575 -408 -212 -264 524 302 74 4 481 154 -278 -496 331 306 -9 623 -173 -762 -428 -820 -738 435 -32 -404 -158 172 -563 48 510 -253 240 -84 -415 33 776 253 -9 21 128 56 -281 -115 -96 276 583 265 -255 593 -17 -514 135 -203 76 85 787 525 -277 663 -713 744 315 749 -161 390 264 -66 -384 -122 -451 246 -542 -158 -171 -138 93 -662 264 -885 724 1713546
277 30 -612 591 689 229 -524 59 -430 -529 -348 -665 -29 724 55 -409 -564 -104 -30 89 -374 -406 -995 67 -812 304 -194 -171 -409 -136 2 330 427 -91 7 -296 -36 -618 -400 -104 -309 276 -161 -77 -693 -573 241 42 278 65 -403 -83 716 -119 -548 103 -375 -416 -515 -107 -59 -252 374 -798 37 289 36 -453 -143 67 -795 748 -99 294 -161 177 -196 314 11 -170 -863 386 325 221 -286 140 -190 -899 219 -904 -771 -515 -506 -84 -683 553 -136 -78 -775 -275 -25721
-216 209 105 -696 704 325 -29 -328 -390 -29 333 29 -537 -261 447 -22 681 176 849 53 -119 -160 540 317 -254 -274 163 -21 -645 -333 534 -263 -464 1 -607 -62 136 126 289 476 435 -535 -43 578 164 -533 241 266 764 -837 -327 79 -121 -219 1 -93 -189 35 -183 -271 -144 -321 46 -125 211 -386 139 -12 -453 -462 378 -17 466 -100 -722 264 -177 585 -760 327 -150 -18 -718 7 91 376 -362 -696 25 34 185 142 241 -122 186 -420 146 25 180 -743 1230194
-422 -613 -8 319 248 25 -348 442 -458 375 -476 -587 164 450 823 -35 -12 -384 -604 349 288 -275 -811 186 134 -541 162 33 309 373 839 531 -309 -195 81 -270 528 13 270 -552 -593 767 -223 598 -69 218 309 -109 -752 438 -796 52 -376 97 -88 -350 -196 240 216 -332 458 212 -13 -882 505 214 724 440 -22 947 -564 -142 -635 821 -64 -920 23 864 -251 246 -462 314 726 315 -4 -405 506 24 -98 -196 -18 -65 -176 -281 429 530 -222 -418 303 209 -2773258
-193 -268 -392 -464 -401 52 -129 585 83 621 -82 -520 -4 -152 -689 -105 -140 430 29 978 -47 -142 -334 168 -253 -387 -59 362 -493 -468 266 -65 53 -54 -21 -642 -46 -243 659 -632 -286 72 -222 241 642 -545 -449 -262 -244 333 -391 -333 -93 182 -3 267 -117 -281 -229 -54 -268 -326 -209 238 745 283 -738 -83 21 29 296 432 283 192 110 -179 892 476 -92 582 -419 359 111 -341 -330 -147 -14 203 -915 675 -466 36 639 108 226 -96 -149 2 -461 -203 1345883
-353 -119 -416 252 126 -137 -281 -267 115 -392 532 796 -577 697 108 525 -503 -262 -510 102 214 -428 568 290 146 320 411 -587 -31 149 -44 183 -920 -466 -88 482 -48 58 6 202 -401 182 -307 -156 704 35 19 -239 139 -35 -70 177 148 402 288 10 125 -455 139 -223 -265 503 -321 500 -89 573 -441 -276 -663 565 730 -192 -529 -326 -553 -194 615 -713 -428 -183 253 -27 -563 222 175 -306 -286 465 209 -556 -410 487 206 -149 -142 -90 355 -77 -68 -435 1902021
285 -636 114 -168 615 276 -475 761 184 158 -71 -198 303 428 222 342 -43 153 -818 43 -91 706 729 166 433 -396 -256 -1 482 282 -228 -790 -318 -553 -3 14 160 -308 835 -197 -170 278 -188 269 -297 -2 527 202 220 73 -157 -878 -544 540 320 -793 397 -276 -238 -497 248 235 -290 -16 -913 146 -503 -419 434 243 112 -392 287 718 -323 810 721 52 186 64 94 -797 -170 -457 553 75 -411 173 -337 926 111 -383 -516 -32 1 -762 243 685 521 -311 -917479
14 -261 94 128 802 97 -508 -198 -323 -59 -199 476 -379 -235 92 569 -781 357 220 70 241 288 528 5 507 235 -522 1 576 241 221 421 -234 104 319 8 -364 -58 -614 369 245 555 19 -531 -678 -386 168 -666 -834 -80 260 694 -127 -292 286 506 33 254 264 -705 -215 481 592 535 -100 -109 679 -297 -76 516 -512 742 -270 222 -577 -419 -223 -543 -475 126 95 232 658 -321 -653 -207 513 5 234 -411 95 -191 232 -761 -94 181 87 -224 -4 -24 1136935
650 -173 302 757 707 490 516 -328 567 -143 277 474 99 -241 57 87 -850 -130 -254 637 -27 -747 76 589 484 -237 -221 -873 -512 -676 268 -99 -324 222 -250 -126 284 212 -300 -54 895 299 -405 -97 -41 278 -361 -4 -49 -263 21 -927 -614 -688 439 -25 -680 360 347 -1 -860 181 -191 446 42 461 795 721 820 -28 -356 241 -132 -768 513 465 -139 134 -178 77 412 -423 -630 -612 -21 96 -45 -413 -61 -17 50 -193 95 -420 170 79 492 -211 -399 -597 1110173
-462 -147 -162 -683 -741 579 -250 220 -673 114 -247 -217 -152 -189 -546 31 363 -811 323 -23 456 -109 -58 51 -442 470 358 -739 179 657 -417 -23 572 -205 -327 126 327 335 -520 -110 -96 54 262 -531 36 -223 814 -434 272 577 188 -574 423 136 -502 -706 -319 -336 -337 87 -93 669 266 51 299 834 -319 -350 -332 655 -542 -136 -352 -213 310 8 386 -415 -88 190 263 -654 931 -952 429 62 4 -324 -193 -390 -16 -19 -408 375 -149 363 -59 706 57 120 -2525868
-191 22 109 -537 -488 680 -12 -133 -477 732 158 136 156 -28 -349 -301 -78 -377 -228 -54 -192 -220 -417 -624 -112 -519 -445 498 -839 276 562 -81 -303 -134 -372 -246 -266 -64 180 -576 -228 -534 -127 -258 434 493 -7 -520 305 -487 159 -631 152 211 -31 -248 244 420 183 -202 180 -35 54 217 -207 293 -653 -154 318 182 397 324 151 -242 202 655 551 556 66 965 206 -540 -433 403 716 -179 519 -244 186 4 421 -229 927 226 -548 -499 449 210 -380 -99 -616921
198 -550 -484 682 -632 442 -303 -591 -108 -29 531 0 434 346 -530 390 617 32 -306 -165 104 -149 -806 -222 -752 -571 868 -242 -64 707 -1 74 -414 -250 172 -10 565 -219 -251 -860 307 -872 295 -172 -362 -364 -368 -746 168 498 -60 -32 329 560 603 780 269 437 -207 -207 151 67 -861 1 622 -352 338 -284 -339 -903 -25 -122 -217 456 227 655 31 162 -660 -522 365 523 -611 -278 -189 18 694 30 -494 702 88 463 728 -711 493 30 -459 -439 88 331 569819
750 36 188 275 -94 427 334 465 -131 -518 170 -133 713 -8 712 700 321 258 507 204 158 110 -477 -741 -23 400 254 208 343 768 -123 -482 -741 -293 -43 178 -809 -41 511 457 664 633 419 -764 395 -830 527 118 112 199 -615 184 667 -358 66 313 -397 0 788 137 591 103 -357 -97 -305 472 129 304 152 268 692 -52 -824 612 183 -204 57 892 -231 -544 193 -160 -63 116 -263 307 -386 19 202 -245 -268 -193 450 136 789 -317 -480 303 -37 545 1894351
-195 -870 106 210 -220 341 164 -51 -153 -518 29 -383 689 358 -307 705 754 -435 281 168 36 221 -343 -185 606 -213 -186 -112 -322 156 -204 -131 697 -590 562 390 -265 -497 779 -457 -386 372 -617 -420 506 -217 -698 204 437 -23 192 597 -375 -33 65 494 489 404 479 -67 73 -713 15 -329 -543 -548 13 872 -500 -253 350 -108 107 -641 -70 220 -697 675 349 122 641 -248 -26 645 166 687 -368 -350 525 -26 -52 -542 405 -80 126 -439 615 -227 287 63 1562002
-191 618 682 181 629 -339 350 476 252 509 790 -150 381 347 392 122 161 642 -287 -302 628 216 -171 381 -208 -188 606 635 284 -345 41 -123 223 45 -657 926 -195 -402 186 364 -133 -792 486 -244 178 -258 541 421 138 -653 208 101 -584 -704 -324 580 -164 -336 335 -613 -168 -324 99 -214 563 -282 54 433 166 71 389 738 -210 194 -529 -65 710 -323 59 750 243 394 -64 471 908 297 546 170 85 110 -54 -493 359 -831 -355 41 35 -110 -386 74 1393757
-96 -181 404 787 1 -306 294 -44 384 71 -308 270 547 346 -182 683 -210 -180 -565 -316 504 -264 -774 -549 -184 -360 -718 -765 -634 -363 353 -95 -882 689 -315 694 -953 -365 122 235 -744 -203 -568 13 260 -667 324 -595 -37 -653 468 -162 120 139 559 -766 249 0 63 -522 -336 585 49 78 -212 659 763 -231 -382 -173 284 640 -259 510 652 -225 447 -345 406 -197 -194 448 -41 -197 127 50 43 -113 -671 -412 385 -703 428 -25 -666 379 -408 356 -602 -575 -700627
140 584 518 -33 219 124 -82 83 725 181 -812 494 -260 -19 -287 311 234 36 -635 -105 558 -812 -208 471 681 225 -436 -351 274 -910 -612 840 295 -331 -121 -108 -65 265 350 -755 -261 -101 -460 -41 177 449 96 -165 164 -301 421 -169 23 436 -521 755 502 -774 555 -143 -120 297 593 -336 -13 -201 307 60 -276 55 -472 127 -182 424 186 104 234 339 -116 -417 -280 -424 -285 357 -165 644 -776 -607 -229 414 -253 -681 -729 -192 -339 675 477 408 -57 -72 568867
-822 -210 342 -204 -350 71 375 25 -305 152 -423 738 431 543 264 -200 42 -155 -226 -502 -502 467 -42 -481 -321 10 498 -42 246 -697 -28 -48 44 -249 -211 -407 521 160 -94 133 -650 -160 -108 129 -702 -352 -466 285 -603 -252 637 473 -246 -714 -337 -756 -438 565 -120 -55 126 98 546 238 -582 -519 680 -490 -413 -258 -785 616 -228 -64 -477 479 -173 -45 -689 -333 -116 137 -249 -2 795 -412 77 140 384 149 -395 -446 -91 -196 -240 -49 620 -792 -264 -644 1173968
-703 -106 -149 -426 406 142 55 -206 -441 -814 -930 -390 -423 61 -625 197 -288 749 -579 448 -250 190 -66 419 583 -190 -258 -657 -115 -719 -180 -365 -135 -256 707 112 -218 -89 -65 208 286 -477 -561 -358 -730 287 -600 -378 602 902 558 766 -331 56 5 -174 -366 -34 215 -604 234 -74 -99 -397 -86 164 168 -891 607 -207 132 255 -384 486 181 667 213 -598 141 -383 158 177 64 514 -198 634 -75 52 110 -629 69 -646 -369 -251 762 828 -500 597 -63 -118 1981690
-230 26 -595 883 264 -547 -356 -32 -84 399 83 -402 230 442 306 259 192 -231 -637 111 -389 -41 20 -119 -357 -34 155 253 110 -94 -628 -157 -198 159 -31 -209 -518 -518 325 -210 292 344 321 -168 -707 -449 -97 -420 -641 -482 -342 556 411 -710 -599 -294 189 -212 -354 294 -289 -44 -112 319 -724 -425 496 -278 -832 292 445 -442 47 -207 319 -369 -67 -357 -876 68 -203 -17 -227 497 -282 510 -214 150 -234 -178 382 113 393 -218 365 -435 140 104 -98 -145 1717155
