-100.00000000
458.00000000
-426.00000000
-303.00000000
14.00000000
-226.00000000
-132.00000000
-621.00000000
-245.00000000
-39.00000000
-330.00000000
350.00000000
-379.00000000
-460.00000000
476.00000000
-435.00000000
55.00000000
327.00000000
618.00000000
88.00000000
-269.00000000
142.00000000
-580.00000000
3.00000000
-264.00000000
-156.00000000
411.00000000
-53.00000000
-513.00000000
-93.00000000
374.00000000
-11.00000000
-505.00000000
58.00000000
-659.00000000
447.00000000
8.00000000
671.00000000
407.00000000
251.00000000
287.00000000
-452.00000000
-360.00000000
-622.00000000
687.00000000
-260.00000000
757.00000000
490.00000000
45.00000000
-284.00000000
-658.00000000
810.00000000
697.00000000
-223.00000000
-196.00000000
-49.00000000
-174.00000000
-210.00000000
-6.00000000
242.00000000
102.00000000
389.00000000
7.00000000
-593.00000000
74.00000000
-209.00000000
-418.00000000
-235.00000000
83.00000000
439.00000000
568.00000000
979.00000000
536.00000000
-844.00000000
-415.00000000
211.00000000
676.00000000
195.00000000
480.00000000
-265.00000000
77.00000000
-382.00000000
128.00000000
-357.00000000
573.00000000
-606.00000000
118.00000000
183.00000000
789.00000000
537.00000000
386.00000000
-291.00000000
-3.00000000
448.00000000
-143.00000000
-320.00000000
-289.00000000
595.00000000
34.00000000
697.00000000
320.00000000
749.00000000
-184.00000000
444.00000000
272.00000000
-21.00000000
-974.00000000
-225.00000000
-408.00000000
-499.00000000
703.00000000
384.00000000
184.00000000
-748.00000000
217.00000000
-528.00000000
393.00000000
326.00000000
-143.00000000
-538.00000000
-304.00000000
138.00000000
481.00000000
98.00000000
-569.00000000
225.00000000
132.00000000
-101.00000000
588.00000000
829.00000000
453.00000000
46.00000000
-422.00000000
-297.00000000
440.00000000
564.00000000
-338.00000000
-141.00000000
261.00000000
215.00000000
-445.00000000
179.00000000
-301.00000000
-53.00000000
229.00000000
-203.00000000
134.00000000
177.00000000
159.00000000
-204.00000000
-251.00000000
-617.00000000
709.00000000
202.00000000
198.00000000
15.00000000
-142.00000000
-263.00000000
-432.00000000
-452.00000000
-485.00000000
128.00000000
130.00000000
9.00000000
-113.00000000
-112.00000000
812.00000000
47.00000000
-137.00000000
-508.00000000
665.00000000
-186.00000000
644.00000000
79.00000000
-414.00000000
-640.00000000
267.00000000
398.00000000
144.00000000
39.00000000
212.00000000
315.00000000
-98.00000000
-103.00000000
258.00000000
-174.00000000
191.00000000
94.00000000
-809.00000000
751.00000000
801.00000000
878.00000000
599.00000000
-183.00000000
36.00000000
-226.00000000
135.00000000
-728.00000000
-196.00000000
449.00000000
-146.00000000
-719.00000000
-437.00000000
-768.00000000
-100.00000000
235.00000000
93.00000000
769.00000000
-259.00000000
-565.00000000
442.00000000
729.00000000
299.00000000
-739.00000000
170.00000000
814.00000000
-366.00000000
420.00000000
-178.00000000
656.00000000
-15.00000000
71.00000000
2.00000000
770.00000000
73.00000000
-775.00000000
-585.00000000
91.00000000
-397.00000000
-830.00000000
63.00000000
444.00000000
-922.00000000
-754.00000000
516.00000000
-378.00000000
-209.00000000
227.00000000
180.00000000
-110.00000000
-149.00000000
768.00000000
364.00000000
333.00000000
211.00000000
-262.00000000
-217.00000000
322.00000000
47.00000000
-240.00000000
469.00000000
415.00000000
722.00000000
54.00000000
-711.00000000
-845.00000000
354.00000000
-241.00000000
-219.00000000
35.00000000
242.00000000
-383.00000000
308.00000000
886.00000000
-143.00000000
269.00000000
27.00000000
-61.00000000
-25.00000000
651.00000000
234.00000000
-245.00000000
81.00000000
657.00000000
-395.00000000
501.00000000
818.00000000
-128.00000000
-592.00000000
-814.00000000
-245.00000000
296.00000000
-213.00000000
235.00000000
-124.00000000
25.00000000
45.00000000
753.00000000
-355.00000000
283.00000000
454.00000000
97.00000000
253.00000000
752.00000000
80.00000000
-723.00000000
41.00000000
-30.00000000
-193.00000000
-411.00000000
-260.00000000
-151.00000000
-254.00000000
557.00000000
-340.00000000
288.00000000
-25.00000000
-260.00000000
-292.00000000
-111.00000000
429.00000000
623.00000000
-261.00000000
650.00000000
95.00000000
583.00000000
-442.00000000
-380.00000000
330.00000000
-658.00000000
17.00000000
-544.00000000
369.00000000
-427.00000000
335.00000000
-136.00000000
-20.00000000
-61.00000000
82.00000000
267.00000000
533.00000000
363.00000000
-71.00000000
43.00000000
160.00000000
-752.00000000
368.00000000
-831.00000000
-804.00000000
461.00000000
-443.00000000
351.00000000
-835.00000000
-743.00000000
-120.00000000
-225.00000000
-627.00000000
-200.00000000
121.00000000
561.00000000
-419.00000000
-190.00000000
-487.00000000
332.00000000
722.00000000
-409.00000000
-531.00000000
-536.00000000
-120.00000000
-119.00000000
-107.00000000
821.00000000
-205.00000000
569.00000000
168.00000000
198.00000000
-61.00000000
345.00000000
-12.00000000
160.00000000
-179.00000000
-363.00000000
342.00000000
278.00000000
119.00000000
-19.00000000
-186.00000000
-370.00000000
-226.00000000
-475.00000000
329.00000000
692.00000000
378.00000000
72.00000000
418.00000000
77.00000000
-16.00000000
531.00000000
464.00000000
547.00000000
-34.00000000
298.00000000
330.00000000
390.00000000
-225.00000000
47.00000000
285.00000000
76.00000000
-520.00000000
31.00000000
