25 15 27.69067306
-584 593 -94 805 223 -2 224 503 -118 -153 -335 441 90 -263 496 -14722
596 -526 -722 63 -558 -132 -219 -428 -486 -21 -256 249 -32 85 545 1425981
-114 -859 33 -555 150 383 -378 -186 447 1 -311 421 929 -21 94 -61764
594 -632 342 507 144 -30 26 41 490 -185 914 -765 144 76 -118 -773508
-353 -201 212 62 576 374 733 137 240 -90 118 -90 -194 221 -526 -547891
-300 578 136 640 -493 53 -238 -366 208 173 -70 -57 643 -457 -369 -516981
-34 -509 -169 37 -527 335 427 -39 -357 -64 640 -189 -294 333 -329 399139
-382 296 -468 736 245 115 32 675 -45 161 -515 -243 -615 103 63 34464
681 410 142 -898 -487 -617 -722 522 -592 270 -632 723 404 588 177 764928
-71 332 -814 282 648 -12 -226 447 219 -228 424 -403 266 255 -139 -1154034
857 289 481 663 763 557 694 -335 273 645 20 -519 217 323 -46 358801
-97 -379 0 667 -487 -26 182 -305 -190 -623 662 171 14 243 -141 -159650
168 7 -46 -108 -683 51 -525 310 431 491 -131 -147 -353 428 -148 209150
-267 49 -191 98 624 106 56 -740 454 134 147 97 396 -132 -71 -790246
815 -261 107 -133 -751 -29 -834 -361 43 119 -313 -468 -85 175 -544 373967
149 -528 431 435 784 -563 -258 432 -618 -525 2 -585 -56 -186 -240 -1009377
225 -163 148 276 -82 -381 -184 -41 742 -279 -509 -623 -742 -469 89 -71133
695 -97 11 153 -14 700 75 -35 -238 23 -725 206 715 -379 -759 566382
-759 25 116 -453 -676 341 -863 -109 450 161 -216 -12 -561 -546 -50 -99398
771 280 335 184 18 62 531 423 302 -278 -302 251 144 -611 -250 252178
-58 -120 316 617 97 656 641 -641 609 -64 -875 -514 -680 -286 -123 860135
694 632 -608 438 745 -707 -306 -412 350 362 -118 -79 215 -2 -403 -1177526
41 -603 -133 270 -202 192 -233 377 289 904 13 -158 -494 175 -365 -168663
729 416 -651 -86 -59 -15 155 -631 756 -390 -338 -202 204 210 455 803831
-144 520 -43 204 -512 -417 277 226 916 -696 -7 -203 -529 -609 437 -19939
