-95.57599498
342.52046467
359.71405830
886.81909733
-166.70525501
-60.04147549
-347.12037837
-260.25885582
200.47411497
442.08058489
-304.70173471
-80.95929070
67.12998314
-151.12874023
-59.53840771
-206.50637804
116.46985673
-215.76774267
-148.71094124
-57.29952457
565.62342021
159.53281789
-145.39145117
-326.70930719
-363.85899510
-102.88507525
229.76889186
788.77921216
-220.16247432
-173.41316481
-228.48249339
-433.92863120
457.90895253
-633.75766706
20.93710815
-7.72927261
198.40103811
-198.27644913
50.20776287
809.94670249
-53.61069469
-630.62529728
169.88647477
-173.63955845
-205.68566282
24.25888116
624.62978892
-544.96676497
290.48640039
39.33215456
-219.33480876
-454.63250124
186.78247160
380.72817719
173.43503341
-372.62375599
-104.53875824
296.32039421
-495.51691590
14.98412238
-224.65271068
-136.66615402
-671.08070945
129.59350016
491.00464856
-65.96223400
204.12180812
247.09846182
175.34880510
-667.98537353
-533.80076157
468.47016295
-43.66497476
425.59401272
-108.76837127
