100 75 32.37483891
-241 -172 67 -355 -572 368 704 -459 18 230 64 309 410 -701 -276 626 -142 163 261 770 -761 401 -587 -105 -343 430 527 -98 -350 772 -609 -437 -148 173 -170 -199 431 11 144 -428 32 171 388 497 274 -235 -333 -382 351 -17 -267 -751 -14 -695 -186 -69 -122 54 824 -47 171 -533 695 -644 -478 -126 123 -284 -322 591 -102 -662 -727 -309 294 -2685174
-750 362 303 801 399 -2 -125 394 230 -37 -84 -656 286 -3 65 621 -594 680 -311 368 99 -287 487 564 -469 185 37 348 145 300 -362 -531 257 -249 277 385 485 349 557 -313 -559 -465 -246 449 228 406 -330 260 -624 -128 483 30 708 -62 -60 -647 -149 -492 -231 -200 57 215 434 6 -512 -536 -160 938 -127 -188 502 547 51 311 11 898579
170 -331 -852 509 -86 384 614 224 -230 77 -91 450 -363 157 673 410 -60 -124 183 241 29 -172 199 196 443 -97 204 808 205 -860 -163 -631 279 -487 -370 -88 -622 653 -561 -101 -527 -63 507 518 -290 237 506 -380 203 -49 886 491 -750 -158 -8 -78 -106 -209 253 113 -385 158 309 609 -90 -7 -281 -292 -372 -342 -710 -266 -559 234 481 629646
-47 -599 -136 593 -779 682 -52 346 18 206 594 -742 34 501 40 319 -922 -191 -276 -232 -95 -193 498 158 -521 -456 213 50 -148 163 237 -114 849 -391 96 165 -173 151 477 -807 24 678 188 -868 631 -67 128 183 -486 549 522 261 -313 322 71 122 -100 332 175 480 111 -326 -120 216 -350 654 129 169 -322 685 358 -157 -746 346 640 -1203885
237 -112 -658 416 459 -27 238 379 -378 -398 -547 762 -133 121 447 40 862 242 -361 -237 429 211 189 -220 -704 470 -362 47 -102 71 279 29 -665 -6 282 424 492 28 227 -507 -163 624 -156 333 -514 -913 163 -93 387 -824 10 28 -764 832 -138 -310 -713 175 -366 225 -88 -411 131 -75 395 187 -652 203 270 47 -289 -520 700 480 -189 140691
452 370 -202 -464 19 470 -16 -580 -301 -426 -177 483 -366 606 163 468 140 9 -13 -340 476 563 597 0 -327 41 210 446 354 -97 -180 132 -791 249 37 -447 39 -379 98 -68 196 -85 -504 -453 -588 14 -180 192 -361 -424 -650 -163 244 -622 728 58 -365 -22 -666 -370 326 -21 -210 175 -36 105 -120 -296 49 114 743 -299 497 158 -446 -701975
-423 -217 25 -272 -292 304 5 52 658 -562 877 -55 208 256 625 -494 -311 406 216 267 178 32 106 -108 184 -167 -136 639 -429 -209 705 45 -413 -890 -710 22 -51 651 -159 115 -127 86 77 811 -378 492 -749 -630 342 641 -142 99 68 -140 292 -66 -77 -98 -605 649 19 -9 31 109 545 4 -235 208 -796 390 -307 -690 -8 -31 -19 -43667
402 112 -82 459 -484 426 54 623 -329 -317 -380 -617 696 -155 -238 283 122 -90 186 68 20 -130 35 -311 319 -234 -252 -485 -123 757 186 451 84 349 -622 -28 -737 -176 686 4 237 239 271 -571 -180 84 226 -38 -103 -419 25 24 -549 233 -343 142 359 -122 489 75 140 -390 -603 28 180 569 514 843 89 101 -39 640 273 247 472 -32267
70 -167 331 900 -476 -385 284 333 93 -147 170 86 -217 -377 120 56 60 518 118 398 -503 382 -859 262 -213 428 -72 62 -479 92 134 -520 -316 -63 -585 92 347 -602 -161 722 423 230 17 62 329 -467 303 9 10 437 281 -311 3 -236 396 -237 -12 171 -362 896 92 -570 -264 383 737 -477 700 -59 301 -158 -458 -131 -49 -113 626 2731964
204 154 113 -575 -11 667 -173 374 -280 -175 372 519 -104 -71 59 214 273 248 612 235 -166 114 270 429 -485 552 268 425 -106 -52 262 -433 530 -727 192 95 -238 335 49 -330 -335 -901 645 -198 583 844 -88 379 -69 -416 -840 -203 241 600 -456 149 -157 -153 477 28 695 553 283 49 -64 -15 -335 -687 562 -509 -465 20 -406 -485 -188 106141
132 -234 465 -31 263 -499 1 30 73 -422 402 -443 -860 288 -425 -99 -42 743 716 -709 -31 931 310 283 -95 -53 326 81 359 120 468 -64 336 -151 -256 383 -69 -669 275 624 475 191 -574 -86 288 -986 -297 182 -20 92 524 -563 -212 48 29 243 243 -342 2 453 -393 46 416 349 -740 119 -84 -410 -381 -585 -689 -142 -611 223 735 -304975
330 -208 -700 -44 603 90 -2 -73 357 226 196 728 444 -136 157 -9 -59 -138 -10 537 -319 -388 632 -734 -266 59 678 -17 552 436 797 -156 266 626 171 -502 494 -470 649 -235 -62 -687 259 -261 142 168 -46 677 70 -524 171 94 -268 -561 70 -235 675 -376 -274 393 538 159 -75 -288 196 -114 -189 383 604 -75 377 -319 119 -14 316 -1188555
-287 292 698 -588 -435 -753 326 -217 -399 -468 62 -81 609 400 531 326 -430 468 187 -322 136 203 334 171 21 -187 -388 178 419 817 -58 -158 760 780 189 -301 -266 139 -817 356 -339 -714 253 142 337 -83 103 -559 -227 -838 974 -66 -238 -224 383 -853 302 -35 249 -478 67 -485 255 385 -529 -362 407 153 -651 113 63 424 -602 -81 -503 -294871
-471 232 382 -2 515 -39 -381 77 240 -297 -897 -684 -222 -83 -343 137 -373 -67 208 422 -247 227 454 -206 28 47 -737 11 373 736 343 271 593 274 -160 -125 134 262 56 -718 553 919 -308 503 -140 -201 464 -179 626 -143 -505 -294 -517 218 24 622 -170 392 -529 587 -513 182 454 -695 98 -455 542 -129 219 212 237 820 375 588 109 -275337
-174 207 -157 11 94 -338 350 -110 -122 -691 352 924 -388 385 -207 23 385 -374 244 376 -254 -23 -109 19 -672 155 -127 204 378 685 729 -210 -711 343 54 224 -594 -402 -228 -286 -55 -573 -700 -49 -132 -151 -305 64 57 -129 -874 263 295 181 479 -186 -235 -111 -128 -258 180 -310 584 -139 -487 -248 -174 -476 228 -166 -751 -223 -464 -626 -492 -1513757
150 60 212 -54 229 452 98 700 46 -24 -71 -177 -114 22 121 728 217 -538 -271 502 162 -707 233 -470 -432 807 -270 -444 -305 -420 108 734 97 403 -396 786 -492 -623 423 21 -235 -511 162 463 272 320 352 353 250 572 -42 -29 -212 -89 -392 850 -240 220 88 -222 -274 387 152 175 -856 256 -543 -80 -73 456 763 -92 -298 -556 -189 -2476926
-555 320 262 573 -774 -816 -182 -940 237 568 -478 -295 -146 -442 -155 -128 202 122 312 -99 412 -333 725 319 -285 -344 -781 -333 766 371 241 197 435 260 367 285 247 360 680 581 566 -369 597 -142 -126 -730 -176 -441 139 6 -20 284 -109 -505 -382 318 -39 -31 302 217 -593 292 307 139 22 -48 732 230 526 195 448 328 165 -681 -229 1147045
-59 24 -239 84 -222 44 108 -34 -249 61 -364 162 -378 260 444 126 -87 265 130 222 102 288 395 -101 -254 -205 -530 346 284 330 637 760 255 -128 20 646 -288 684 -461 252 -809 667 4 402 -379 -335 188 -193 393 531 124 -816 -538 -761 746 287 -814 597 -32 478 379 198 -137 -288 -316 669 -580 939 368 -116 21 -598 477 -604 -1 -531542
385 16 -57 236 -217 250 79 954 553 -99 -213 -41 127 188 528 100 564 -208 291 514 -349 879 82 -251 153 423 -429 129 465 220 153 554 -268 576 726 -199 854 108 -136 923 -493 -42 -624 71 -243 -814 -389 331 440 718 -3 -456 -450 435 158 -569 -649 -610 179 919 456 199 -505 410 -268 -252 -1 -124 -55 -36 317 416 135 -254 -380 43723
-100 420 144 -724 -150 683 33 -110 233 -426 -413 -56 -89 161 746 -325 -142 -257 10 556 -677 458 -78 -30 184 54 -213 772 -571 -942 -286 -531 476 925 879 345 721 262 799 148 425 -599 -799 612 106 452 -300 393 133 -691 152 -434 106 515 -291 -113 513 -302 461 343 -371 388 -284 152 452 -139 -883 477 -96 128 302 -252 -697 -472 757 -273198
331 314 362 -146 -120 -25 558 169 -685 321 39 105 -563 233 172 132 -625 224 477 -397 -321 100 375 -82 695 131 -490 169 644 208 39 319 -214 151 -84 -378 -315 -170 343 -251 -365 -228 115 -260 -9 -424 -361 -555 86 -312 -297 -403 -617 -553 -176 468 427 -44 -819 302 347 -502 125 -239 540 -787 111 631 -115 -76 275 167 632 -107 -478 -915759
281 -223 854 -277 -535 -287 -494 -160 670 -136 784 634 192 -574 79 -15 -886 -213 17 232 -227 160 -232 -584 -627 32 770 109 -715 -601 132 19 145 567 317 292 743 -629 749 301 67 -72 -296 -201 -428 -296 229 -697 -469 185 20 -61 -126 -375 -255 -256 613 -351 708 -342 294 -663 -266 251 510 -238 209 -61 364 56 -510 273 825 -524 -631 1837113
166 -504 -109 -209 -152 577 -522 312 219 -20 -216 -219 -370 -374 139 240 11 104 -680 -308 -804 75 406 442 62 253 246 -449 -711 -18 172 -618 310 85 -266 94 397 251 -93 428 115 -185 364 -763 541 377 791 -104 244 27 110 556 -8 310 -149 -133 69 -24 47 -266 -218 950 222 -28 -172 -556 -177 93 158 -285 -210 -24 -736 291 517 487312
547 -512 -126 344 176 -453 758 -29 186 -394 -862 -518 -394 772 -238 -726 940 -193 823 -694 322 -30 224 -68 -282 -41 285 675 -460 -213 -264 259 -178 785 568 292 297 322 851 228 -209 -223 333 615 -101 175 -186 -745 -150 -71 483 307 834 599 532 253 -282 48 -165 -75 417 -334 -116 -484 -688 800 371 -129 -263 -110 -351 241 -474 419 -345 1457323
-256 794 -48 681 412 -87 139 22 -511 479 29 170 -153 -91 57 -39 637 -86 -215 57 -61 -240 -97 -911 190 419 48 -161 -362 513 -334 201 -420 -459 62 209 217 -273 -601 -488 -616 159 -127 327 100 558 665 717 -478 -96 505 584 81 -157 -521 773 -361 647 284 -329 166 -202 -363 370 -226 93 -261 649 -660 -348 200 -965 357 -1 9 -432274
24 -453 654 -311 -307 -349 389 112 -142 -118 -376 -65 -80 343 -66 -412 823 132 -682 502 -420 -202 191 358 -286 -89 322 -3 -861 512 -12 30 -116 -359 279 -434 296 -173 -78 -112 -574 -377 -3 -306 -392 -145 603 111 -305 -312 -105 -815 -733 327 198 -174 717 723 68 -502 -80 -376 239 10 -511 613 -48 -128 810 -239 468 631 36 -451 -228 909766
-219 752 -137 141 630 923 662 40 -905 83 210 -557 -615 -452 -418 333 12 120 -220 99 538 -349 544 381 -106 494 -337 -55 -585 334 -187 -289 104 50 -612 292 -181 -227 -13 354 -383 -365 138 -320 73 550 -318 710 741 20 558 -594 256 92 36 125 648 285 340 338 -667 299 -498 152 120 -629 485 -594 -45 -664 -352 292 -130 -270 -106 1404367
271 605 241 -71 -651 -83 375 496 -857 -17 793 590 -128 660 -682 317 -219 159 -620 -585 -567 448 -265 589 98 359 -500 -26 -592 -675 190 316 267 -359 562 -624 388 -548 121 354 -386 109 13 190 -282 -204 -493 -121 585 70 574 438 622 790 284 -391 -441 364 449 640 -284 76 195 -2 121 -777 217 363 552 229 -1 -266 260 -222 -348 -125418
877 -146 238 -92 -523 -346 430 -639 358 -352 101 777 -147 -67 -606 400 -400 225 -48 -575 514 -519 599 -560 108 191 -265 45 300 218 211 -386 -479 -351 -325 253 -549 486 280 654 14 244 -187 -311 -733 -194 -121 -711 -38 -127 -339 -524 -435 512 -112 -472 364 3 414 288 -49 159 -485 -770 737 412 -67 861 849 638 -108 -8 291 -569 -610 1273261
-615 -185 -180 343 455 153 -170 106 -120 417 46 333 -435 736 329 -636 116 -743 157 -14 385 184 226 -93 246 -727 633 -672 -417 -159 -810 274 32 -406 -516 -494 71 380 -373 -598 -389 461 -14 90 853 481 -215 350 -65 359 -125 584 203 243 603 351 321 459 -398 876 481 147 -240 83 -208 113 -341 262 660 692 151 479 -496 -221 -512 -736518
-438 11 235 -443 114 -239 -336 -77 282 -568 496 370 54 913 332 -162 -630 250 -379 -724 -196 -38 -543 -605 118 362 57 589 607 -354 -392 832 -314 -64 -463 44 -103 -191 -108 391 327 -376 -162 -155 -580 383 -24 6 -55 266 154 -178 -332 54 -220 570 -99 -157 -241 182 180 -146 427 115 -198 501 43 7 -396 -729 -791 844 -613 848 376 1106897
-27 -108 -640 38 339 207 -203 -188 -39 -432 -199 425 -114 -668 -394 413 263 109 -729 449 -364 747 -94 940 -24 -902 -716 69 -17 -744 -539 -128 -27 346 -223 -498 99 845 -488 -482 293 -736 -563 -252 86 9 673 -729 -490 -109 61 348 -7 459 -375 -8 -109 496 236 99 -48 -130 -657 -79 -241 140 -149 -724 -672 -651 -286 -480 -109 -716 -388 37327
450 -156 -809 461 -608 -430 690 -332 -734 -299 597 -44 -333 133 -26 335 -338 744 366 -37 75 -62 -46 82 249 188 -155 -389 638 -185 193 -315 329 58 -12 -195 -446 -821 -651 433 692 -557 -236 754 -201 663 -280 -154 -223 96 574 -173 644 341 563 -58 -252 792 88 -142 -236 229 516 884 332 -295 -120 -262 -814 220 -145 653 -158 411 -8 -27436
-481 789 -409 -176 -49 -545 710 188 858 -119 -580 -465 -365 518 -342 315 -735 -74 410 331 555 16 120 67 -420 56 -316 426 -682 -283 -547 154 -215 -74 183 555 -605 -291 -872 -155 372 -291 138 375 -274 -215 420 249 -277 -249 136 294 -123 45 -573 -286 -562 207 -146 -264 674 -241 460 650 -465 -261 -293 -151 36 591 -568 -386 -623 797 402 96496
515 -650 170 -366 -654 -426 -160 469 219 584 -33 115 238 -247 76 -137 -417 512 -272 279 316 -195 -513 -155 -222 812 445 -676 -580 365 583 382 -206 -79 -311 243 -595 160 -679 -105 -566 195 -12 -86 -53 -95 -140 345 -170 -825 170 172 113 765 339 -115 -928 5 -402 -179 -99 723 12 414 39 10 303 82 867 554 211 331 -483 344 606 -776257
-341 -110 -436 -197 -254 864 -301 -62 -65 -21 -341 576 -526 -674 208 335 88 251 480 -73 -105 -19 -689 -624 373 384 -102 375 406 -458 -367 -166 -193 373 -510 161 91 -723 -642 -351 712 -532 -8 -18 -105 716 105 -751 -365 -505 -79 158 -202 -234 -209 239 95 -239 -451 -163 -381 325 -248 931 196 -490 81 128 103 -316 -395 45 -723 -508 549 918208
622 -765 -460 522 372 546 -518 199 154 505 196 57 161 47 -489 -18 -236 81 -149 -225 -680 105 -52 -588 -42 589 25 43 683 -160 -314 328 -666 -598 364 -593 146 486 817 -451 461 -72 135 26 62 -637 -16 -154 -547 -144 -575 -203 127 -334 -171 -282 0 -518 266 -48 -627 -276 6 -324 168 -77 -206 -835 653 -134 694 -524 880 182 -535 -966415
-174 800 196 -529 265 51 232 -90 -232 -123 -253 -782 -383 -467 -52 -68 -515 -324 -461 -151 -215 -8 746 711 168 -556 158 -861 -239 -779 -682 483 -114 -869 600 229 527 50 -173 435 349 -89 -458 282 370 11 305 -862 652 -384 -103 636 -286 50 449 186 365 656 -205 -142 90 500 -286 586 908 265 695 -66 -412 600 117 -813 -470 37 78 423868
-512 115 -85 -20 -157 55 -306 10 807 -740 339 191 -140 16 45 -208 613 875 -263 84 743 40 537 713 352 454 -353 -135 367 -596 -25 649 105 -531 -270 126 340 206 -431 -76 -460 612 24 45 -642 153 -355 273 326 -56 -57 177 -115 -137 302 23 -835 28 -536 -421 -829 154 534 214 816 269 -124 -255 181 217 396 620 227 -251 -630 -553401
513 -293 -347 -258 455 -327 22 169 663 -624 -521 120 -668 -251 39 56 661 -133 5 -171 815 183 403 252 348 594 399 -72 62 -893 148 -51 -74 66 73 -609 396 429 -426 514 -691 -897 119 85 -292 -70 354 -39 -305 212 275 9 178 -178 120 379 445 -568 -488 745 -290 75 554 -304 -936 665 216 713 111 -150 520 308 357 -119 257 35990
88 -51 383 495 -952 340 248 386 -51 -207 -623 -324 630 424 -394 -215 -353 -846 -115 -539 207 -2 4 65 -117 -247 171 -56 167 -40 -303 115 127 -274 -82 -55 636 -420 -25 594 -497 -530 127 -525 133 -933 180 -473 452 319 -559 846 -497 -635 -578 -664 305 -49 219 -274 -138 184 328 -4 316 -499 -773 130 -229 209 -546 -880 352 -161 -503 1768191
572 -289 401 466 818 361 -165 313 -682 460 -369 425 -32 -827 -357 372 -619 619 -230 -173 -133 -92 -225 19 -638 -379 41 94 471 167 289 -670 -376 749 386 335 -237 -397 -832 633 -547 -830 653 502 -470 238 -142 139 166 523 -184 453 453 -530 30 151 -642 272 584 -513 91 -418 -706 -570 -39 363 -189 -644 -129 589 578 -321 -292 -701 77 -355473
405 -488 118 -644 618 -148 94 -852 279 -74 568 -744 89 -98 254 174 -205 295 -155 812 -680 -205 -672 -136 -38 476 238 127 48 66 -345 -39 -73 363 -389 233 -160 343 322 -873 293 165 687 208 321 -316 -133 -572 -746 -434 318 -206 531 677 346 -214 55 521 -405 476 -644 542 806 665 -889 573 381 586 506 62 714 841 150 214 444 -1797200
662 -502 23 524 14 271 417 602 -787 -87 310 -174 -252 866 -279 -348 111 -63 -545 -178 -551 -297 -256 -836 469 -417 -592 -69 33 117 404 137 567 -704 184 -510 209 -206 202 -90 -613 98 -450 -49 122 -15 -164 40 -157 -576 454 307 107 617 60 627 20 241 -598 -551 260 401 -93 -150 779 -222 -460 -400 187 -692 96 -603 660 -314 -170 -124405
-414 -79 185 429 228 -338 792 91 200 -39 228 -556 -827 -384 -537 642 -463 35 -609 110 -329 625 -379 -144 345 329 -126 -448 174 553 -386 -315 -241 225 479 -231 -247 614 461 194 638 733 945 -793 100 404 -396 -432 -192 864 479 438 26 605 -125 -706 -677 673 311 36 -712 475 233 254 188 329 399 194 -180 -88 -49 209 -767 191 -238 -89334
601 20 -706 120 590 -336 271 37 -160 -32 -95 -393 193 -653 680 -37 511 358 -116 703 435 393 431 171 -65 24 -295 -47 118 282 409 79 -124 76 267 -118 148 761 -296 -150 70 -169 -200 -326 -915 -931 -152 765 584 -517 -378 -94 343 349 -753 38 72 93 6 143 -278 -416 359 646 544 -501 -155 288 369 -413 -164 -67 846 77 -208 61899
-58 -217 -211 -476 -859 564 585 -953 -402 157 680 -487 549 -659 -437 549 -351 328 826 522 271 -392 497 729 719 279 230 11 151 404 134 516 284 222 -600 77 182 176 -660 773 -210 105 196 -552 -533 709 -196 -264 772 -154 -594 491 607 -734 -726 -699 443 86 522 -366 -318 -58 -81 223 989 863 -8 -370 -629 545 583 -641 252 -687 -373 -1862525
762 -358 148 384 253 -561 416 117 -267 -58 135 -580 -449 291 446 -190 -421 -438 14 -551 614 -617 671 75 -306 -21 541 -325 776 -45 -117 79 218 837 234 148 175 -121 383 251 -29 905 335 253 545 -371 -26 539 -3 73 14 -568 103 -261 -384 -85 -428 396 399 -334 -792 20 -348 -625 -64 -768 372 -510 -27 17 -782 -528 751 -656 -132 -985795
-258 305 -95 -678 -43 80 -441 -149 631 278 62 -125 -67 753 -224 -360 344 632 253 -119 564 103 -236 524 779 691 593 -274 544 508 747 189 -555 -307 129 262 -112 -184 -33 -601 437 -710 7 260 -505 518 -82 -313 -471 -586 306 -1 688 -802 153 -895 -314 324 -588 -108 2 150 117 -366 216 304 372 68 821 715 -138 -83 -433 -759 -525 -980036
-465 -106 -252 523 10 79 -387 -31 -137 -405 412 -250 -643 219 -407 82 170 165 -12 300 -221 311 535 370 -282 -376 126 108 -661 433 20 -236 140 108 -383 125 141 789 716 368 476 -436 365 437 351 -12 -319 210 34 -699 -272 48 -139 -457 -4 10 -96 426 -402 -27 -619 321 67 -764 -151 -600 611 148 285 -304 -749 -543 -368 71 98 959015
-173 -345 -459 -26 470 -685 103 -330 -307 239 588 447 645 -368 -44 -238 -143 -421 -510 -120 728 -170 -584 83 455 201 -187 440 373 -473 450 113 -295 409 598 803 -516 -491 -219 711 268 631 207 243 -209 -89 -293 548 716 -97 -401 -9 339 334 -555 -292 -746 145 -590 394 455 -558 328 574 299 -642 535 -18 203 -654 10 -288 42 77 -106 995797
652 71 865 437 443 -84 338 152 -322 -364 354 79 -442 -429 -76 -247 168 23 223 471 -100 115 -160 -441 -380 543 136 39 -609 -671 76 -107 203 -724 377 91 134 163 121 492 -436 67 -399 -253 -283 -339 807 388 118 -212 411 -229 -619 518 -345 -54 340 272 120 638 447 -722 148 618 331 112 -67 285 465 -481 109 692 127 -258 -313 2806496
732 -26 -315 677 90 357 -252 734 -397 133 671 235 -309 327 609 460 -203 -297 -93 -215 738 -152 -273 -184 -868 -549 -161 166 -304 -37 155 645 -495 81 -272 -590 304 601 840 -289 -634 70 144 87 -270 -857 -879 -164 -214 -608 -216 628 59 -177 -2 166 -656 -431 -527 327 706 87 -445 455 193 -498 648 -583 -289 -98 -226 -279 9 -395 -54 -440636
334 49 127 -303 -407 -572 515 225 727 -477 293 -951 62 656 190 247 -98 -55 -99 -388 180 589 59 -21 -250 -882 448 57 225 -822 315 291 -279 895 -123 -884 193 -247 519 -258 234 312 27 192 82 668 -207 -386 -807 -512 15 129 -691 -539 613 98 359 824 -222 -362 385 610 -385 -308 -268 -120 489 602 242 -21 -86 348 487 10 -164 -925690
478 305 399 311 -271 -376 -211 -30 -87 -545 65 265 -656 -766 16 -351 -357 -67 171 485 286 -490 222 819 691 -325 -7 170 -605 -661 180 258 -58 -136 -566 -340 -895 -205 -703 165 -761 -256 -517 569 -328 290 542 322 -262 -108 -818 -460 721 -33 -51 358 324 -581 -630 -666 -458 -458 -828 -135 -302 -270 12 -481 -43 -248 -30 -556 566 -251 146 1055463
-374 -293 68 -321 -563 -255 257 -212 -509 -738 1 -645 -122 -44 505 -641 437 -53 -54 141 2 548 -709 34 80 27 -120 174 -49 -318 -770 235 459 523 807 -213 550 -285 22 625 46 -170 34 -19 485 441 56 733 -143 -79 -80 121 43 312 -62 -185 -412 560 650 -394 205 -446 370 777 544 539 55 639 497 163 239 68 273 449 170 461010
-591 749 -364 251 -654 760 -389 545 -736 -151 477 -298 -84 -179 896 -228 13 270 -7 -290 316 -126 285 473 -187 624 -236 -165 -700 750 -354 150 45 661 588 26 -158 127 -681 27 -21 -226 329 776 617 473 48 275 -310 -869 954 -170 -296 -726 908 -494 -47 -74 536 -441 227 -232 -699 368 -23 -82 -50 -273 351 29 598 442 -538 -167 421 -987253
-497 71 -76 -336 364 789 -779 324 -254 -756 -66 -690 -255 96 123 -31 518 -752 -237 -915 -798 -296 613 18 -297 486 455 365 216 777 330 -34 -214 642 -577 -676 600 -248 56 -76 384 -252 -146 38 -426 -590 -87 105 -763 -400 473 638 -400 -65 161 -585 269 32 -76 545 -114 -598 -22 -502 255 -123 -682 -199 -95 -426 -53 907 -199 337 9 -510290
222 -163 -305 -219 -320 292 115 71 -119 4 690 445 -186 -464 -30 -614 793 466 687 -966 -15 -428 -64 -688 619 -79 -84 -446 -37 -766 -13 -523 491 268 189 -454 275 -78 113 -323 -449 337 666 198 333 267 403 101 687 -576 671 -302 88 455 -146 -419 -568 -126 161 -272 206 166 34 502 -363 598 -104 199 -732 185 489 -120 -668 316 176 -915778
-13 686 343 421 -206 -229 310 39 3 -132 428 -46 574 62 131 -419 -27 -729 340 -191 46 -179 -401 -429 815 -210 444 199 30 -93 -500 -369 -245 -211 -757 -124 178 647 205 379 -696 -385 -87 119 724 -544 162 697 -66 13 732 -182 235 39 682 164 235 -265 538 91 -473 -162 282 -40 21 -256 -490 15 322 -462 120 -9 -222 855 -68 1394862
-70 -155 501 -697 -658 434 -219 297 -310 202 -673 -69 29 44 -623 182 139 75 -198 -547 53 -769 -465 278 146 805 -549 -208 444 -636 -835 128 -76 -56 -773 -129 -364 116 -722 -603 -774 -750 586 156 -120 204 418 -3 829 716 -310 -310 337 145 847 39 -607 103 -21 362 483 -744 545 -757 545 -568 -453 208 224 148 -106 497 827 266 212 657701
-334 546 -404 -827 115 -554 -400 317 -474 -840 611 212 342 60 494 587 614 82 225 49 -27 -114 489 -267 -609 41 -700 -187 293 -103 -207 -349 321 -382 -11 -466 -484 -112 -378 -275 514 367 -629 -250 54 450 -165 -42 483 -649 -404 434 -343 116 -56 -707 -42 271 191 -360 21 91 191 12 -375 146 248 -317 -745 184 -360 8 136 -74 301 -1928410
571 -344 -119 -584 -479 552 613 247 57 96 52 718 -314 -13 533 178 -687 -529 -671 -618 -425 -485 437 132 -384 -266 -331 -270 -45 319 357 -408 -21 -136 -107 -139 531 -696 139 -538 370 -224 -703 392 -129 90 -143 602 -606 -151 -289 108 -266 210 -151 -371 -132 552 -145 -233 -343 -342 -460 702 -626 221 -92 -673 -260 -189 208 455 -508 592 -343 -1231202
425 216 179 344 -663 -216 153 -114 -19 -335 -137 -416 -52 30 424 -102 -351 -67 -130 357 -655 413 480 -21 -722 606 -484 -189 -734 355 -175 540 72 598 -250 445 447 -406 -138 389 -136 280 -167 -804 -68 790 157 -120 -197 -181 137 -352 -174 160 814 475 192 60 199 -172 -192 -464 300 546 -754 -345 629 262 -103 791 -382 38 -274 538 2 -182650
55 336 479 359 387 390 -69 697 474 -386 305 882 394 89 -469 650 -101 -470 622 52 143 -244 -186 266 399 199 466 47 337 -208 225 -194 428 504 -126 58 -2 386 267 394 -114 18 -677 -142 -151 -121 91 199 670 -79 -742 -440 89 363 -49 -330 -1 -812 401 333 344 -676 -102 307 225 -536 -146 387 322 651 509 -538 9 182 344 -158052
-341 375 475 506 -808 -696 213 -321 101 -297 -21 -279 -281 739 -211 65 -582 -569 360 322 19 -792 -566 185 241 287 -253 662 -612 -632 -164 -24 -479 146 -9 -567 96 243 231 416 -36 45 -287 -118 459 277 36 197 -44 -211 -188 -42 213 789 628 -83 262 8 20 -572 -155 70 -396 438 257 -493 -552 329 -335 -245 29 -114 -16 -30 -216 2065312
130 -250 -488 467 -438 176 146 238 287 -54 -156 -583 -382 272 404 -70 39 383 34 -501 -426 -631 301 -156 -195 -370 414 379 -257 -83 59 681 -769 -353 266 -140 -825 209 -870 -288 843 -65 36 290 -388 277 406 121 -274 -100 -733 -168 -660 214 -554 -596 619 195 653 -215 -308 288 -629 86 -176 384 451 -171 257 909 -327 -8 5 -52 -328 -431618
-429 794 167 -84 262 -408 -521 214 -518 57 174 704 -329 -646 -632 0 391 -202 -688 -541 -899 220 741 -758 -95 -385 -324 -755 -619 -34 -22 687 112 -73 -803 -1 -213 230 -347 -248 418 -12 390 -207 -463 -481 -571 -115 41 -34 196 536 -169 512 -114 393 -664 -249 -33 144 -697 -684 -132 -727 12 795 851 192 -254 518 25 -712 293 383 -66 -1302327
413 190 -32 -70 -737 128 -146 742 -338 102 119 91 -864 94 940 -249 -86 -270 -353 -228 308 -30 -120 -144 -154 372 437 -628 -857 444 -504 732 431 -356 476 342 317 -407 375 388 463 185 871 121 -623 -255 408 -365 -61 270 344 198 -77 -141 -56 -482 7 -397 -386 -108 289 216 114 -817 130 468 65 -161 810 -65 -55 160 -490 -170 191 1077902
467 359 -175 181 -474 -538 787 662 -836 -28 -776 -447 -131 148 186 773 468 -17 -43 -346 -524 479 -709 -111 -93 204 -222 -484 -181 -654 -347 -342 -397 415 453 -605 833 192 -338 229 590 -947 837 663 530 309 776 -343 -97 -60 141 -11 -143 -902 -441 88 54 166 -643 -102 -513 70 173 643 -201 135 -82 560 -399 293 281 662 -126 -70 9 505976
471 684 112 269 636 338 302 544 -322 169 9 -647 138 204 -542 545 -291 119 -210 225 102 846 465 266 -466 113 -114 -81 -307 -261 336 376 -135 -133 -119 377 -346 -317 -387 -387 -615 44 -455 -59 86 35 317 -829 -95 -163 778 -287 -210 -98 698 -98 -54 -647 -387 23 -673 -527 470 177 331 105 -420 -404 -434 771 365 345 -677 97 345 -438131
-366 -470 -332 103 -330 210 597 944 159 340 -580 307 -337 -536 214 -769 -166 306 -239 -303 546 -91 345 -15 11 786 325 197 -629 -253 823 138 92 -491 -443 635 410 -106 396 -741 -148 -162 -566 165 -304 94 -757 176 28 538 -459 688 -284 -294 110 520 -342 -213 41 249 -135 -391 575 90 471 836 -550 -390 -246 -73 -70 475 453 32 213 -1040069
-64 -25 -166 -23 801 552 -541 161 -184 -262 132 -107 -41 -132 192 -81 159 673 92 268 98 530 -178 -22 -41 84 -617 345 -324 -667 294 -4 147 95 967 131 -168 622 -296 292 -333 105 1 41 -336 194 627 -940 155 12 -129 -813 157 4 -239 -124 319 -225 80 -2 542 54 381 -57 -27 10 451 -158 6 469 494 139 -24 487 82 701017
-200 27 -205 -328 -352 -307 -216 -145 750 -175 -76 -435 133 330 -404 -544 38 602 -109 -431 216 197 53 -22 209 23 123 -99 -223 -123 -5 -230 168 -136 -2 -402 344 214 -153 -447 -4 -108 -188 727 24 -39 289 51 -545 163 -651 667 -94 -261 73 -191 515 -460 142 -438 520 536 254 -440 -145 -191 187 193 61 -506 223 -444 -348 63 13 -868509
312 501 341 435 -538 329 141 -253 257 -734 -58 54 -69 -757 204 -380 140 -636 522 -617 -265 -96 226 -142 458 235 319 -452 -4 -108 -602 365 632 19 -122 83 -239 -511 637 470 -175 145 -357 40 131 -161 -555 67 284 -120 135 775 302 -117 -36 -316 59 -421 -182 -307 200 -522 737 74 -369 -817 -83 14 -75 808 -398 -323 321 -285 -124 -1124602
87 -411 720 460 346 43 -143 190 -820 -232 5 -169 32 234 937 -196 -168 -412 367 -654 787 -55 -299 163 250 -132 949 233 -503 377 223 -190 -426 -40 93 -643 47 -476 437 276 266 -762 194 197 -63 477 -245 272 331 -379 -111 304 -72 -668 -485 701 -247 -651 115 638 -232 212 401 -148 -285 158 748 540 -358 -606 -518 -60 -262 -170 130 933227
-447 -65 422 247 -283 43 -787 -663 -180 -77 -215 309 -360 13 -100 -62 -310 -135 -143 -615 -279 450 -428 336 -233 253 664 277 -40 423 -270 -40 -414 237 -64 -630 51 -56 607 310 -460 -74 -525 453 141 647 -412 -3 433 265 -144 -269 -546 825 603 787 -303 -4 -85 -393 676 -720 509 -266 509 -337 -16 -432 68 -499 529 166 352 398 -38 1217415
323 -741 198 174 -290 282 50 -233 1 -340 -142 141 415 834 -592 -830 82 -19 -155 -437 192 577 -242 -845 179 -35 653 -291 -49 232 339 90 128 -300 579 529 107 -339 -549 625 -720 -332 48 -648 273 6 283 -617 167 87 -655 166 75 -387 644 508 181 -143 258 -125 -207 494 -23 -458 607 540 -753 404 -818 496 -392 -250 181 369 -481 1621924
-383 -874 740 -365 -752 -87 194 143 129 -33 503 -372 -284 212 -105 -670 -310 -378 207 65 -149 540 -863 -357 8 -111 -165 -588 -26 -716 -350 -619 -635 123 -387 27 517 510 250 271 764 -583 -27 -203 100 -185 342 -557 199 -371 106 275 -776 278 -358 380 5 -52 -375 -724 -174 476 -417 225 486 -56 511 863 -292 -144 337 -950 384 319 -257 854509
440 334 736 484 49 112 -791 -83 -643 212 -27 97 -109 -626 -158 157 -313 -154 407 -616 -702 -550 469 -70 343 983 -309 -13 -87 143 -521 684 -210 -413 -141 -347 -182 15 174 -238 87 128 177 -640 -172 197 802 -529 -590 -211 -618 -927 -102 -512 33 237 -357 -102 183 262 -240 -34 -13 -494 201 314 -262 134 -525 355 -128 -372 -43 39 431 455512
-201 56 105 203 441 -446 -14 142 -73 -906 -522 579 -815 -368 676 821 -394 240 -374 -28 -153 822 -182 306 231 84 -634 -539 -449 70 156 54 473 -526 -262 -187 -28 -583 545 -113 -229 483 -12 336 742 -235 296 12 -888 163 580 435 556 -658 223 227 -446 131 710 -272 -128 349 -337 -415 -152 -374 21 -19 265 -620 553 130 -331 -351 727 -1705762
184 574 -233 246 14 750 171 -300 -302 -877 100 -315 784 -158 437 163 168 -846 -26 -63 -209 627 160 -886 -60 584 266 269 -25 -163 680 34 87 135 236 -303 462 -11 299 776 -307 278 -371 362 10 -335 -451 538 -466 -301 746 -555 72 478 241 -39 262 -108 490 143 -548 190 153 -657 105 104 -211 59 334 -121 -563 508 -217 238 -347 877814
421 -461 460 -661 379 493 296 31 -210 -462 292 -139 675 198 213 -4 -42 -107 227 221 -324 88 -5 -378 188 -194 -512 278 -393 74 -671 102 -43 -295 227 -210 -360 172 -299 124 -46 16 893 251 419 -328 99 35 65 592 666 -157 259 645 456 144 -7 851 -546 385 -221 -26 478 -66 -250 -814 555 -277 340 -226 431 -443 430 -689 -491 -747875
110 -599 165 391 423 624 206 -65 -6 -408 -577 37 449 37 350 104 130 489 386 -605 20 66 -801 803 -371 311 -229 -320 814 333 -89 -81 -57 688 287 -214 102 -115 -146 -508 -917 534 -497 75 -69 775 -507 234 455 -235 4 -599 -597 406 -378 92 405 -440 488 -777 396 -92 45 -675 62 243 -359 524 -70 654 179 -743 20 -510 -194 -3548036
-73 -640 443 -25 -94 506 -896 792 191 206 -727 239 -32 348 -585 172 -646 176 -63 212 188 640 -136 -784 505 900 158 -43 -306 233 457 -197 -63 -391 -223 365 -109 -743 -210 459 -106 73 795 -822 686 -697 -185 -693 -268 274 88 123 645 383 -147 82 201 -201 185 -810 37 662 246 252 -116 -215 166 -401 -714 246 -178 -114 -518 20 663 687598
-518 701 -447 113 575 332 -33 -381 309 195 44 -119 -607 -33 -322 -730 332 304 -81 -310 765 -795 -480 -702 -271 383 215 407 629 669 653 116 261 221 -459 322 -363 -314 -1 -365 831 -147 -717 -698 -365 219 -92 978 -190 -3 110 -695 -153 554 -24 -425 206 204 -311 -600 -876 -36 -343 -447 -211 114 -483 -353 -589 -142 36 -102 -140 -268 257 907597
224 -545 -235 -223 227 515 113 112 748 257 -90 685 -113 206 94 -545 195 506 -330 277 -502 238 177 722 -479 -470 -24 238 -534 483 610 -123 496 117 -37 -290 538 -225 299 -8 477 601 -558 -36 282 -532 32 49 377 -659 -441 504 0 -836 424 -882 678 -295 -795 -323 -236 379 490 -381 242 -442 12 -103 -11 -41 -135 666 147 -335 689 -589513
486 -513 -455 -58 194 125 -17 109 445 -58 -786 184 0 -748 -22 359 394 -22 -179 104 -194 63 662 670 -379 214 -579 68 -328 438 -386 113 -709 -405 -287 128 223 309 -285 343 592 -124 -398 434 265 -725 318 886 -170 424 -173 63 -258 285 351 144 -168 -43 -387 356 264 -539 -335 -106 179 335 -835 55 122 -284 -33 -583 -471 -471 -233 -541165
20 163 -34 179 324 -527 -637 409 250 109 652 -525 -477 445 794 -63 -757 -57 280 -284 -520 262 180 261 497 46 95 -782 173 319 -126 428 356 -323 -155 238 -417 167 -182 -454 -201 110 464 -192 343 -397 383 334 -245 -274 757 -77 111 -193 518 243 -350 858 -615 751 145 594 -261 -381 643 94 -44 -260 107 -653 606 -409 -705 18 116 -940125
57 -523 790 -70 61 402 -731 -476 -223 261 -95 -286 121 -406 689 -443 323 397 249 -125 548 -534 -367 178 -83 -818 -344 -385 257 566 271 -307 -492 60 -287 715 507 78 818 -450 -306 206 -372 -223 382 -169 465 247 263 -622 -462 589 -725 185 -430 -172 467 -88 -145 -668 32 -110 -665 118 741 -75 -59 324 477 661 -109 608 524 -548 -87 277937
617 -53 -559 -59 -120 -242 -38 -680 266 91 -509 64 -309 323 -34 279 -820 -614 -493 -468 9 193 -363 -94 -396 -169 -319 -158 482 516 49 -320 667 203 -608 -87 -327 -331 -382 -139 571 316 -710 625 -324 221 582 306 -386 -224 244 -296 442 -125 301 -719 -867 125 108 -508 -462 -140 613 -630 -325 -119 -166 -516 -336 336 -201 -515 -434 -349 7 -842280
457 -145 17 132 343 -115 78 162 -5 569 -560 -53 -52 -114 187 -258 438 -742 65 -157 -100 336 743 -165 677 717 -228 41 472 319 468 600 9 -639 -48 185 229 -227 -277 709 660 -484 90 151 484 222 -471 -142 383 -389 -280 187 -333 -376 -433 -561 -240 -342 513 -588 277 -50 159 -8 28 -475 397 49 -681 104 8 114 497 -734 284 -182177
359 662 368 -180 -638 -37 597 -49 -575 672 -843 -578 96 -607 281 391 239 -701 -127 615 -32 -525 -62 -86 696 243 -734 -173 585 371 -102 -143 -186 -608 277 -77 232 160 -528 -116 12 724 -207 -712 419 -405 421 453 610 -429 -853 -869 -108 252 -932 -764 -737 7 -192 82 -46 -105 426 -740 841 -78 30 719 -305 286 756 845 -220 724 145 1134960
-185 -518 -525 59 296 269 -112 271 -131 -125 -269 326 -350 -573 -305 178 -329 220 273 881 827 435 97 -678 -326 770 -173 628 203 -150 -374 -593 746 92 -94 234 124 96 376 -164 262 102 -298 271 785 451 -146 5 -163 265 71 124 170 416 -10 -757 -142 -306 -277 -534 437 214 -225 243 -331 -349 9 -65 -652 372 -396 -762 -40 23 -104 592888
-810 408 -726 -376 -204 -327 -319 223 507 320 203 493 -614 -627 -217 -452 604 378 -214 -254 -705 29 100 296 469 487 -109 -534 81 686 -242 190 -163 239 -781 556 52 -159 -164 -591 -599 330 -180 -431 283 -233 138 754 174 -699 -22 258 91 182 -115 -120 -217 -70 -347 -144 402 -319 -420 -134 -220 145 -327 -861 501 -308 913 24 -219 2 -548 -2582039
-278 -519 745 -811 165 -222 -274 361 -431 539 -752 183 148 -775 -602 304 -119 171 197 237 -24 -32 468 -80 190 -351 208 357 797 -846 -38 315 242 470 142 96 -276 173 744 -772 849 -628 356 765 15 348 25 821 -202 -646 350 412 -781 -735 679 545 18 -64 -2 -121 269 -656 187 -439 -193 277 -281 -120 626 -100 -361 832 -285 -264 470 -1801851
79 491 -968 587 14 -492 553 333 165 282 -89 -489 282 512 -358 280 721 143 152 -7 -523 107 -271 462 -249 -41 17 -594 46 -35 252 409 720 373 283 -313 -131 -562 587 843 -5 648 271 -689 -324 356 225 548 -34 -535 -64 -639 299 -246 402 871 46 -238 -371 -15 701 -118 -244 519 -1 -325 138 92 186 -28 -557 633 418 -194 -531 669992
2 -218 -255 313 259 -751 896 617 -175 -166 39 -657 -234 -284 -542 13 3 343 -667 -339 264 173 298 500 593 920 611 -48 -327 -401 -147 -410 759 253 -411 331 177 12 -354 -50 -154 166 -868 131 787 -64 -659 146 -540 -513 -334 -99 -327 -330 -222 -795 490 -270 -510 -573 294 215 539 383 112 696 -610 -379 214 29 -89 265 605 671 208 -1045790
-628 462 138 299 -352 94 837 292 196 101 442 -190 -588 53 -139 -467 -237 171 292 124 530 932 -649 528 25 123 -6 -122 347 -159 -161 -558 17 -146 -269 545 493 -20 52 -258 -511 249 446 -111 58 3 -248 500 -295 -274 -372 49 -900 -35 241 229 221 -138 -43 -187 129 -88 -92 297 62 402 295 162 -520 -455 -461 99 -43 779 359 798830
577 705 368 197 -774 -311 300 -274 26 294 -73 346 241 -12 -136 -443 -165 -423 524 222 33 377 -104 148 14 -507 571 968 493 -872 304 446 -52 -305 446 573 181 -188 757 -2 401 -287 682 431 286 -171 244 82 -53 368 47 519 243 304 -5 420 -559 15 -537 243 6 43 -6 -205 253 334 104 -121 241 -5 -219 280 -452 -359 -258 2475232
