-358.64558167
86.84118266
279.58411993
817.25545802
-721.32082431
367.59626424
-100.29095030
-198.82607890
65.13049405
657.57792436
324.19839409
-173.46488682
296.45943489
210.16552789
647.70436243
25.62951325
-264.20893787
-282.58355047
-25.73702752
51.74846810
-198.17522528
240.65146661
97.14235299
186.49918339
908.44473885
488.33268417
247.90746368
119.98868053
-528.78663621
630.47326361
-437.46762661
65.15233547
72.22010906
-35.01390133
-320.11201134
-702.49930162
439.11971354
187.16428559
286.48282793
-6.06180031
570.05562024
447.08531355
-210.48681037
-623.49346085
530.76010704
35.60556541
-48.31667656
-601.29747363
-104.02389467
89.10289393
-270.53008638
62.64005024
-81.83174482
357.83237493
-30.01389241
418.70417068
-169.33282892
358.06955320
-235.18209186
-117.97074950
-629.86100494
-623.53580906
-336.49172644
-279.88469891
145.24918956
122.80825242
197.49432787
689.54551291
-209.30155268
-329.73918260
96.80517377
293.24345887
-73.55795271
545.42269093
387.96939699
-13.92287298
-363.79423324
-550.49449783
153.81442622
-141.71533306
-9.32362514
-180.18783063
-125.75112442
302.84788265
610.51282643
-581.22112461
54.23227447
-66.24384132
69.75490085
27.30296771
-447.18076996
-423.52351219
403.99935335
492.49365127
-802.76180670
-129.66900660
3.56693699
383.84996252
-92.84302749
-459.27932225
4.40775312
539.91402852
20.24092501
-311.66898577
-48.44007052
-96.52087672
377.09301171
-657.16845030
-863.05919855
5.23321065
-153.98767241
-480.98338525
548.54008160
-287.15428664
-417.92975312
-366.11187915
228.02869486
-78.40211063
663.24129887
-317.95161020
666.46038222
119.75025251
691.09880721
484.48108743
310.71757686
-475.10117141
-12.65690247
5.70050729
-396.29440746
642.99680463
-666.00765723
-590.52597298
-530.15784140
-149.01838170
-71.20131963
-247.98521462
119.69228981
-51.81281058
-651.04486888
346.73029588
577.58054249
-190.33009977
-789.28010837
98.54999731
-757.68473101
1.78605616
31.81719452
493.75490240
47.64917073
645.83847432
-121.73864407
235.47902723
-82.92429149
-498.53634488
-719.79493734
918.07037742
13.54941535
-236.14650207
531.04045663
-600.67967460
-404.76838479
358.32972646
457.49846043
133.81441968
216.75704041
-162.89456712
175.69835589
446.04552764
-88.23462610
-293.99791510
455.45823209
-258.66239198
-645.50132655
-244.55215493
-641.59510265
-30.81490533
554.80288570
-396.89442702
187.04296983
499.24767578
-138.14633771
-493.56441187
58.29758576
126.81035153
-95.09829092
157.03494697
98.64068609
874.29890054
401.91981813
-21.83280829
74.56533602
-625.18061109
-716.66250391
-381.84962479
62.32319107
516.00771151
464.51508524
-397.30407631
-379.05106886
-222.03946534
208.39848244
-761.65655341
551.43135453
-250.88886453
25.57209810
-282.48098942
-325.44394621
78.17205371
71.01162935
91.14227643
177.54246235
354.37968682
-3.11900093
-549.26237458
333.75730312
-506.80362121
-482.76094171
189.18087319
474.13804239
16.89600882
-671.48582761
-31.11888316
469.23578068
621.30793912
88.92427211
-23.16146185
23.32195013
533.73584771
-364.47625988
276.90694817
559.46499736
159.64400507
476.39053413
-497.44073173
-59.38075991
-181.88329820
540.10047997
-90.19194065
-164.66245610
-441.33224086
235.35202435
-470.34610128
215.71974066
-83.71056297
60.39589086
827.38431121
-43.36085144
36.91087519
684.17334425
-583.44978274
326.77676086
188.64433533
40.73038730
243.06372995
-721.43263933
-861.13272670
-314.92754435
-868.57482567
-247.46145140
93.60854628
250.78066100
422.66646573
-94.29675914
-341.23502334
-705.99312588
-113.37459018
-675.16850055
208.33030238
171.53648767
-418.73377521
234.14978446
-27.86864565
51.39485240
-200.05533854
146.62002921
276.82442137
-516.11155057
593.80773580
154.57573162
349.03637703
-15.29872208
-570.76110918
-337.58004912
-330.47806780
-275.63607643
-65.35317732
266.96159568
180.84106771
-644.05912481
788.62435254
895.31120557
183.96695541
-535.32066681
113.98707161
-302.16655095
686.88546607
56.33500485
-362.18052230
107.50039706
188.44537405
