-304.02957849
-141.04347504
2.91812010
122.55839925
-366.28104499
-847.39634800
699.33153299
-669.24660425
-608.33579959
294.78105764
245.60953440
472.53767463
39.11768486
65.66285254
52.49114406
-134.10845440
-551.94874946
86.53510324
-654.66030365
464.35280577
-175.90250321
18.73540768
-559.79637149
203.68470549
45.09158172
-111.47623266
-322.58718340
-91.20519045
-547.03729256
848.44155610
102.85078658
-46.94243623
436.92408678
-353.71801285
-753.92542826
817.01289997
81.43537830
-44.20949382
536.89881523
-294.77659669
-695.92323420
-476.81554298
-55.41248787
-6.67828900
-593.04566487
255.02688869
-96.96110055
-294.34276993
253.14843090
-820.39945189
-184.53720812
-425.45101224
-520.04442008
64.10776829
-666.57614229
250.14602998
4.39749496
627.63872499
206.37556293
-299.63028592
810.61545043
-882.82858009
-186.33144974
56.32334558
-121.33117662
-793.35500383
-120.68391757
-119.55969037
-693.48324799
384.64752595
-287.11002047
-361.11938183
408.63655623
13.82942311
-763.89000275
222.64763616
318.46295704
765.90646501
-132.44977193
192.29399282
-591.70752739
-270.03870205
-173.06468736
-342.92665298
-446.56228283
-514.29396235
25.20232893
-371.21573106
94.30698477
41.80011506
10.39028354
-620.00420760
-394.39593780
461.55393939
-325.52623235
-131.38525825
696.44058980
27.80795802
207.82992195
-282.95879752
423.83642435
-326.07712631
-322.97111477
529.29327421
298.88367879
100.80263094
132.04997808
636.87385676
-23.90422843
-141.74083810
-905.47141788
31.87538930
317.69245792
19.23984747
90.97852348
-65.39891064
231.77167722
-740.72929411
905.86998773
-318.74704548
357.26292305
508.71225905
266.37497638
221.39328440
-53.47521638
-104.99356982
-188.28585907
-171.61128855
-14.87659318
305.00585233
879.54718621
-59.31877670
-505.36333919
28.67368647
337.42030060
601.97046329
138.72334814
-522.17310334
-97.92454788
-4.24349536
141.53330936
-474.41595324
115.17138741
83.17091642
499.72194033
-127.34979741
-728.00874381
-507.91479920
8.11024697
165.69511763
-424.16665655
-312.85650572
523.38646705
-232.55736021
-129.33604568
-381.65339868
303.94638913
-30.72154517
151.89815520
509.43881803
-562.34409024
-617.79130049
193.92409552
-171.67822494
747.84995506
-98.51696663
463.50523865
-308.88331444
399.68114692
-582.91526639
-427.86103852
-9.40827013
-516.68468507
290.50864114
8.42041053
-10.42190725
533.71464350
-138.95541670
-402.47640695
-69.28887654
34.03090404
317.25632022
60.81814363
-866.35114961
-179.25095502
-558.05621611
237.32302098
915.53685931
39.27855630
-933.99682528
652.99355706
-156.81740181
69.75436994
-786.99663276
394.25674444
307.11091646
-21.04963715
-430.46085089
-15.71595269
-492.36255687
-101.56272350
198.33216964
383.70295201
208.23152786
-382.92105150
-179.83461640
-28.43963973
-894.04379845
-277.97773949
6.90084355
-832.71370633
187.22189729
643.11523577
538.80556249
114.91801421
-567.53534917
-300.41545146
209.20838347
-257.98188676
-144.27768867
689.59022567
-372.36800024
-310.80522536
-293.11967976
-596.09646394
-176.94893608
-622.63798723
717.51982558
-576.24331644
648.25172072
-346.24774200
-94.00748493
708.74541733
77.84015351
176.37033674
-534.99506267
-748.62168600
-472.43004009
122.38208341
-648.66059830
-407.47122719
99.86615960
-162.64025114
-11.84196401
73.87896253
-198.89105079
368.96727417
-625.92559613
460.47528952
179.67653768
-269.62701955
-147.22287693
-325.12777159
280.87595755
-381.58875963
-322.86985952
105.72404174
181.66496682
245.01228973
559.33114658
-187.70148832
43.10912821
57.44596372
253.73910850
221.28755280
-140.46914590
-280.82381563
-409.06435755
744.83283336
546.33771971
151.50289091
-424.60049263
-351.09227082
-96.58972134
-70.54383500
-435.53750212
-183.03340954
-81.37810261
671.84817765
-906.75953743
607.26162865
-152.01667948
316.23563247
72.59998359
12.25103480
780.90804185
492.00151498
123.39301103
112.62997735
31.02224723
-515.03484538
-213.91339074
-144.15685207
173.34033401
-120.12883204
-229.66413632
-128.65065628
-186.54583993
-243.60143419
-402.03930080
800.56782016
579.34398292
381.44630546
780.30558811
22.41744570
180.04493378
-239.00779941
460.17804404
-323.69265223
498.30057109
-753.01528534
-656.35241958
-406.78507268
655.77489270
691.32421804
-884.87472782
280.43719188
133.62766181
43.28789580
150.60804524
75.69746756
-427.27659763
-346.94901178
-192.17192596
17.12979543
-466.73320999
-76.31891864
379.14659303
38.21491965
-133.27407640
-707.99897376
-428.89949745
-674.63090352
234.64695930
-31.24216450
80.84759335
715.82889420
-762.94282315
41.23943560
345.25798766
351.96470772
-329.81841767
406.94401943
-555.32730295
438.14644200
173.82473675
945.17602559
-340.03648755
-903.66520160
-711.34102867
-371.86125916
-891.60653894
380.98926850
-640.00272916
35.81179261
-172.63551435
232.38029132
-684.14226794
-446.74902857
-272.31302584
69.69763030
715.72713135
289.74753744
-357.19187852
268.74563374
103.43808558
-48.41714636
-110.26428561
-444.46479918
-598.62622451
-51.99303260
-14.50172295
22.46726723
-832.49175010
-237.82940318
562.17537138
-559.01239001
207.69658533
-691.43331600
121.99749554
74.84051481
-527.39841788
435.01938369
3.49572477
-39.95813094
-768.04054644
-360.48724084
-206.47271199
518.07194353
-763.55240847
-147.19252452
-233.90979043
81.46311302
378.39374578
-180.15648477
-32.48517053
368.26666050
579.17341165
151.44452125
-558.40680850
343.34164982
19.66163117
-108.74827604
-708.57073591
-588.80663361
337.56119110
325.79565879
913.24271335
-221.19216522
-204.76035384
-214.29777404
-201.99517436
-96.77508997
-695.07483958
-694.61936604
-830.59906226
417.22911498
278.94369323
643.59073745
71.66442804
449.19670692
677.91210675
863.59136832
-118.26572878
871.37673810
-106.28350033
-208.56176955
-831.69124160
-290.98472214
-246.06110641
222.66036360
-334.32056258
-243.08020117
302.91189066
-136.57556243
161.20691079
435.38667089
-213.52680075
-577.38231667
-55.15132461
-8.06364468
-393.27652235
174.29074627
-170.75200853
-102.88464338
-749.62240938
149.72027789
760.56050297
-492.91841106
-343.71180196
