235.14927658
685.66571151
88.65412066
-144.32901146
-228.64107576
393.74039700
-144.32423709
522.53402053
-345.41050689
777.86060193
-175.98605423
-437.30181156
226.17918528
-213.52047279
323.09044474
-3.98902056
493.11338366
541.49970204
565.03603300
588.66977144
-191.02430102
159.53895612
49.49713475
-393.65676485
-87.77205498
7.24183454
555.45242960
84.10969598
771.29769462
-4.61715297
852.52625982
-339.51890527
321.85388391
572.64992292
241.67809871
227.59943417
-519.48325880
-287.09126412
429.27897047
237.73791952
353.11493394
67.44842290
-180.88005385
-307.74918737
87.79498037
334.79592866
-322.94214460
-62.83899571
185.38747484
-119.91531157
658.31973740
-524.16151839
-505.72172482
-325.72571290
-481.41470620
258.18090179
144.96995146
-217.80276416
193.14844409
187.05173096
815.86425100
222.91074111
-135.05945986
146.38890096
-700.77935856
471.66837463
142.30199289
-541.97691147
131.91965142
-78.77936370
386.72583940
166.32644312
566.18807943
148.65854019
77.23338147
381.79891117
209.92837248
52.10043938
57.95370207
-227.96188735
589.92722947
669.60952735
187.80058368
363.83698152
595.89897695
-39.20290791
170.72129628
174.52954803
427.06383752
492.55787204
-289.21928742
53.98666288
-862.45373540
646.42402885
646.41529416
-102.62517049
28.18986597
-24.40826958
678.38114189
533.28650822
330.63506988
617.37503463
-675.96941913
-104.37642747
454.77943910
207.13285905
-364.85654527
-262.26102070
709.92767341
-32.55723738
154.54727757
248.42457064
-570.06116919
743.61802221
-800.72366177
-260.55925828
120.94917134
-308.59129054
786.96657013
-868.08991884
337.60113314
-243.33152494
-41.18650385
-604.88256326
-119.02554066
30.43126218
-432.66376659
223.72383996
-562.18190237
103.94800751
237.39124788
-816.97027463
491.90791108
451.28536712
-190.94975147
-480.52438368
-356.95407459
123.41894441
-220.80034324
-727.15992603
-416.19087590
342.73181503
231.60692390
-202.98704260
189.73935628
318.27822199
-254.49048771
-209.33192793
-903.81296216
-142.45107210
173.65723126
419.55485303
-338.87367899
64.64663790
-584.76158940
382.33319488
-359.97566693
-841.75776601
-401.45273520
195.63440582
-141.34373269
573.37215582
-271.88194208
188.99705822
-762.31853654
-616.67710944
73.79787060
183.70101293
-654.09965865
-188.08300371
-60.27585246
-879.24440310
582.85198180
-245.82552527
226.39041298
-672.44884888
-181.08647036
-314.99696508
-441.13882841
374.95248014
207.77114345
-489.95592606
-82.30566822
13.22012205
-362.81465312
27.57779402
-683.16389446
459.77692938
-584.93938737
89.89980562
162.75232019
376.15909688
-46.15363422
-479.06795975
-77.13921065
299.56388677
7.02253120
-233.95242785
853.12772978
-168.16553551
-739.93748597
20.94106460
9.57661644
834.38124409
-603.39411007
-287.20790907
-20.92888217
-119.41880500
789.54850741
-193.27103818
-346.17801882
213.55138975
-70.26976101
230.90663716
-233.04352849
574.12583164
276.07942724
-395.73650763
431.45977002
52.11629139
11.81174602
370.20636256
166.76424435
637.72539576
308.21800680
-320.96588966
207.26229251
-381.87146912
-124.71798850
212.17190650
255.83705156
309.88354061
-627.41257055
171.32178748
-297.66111505
-368.90368776
652.29499705
-594.80019487
-94.15554847
114.22998823
137.17782362
168.67239887
-669.73283345
484.16882888
635.74793924
-155.09023933
475.38158908
433.13921804
-235.75448990
13.73250030
-163.46937892
521.89715583
638.36401042
298.57170425
-26.24144640
-252.52371016
212.21719452
-183.95719902
65.57099933
90.70008617
634.27173733
-404.79857038
81.74283089
-687.78791979
-19.06322552
315.15078277
-689.67246105
-695.16877072
419.14502937
128.30751843
16.88463364
512.30157787
150.01400547
-598.51776559
271.15318825
-432.44289585
382.22996854
361.71082986
-465.64167080
-686.08755318
5.73944354
-18.92591123
-179.03335952
-445.07410035
-106.61520476
627.05006063
272.35040394
-942.42441583
122.58442250
643.54830756
252.61480895
-699.93827231
699.71684041
159.51319125
-2.46638658
-246.53715197
448.78722158
-30.70641213
18.19147560
-831.13319927
-79.06310363
-543.82308454
-54.01618740
269.80322795
321.33904399
813.55612570
-246.87219262
-70.45205380
-216.04966611
41.04979725
222.98687214
139.40069946
-475.81871486
-390.15979864
344.40325674
450.16293993
-83.86600367
471.78043072
-231.75757058
-366.85538644
304.20023079
33.70528122
224.14241109
-141.18396127
62.65815750
133.58274522
-319.57587107
-43.31330962
-261.26008364
-602.13243501
384.82351505
-649.08839819
-596.50609963
513.87858631
213.49380646
275.01905745
-744.22541669
-440.94800512
270.14699984
133.21199299
660.54739386
600.56655571
-455.58141693
488.80068777
-831.40879954
358.35474357
35.35825244
-141.63100086
181.65019391
-385.59737908
171.97616274
-441.68652967
201.89692334
563.81068728
-115.16600382
-191.44663877
-671.21620432
-808.93362606
322.45945903
-495.82169777
209.90635060
-293.61127585
568.02849415
688.64948526
-407.15008498
-208.90788960
-454.58916760
207.61921364
190.39605093
-77.42360717
-178.58100730
274.09508635
-508.96429705
-327.29337840
-517.78053075
-331.14193956
23.07968317
293.23153173
-54.22685766
340.48372597
-364.25222127
662.02680812
851.32625319
282.97096792
291.90121458
-233.62547489
-49.92922723
-90.07906199
-151.37546480
-88.33616192
-265.03069314
45.66543882
-41.95703400
-645.29266108
-325.35540824
-201.84332429
-820.03634724
-154.98152559
-28.13640986
-627.45397209
-10.92667433
378.88363761
-181.37038670
674.38758368
501.43638570
-329.30027139
517.42460145
340.04136477
-599.46914598
721.94680810
80.46365532
-269.55891753
-384.40751738
-45.41176142
341.17776589
-153.30953863
109.93554208
-81.24834077
-193.23229808
262.74221986
-117.33107016
-745.88903620
-14.23052650
212.26878968
631.25207517
115.05539145
-556.74342754
-17.72659314
62.27938505
-352.52595300
-85.15103583
-252.20576420
375.49194531
-383.24494164
-395.16779493
208.45802048
454.55684214
535.39205077
-305.77530887
484.06618372
29.57983571
55.31470526
94.19319970
176.36926470
-380.71857243
-435.53504917
-24.72435874
198.90761224
274.36283054
-461.27081523
-314.56874236
6.13502999
-491.99475533
-426.05669031
278.19015744
548.86994392
11.74992742
422.58676062
645.29518765
-743.41442661
71.54843494
-211.43705620
432.65778792
-301.21877889
-198.97664125
-74.48016613
632.61716332
-365.85019273
134.31129316
-0.18809514
621.98378448
363.76715148
497.95879994
373.61640020
42.44140776
390.74302097
446.32394768
-194.36256373
152.74276927
-714.64264350
-610.43870648
-242.20672500
-188.56403712
-537.73655452
-62.62843714
708.72878089
4.32666058
-171.29617733
-132.37997269
644.15394440
539.44514361
681.38437045
195.40171896
227.82975257
635.80297943
619.48758516
-628.32454998
-642.05340834
-253.08553183
-176.00257933
273.77913566
-107.36513994
-37.56692731
789.73143073
-357.87610962
32.41622833
-188.10721591
168.44103345
484.09208407
1.24401285
-449.01952110
-831.38790466
-8.63538534
-202.65288401
-663.15237864
-227.86784651
503.89379619
-101.52484468
740.03070127
231.65580374
-177.25521211
-437.05708889
317.97027515
-73.11096256
-233.69690070
-708.89327705
266.67099016
-407.21594460
-367.00323506
-636.88137290
357.55398361
-58.88538858
-199.22485785
263.89379811
-116.77017295
921.22660340
451.97827902
616.54004276
212.40287647
235.66729930
-451.49466575
650.40003555
281.18578209
-259.87578276
-33.80989096
-116.51072592
230.72853046
-519.65272697
650.04511294
-428.54891917
-79.65124295
224.95286941
618.94341809
-558.33693709
99.31550281
-191.37354115
-798.53935056
118.17658708
49.64905457
46.96856198
-33.07375391
-16.84752294
103.65596988
-778.64733396
-452.32609797
637.47839572
-64.27553531
-503.94317258
-285.76945071
389.08366903
-35.31259222
103.58199924
-699.10810813
-47.96697836
-264.42230579
10.35685464
-718.76284907
236.88140961
814.97823343
487.06628194
254.20363675
-165.35331555
280.98131458
394.61835464
-376.35925614
464.95509057
-33.49674591
55.68927743
-199.56411569
614.88613878
342.89671918
575.07094875
-24.55995277
357.69595508
268.64861188
-202.69893459
-375.43861478
364.94499640
321.36425621
254.94752060
-135.71933589
532.22878740
286.66479146
98.75052726
231.15126742
620.78540219
40.14000470
-451.00815655
7.35709649
461.50226477
410.62264481
-199.37307953
244.41768428
-77.33993669
253.80608541
-484.19698391
248.46687997
-392.12616500
637.07267759
-666.77758617
766.34227431
-218.84035577
494.25125270
127.66533337
-103.98124127
-219.08710326
207.41107444
-26.91501090
99.29472621
375.99996476
-218.08412006
478.17820602
-703.59038606
-64.47360234
134.11544667
-223.21292722
-777.68910191
355.66862824
204.90416690
207.70069376
433.98230482
49.53493473
-73.13865033
92.99941091
273.39648008
-330.74409261
-276.73038007
91.90459604
225.77982326
-422.28642147
-69.43908860
-739.96253306
565.97627598
218.76745357
462.96265528
-122.46974031
67.13830645
-122.21291464
-53.28205086
312.46462114
-555.94027672
277.03063975
-211.37393854
-832.11683849
32.58526097
24.77659930
110.08334566
488.93604681
-87.08632103
797.68180380
423.97924878
265.48754486
603.57443738
-865.88871214
114.01934832
-582.99922960
431.03412693
-294.89127565
-283.29290142
577.93916118
-18.22889332
88.75785229
-116.42456039
99.68588031
-66.82788447
-189.20754819
-411.26041505
-152.20594139
221.38409047
-598.14174915
-216.08455199
-120.28384538
520.86608540
427.86394342
-526.64302740
-9.08354916
250.41536826
-466.86811710
308.76632606
-421.27129861
258.94414496
-47.16252665
473.72592953
-597.61617140
484.45448708
22.99849186
-34.80093795
483.79287382
158.89005589
-277.17348930
-431.77494566
82.29582782
451.81261969
-56.57448228
-34.36367876
-636.31924339
-83.65527451
-271.29104795
-534.12292234
432.33942350
-74.73663410
571.93442322
372.47058682
-334.28921488
618.20765219
501.04236993
-248.48813854
-292.04117310
-148.68414710
-677.66685748
-170.22309320
-315.55384764
-5.33133686
-855.00451838
-466.50394495
108.99938597
28.31620972
1.41060025
41.36727097
-87.59009643
48.19238038
556.88409421
-349.61859630
-633.61458270
-433.86822043
310.54162046
-628.80495989
-201.60354697
-583.84830686
533.90910864
