-781.84271210
537.93878552
-267.86761894
-92.88867481
-191.23943317
-316.37680955
696.45583984
-219.62092031
838.06214778
-35.62853235
250.26008108
-310.98107763
-50.15248526
-145.84401869
-171.47783239
-715.20744506
271.62704278
-715.16076570
671.77985834
-209.97827316
108.74005607
-476.35365697
66.58677192
-239.51293395
779.97704037
177.01481931
-394.90640089
342.68007256
-52.70163617
-20.01941871
605.62515221
-165.92544188
797.39164211
895.58085567
-709.17894623
-349.01980219
156.30938521
-154.99476153
127.24895006
116.12080405
-679.62555103
656.91592248
164.06470203
164.66910933
536.66976093
-818.92133575
771.56638505
33.69570610
-522.07672199
-572.52648204
600.83209127
134.51843322
236.37339807
-402.44284862
-402.97305829
-19.71042862
-668.51573582
-129.29208221
262.31430058
-85.93532039
-819.12470024
-67.44887299
-180.94082688
204.67057864
-143.29619645
48.22558592
347.77958183
-154.46069526
-167.25675388
-405.01390817
468.82855972
-286.65731436
-521.79441097
-58.14702014
-728.57435455
-477.71727524
-95.63069432
437.13168375
38.37792367
-9.25648287
551.11802773
-364.68660425
251.95395448
115.21758894
-78.47571899
520.42264535
-80.60340793
530.42686638
-178.96447254
137.30852147
278.10305389
-422.83101142
105.64262948
258.19933187
649.27767148
-32.10902166
663.11149905
99.13892853
80.90502699
-104.68267246
588.47147851
402.22998450
16.26304704
268.89794566
372.63762479
599.25795928
401.66231466
192.58437957
-134.06579746
926.56871703
714.96294775
345.29027402
-499.47654928
577.20115945
27.68512935
-76.51570985
-363.89368021
-173.51444196
231.23527694
-238.23149815
824.91146122
272.38044955
-142.57166832
379.28315568
-53.84522577
-130.70591588
177.61648428
386.28269353
692.17657103
-405.63062782
-169.23452542
-296.57122827
-172.69143944
-245.26498022
-404.97993329
-322.63895307
218.18866615
-680.54873573
-202.00298666
-549.89990247
-382.38176840
-590.86490344
-99.98453964
-513.23414061
-214.49722884
-659.73790812
-442.04795664
-569.71559094
-96.36528063
441.98374227
682.52618629
-417.99312499
75.25539644
-649.85678678
246.18773038
608.74023511
100.58515016
-975.01265395
484.79222538
598.45275189
-423.40311954
-111.24660238
-680.11194414
156.22405745
163.54122126
725.62210710
91.66926250
96.13100210
209.29281191
43.36831928
-167.85388037
11.10627633
-325.20381862
-76.70466058
579.47621276
-231.41138192
457.65434234
299.66345572
-343.70037235
-303.30482851
-217.29241641
332.18579826
371.68201524
-301.94744354
-169.91177041
-276.92374754
-245.72409454
314.76131301
-538.14945960
-439.63053003
757.76211812
-792.43644763
305.59000353
-645.18525099
-330.43539574
-546.09135933
106.17003924
-359.29018248
-153.12788561
-602.01837358
779.65446427
-259.83098176
-467.73919042
229.48365908
-50.65967085
48.20758045
150.23104629
-420.05481887
-922.15249340
99.48558090
-669.48234833
-118.27829398
276.16278150
242.84217408
-151.28929434
182.81267728
122.13750349
447.83083791
-13.94593556
308.31656456
177.95153403
-711.12670057
220.67947674
127.96490209
-499.97877501
79.63919744
98.25642013
237.45682460
-537.32112252
-134.08536681
141.47463313
290.88739156
2.76392791
588.95939093
-235.04556902
577.14871318
-94.29718273
281.22292102
-554.87705695
132.90531267
628.66741647
390.10307610
-148.69830063
-252.76904873
99.10083833
-30.61509548
685.09709560
509.86326463
-6.33995788
36.64694789
-19.45281814
-283.93136381
120.78129521
-28.45005436
-275.21924383
138.42493240
11.94591302
93.21379408
-174.83829591
-160.83101980
-174.97897042
177.46201979
-292.37542112
567.16388691
-896.28612194
127.66383927
513.64192503
-418.18534800
146.52224153
194.41759683
31.39352385
608.37832049
-106.32036823
-419.67770719
195.73490629
-352.92400467
-145.17353818
-97.41494123
190.04568419
-713.56188757
80.81025685
34.70697957
238.09582631
215.85917484
-164.26527775
301.80842437
97.53537769
-82.21689878
260.43640969
705.33204445
-115.62669156
-166.97365880
525.93639737
-663.27180729
872.69945827
29.76486005
-328.45042363
191.84365030
-5.46426384
-50.13528033
-187.39259322
36.68898285
149.96732200
-456.88367212
121.10404689
140.47272856
-396.42633354
-206.99885718
13.60149111
-123.75465115
26.77996549
-162.10840459
-717.42266847
237.75031037
434.14331730
-530.90796261
-554.23886526
-501.94769268
486.19368110
-720.60498696
308.04225127
-28.62345541
41.58613363
63.33325795
151.23895350
-711.49595612
503.46800036
-771.89949737
-849.88956060
415.52359156
666.27630598
-196.82801982
-608.76338545
344.30187543
344.52031452
836.33155090
-330.18741849
-84.66233823
227.89912395
105.28860671
-85.08476200
-89.14224731
-470.82702613
209.58422006
-431.76932649
-106.99294584
507.68337022
-35.51435185
-5.34913942
156.61937836
271.00949138
353.90194826
-820.94988441
9.88523683
-113.19605921
-194.20521971
164.07262034
-434.28164157
173.90105920
-631.90988215
399.60876924
627.10043401
340.08880060
-186.35436556
-390.22600166
688.51420134
305.61911282
-529.91765916
315.64501960
556.74285911
588.91141620
709.85080779
747.48114912
-528.19847370
-294.81729494
331.63153414
-226.75500062
-339.47076091
-68.85017421
87.89299503
81.49404382
83.56553879
178.31462912
543.06713876
18.11204160
-307.69667340
-567.39552279
4.78068077
351.99926720
767.15492437
605.40719961
-177.60979998
-570.48448375
-161.64642125
-393.84883063
-110.62422775
-314.56100439
107.04584791
-509.61500049
-1.14739070
-270.60302623
103.04168120
-508.47864888
-303.23663556
-762.43257294
273.74290191
581.46412148
-65.64271208
-788.91113082
-661.70172940
308.85977661
-110.32004462
-190.02534794
-127.24127432
-7.89272641
817.18467186
-403.58640914
-758.00523547
687.03271155
606.94864030
410.75469735
-235.72237090
-401.09526097
-668.05616828
117.43229555
8.79300213
-476.31256458
-565.54994369
-743.59700037
14.79934723
-151.20171285
-388.15692470
738.40412971
-499.40120674
436.29535499
4.34564121
-380.56164140
-182.75280754
140.82434515
-266.27830449
-195.45515308
28.39853000
0.70437027
389.02769321
-561.42467272
135.50864334
208.14238490
75.19488842
571.02749487
-310.75771059
-317.15162445
490.56593470
476.16818814
-139.39421712
-192.91856794
203.52678709
702.32469011
312.09286683
-654.52674001
-406.08567672
-287.29592336
-232.31024856
-172.15778829
553.08863415
-265.57080142
40.98898206
279.44880560
-287.49604181
557.39121331
-647.50159389
-462.25951697
-5.69084318
-208.81788249
255.63981951
-7.69280007
-381.15477215
-48.06618250
-363.69607501
-156.96678564
473.49297184
-219.66769020
-334.23112743
-227.76582303
-829.07643811
-691.93391879
354.31606215
807.98087416
-240.75971063
-702.70985640
737.16003610
216.69397933
-364.72514230
28.42334938
585.49093929
-523.71375695
458.63845755
-78.66637854
-339.99014428
502.53766572
330.11128460
-661.71397007
300.50732915
662.53247876
388.66795307
-602.88787606
238.54342992
-883.42277644
-586.07822725
508.66741302
-631.91376292
49.00034588
-128.66802528
254.75205426
-331.19815539
350.73777140
927.69574943
21.12569303
199.95351698
-372.16926781
-5.94462977
71.57066454
272.12059704
117.65383411
322.58574301
342.19836217
618.03032193
160.80499762
-631.65376380
34.96859437
-463.16991923
-250.83281422
-216.72908708
37.27220464
-569.10213574
-733.67161538
-295.70641775
19.23658423
-124.92939548
-679.33419952
106.86896768
-504.58107414
-588.74060955
-480.52703585
448.17762440
-190.98342874
637.45192603
98.54090265
-45.35893797
748.00899405
-169.14009753
156.03966796
11.96835570
-839.84568148
295.44739499
-328.70772409
133.44971793
-574.30632134
-168.68310435
-42.86460564
215.07472773
281.03583306
326.51084174
266.76939584
-439.77996541
19.83372006
-310.00679243
-425.71960021
-25.82087153
-175.45086979
-165.15294044
317.26904879
672.19554347
151.82956566
42.00766017
-550.93348845
564.53416462
-546.79928063
-887.07671782
170.49128256
-605.80351284
708.59932726
4.89795693
34.28881609
-345.86356435
253.61910055
-628.62740621
106.52860258
330.22338914
-433.75757009
46.41710498
-377.30596396
-280.37876695
147.63293107
440.64436022
155.20558822
-494.28703309
-461.11179679
-572.31889911
-484.10146930
107.67033814
918.20280218
8.48409336
-462.66981952
-712.14901457
350.10619608
96.46118004
221.93840624
388.40978040
-705.85589346
42.06821442
299.56404804
575.57930912
90.57491525
85.02955748
-216.74335983
-280.30992585
-309.23866868
-288.32304467
700.45334931
-322.32225877
-32.11629630
368.03847067
600.55684654
-78.88696887
-774.98969190
-651.62970095
179.49641806
359.82542012
-692.13642629
-440.31484585
-15.18666848
125.00742019
-32.34547193
-747.01328309
98.26631995
-908.70966982
367.50871297
-75.46820142
-767.31693938
-477.02580833
465.85975428
682.40461626
-539.30757106
568.61888068
855.42373495
192.81089605
354.58003900
-125.72116999
-230.13774511
358.68530024
-272.08625877
-392.21424781
239.79815111
-277.41692947
368.11947249
268.30769630
113.90704836
484.65577727
354.46783584
323.25039905
-189.87967628
741.24994443
162.91120711
468.68536726
74.13364306
462.20463608
-370.91063815
560.06897968
-50.38595758
310.93189952
170.35925110
515.54224554
-113.72605411
504.49869465
364.39758297
-552.27678725
29.66317971
-307.11411362
144.66509336
-213.42237256
-1.36873682
-328.19316533
29.11652247
-180.68240813
146.61266632
656.99017259
-622.90355397
-79.08330623
-144.56080563
182.99199301
604.21383767
101.76315382
-158.51876186
521.86139762
-54.60569564
-788.29159308
550.73502431
-87.30132769
133.23485009
545.54314468
-478.39998291
262.87457873
-354.83523681
181.15813048
-60.21813625
419.45573562
338.44993170
202.04033701
-689.88576990
-464.16097272
21.01842247
570.16117638
6.86087688
-181.02093646
-121.65466701
76.77704937
-820.08234288
-343.03949415
-130.34987992
718.54915896
-453.00593214
709.01043578
-350.91310420
46.75088077
-711.64304918
231.34804496
694.92132119
-433.55141458
-695.85034862
-514.80784494
-265.43160679
289.21903178
265.70328783
-244.75502044
-196.08381983
-70.92046625
302.82706575
-149.36319570
-443.07164781
-79.03987770
-174.40197633
183.43718657
313.24998556
516.51062694
459.49362382
148.64738921
556.66016700
86.62536207
380.39464267
-411.95322747
23.42639026
491.80318981
160.05989803
928.21048306
242.99313277
-764.67207338
-301.08136808
-103.60783656
143.34820167
-377.15658769
-251.47372993
-228.11843603
187.51765954
-219.88409022
413.49993720
731.02446733
-133.66754594
416.88573520
-106.45254816
402.32893707
-91.84834733
208.26728414
53.35337635
259.87551413
-488.40199260
442.49246531
-361.19847745
206.68555909
431.49337689
62.23554736
327.07730234
-56.55893401
-280.58672936
577.38721988
412.80256637
95.21307166
-364.28874971
213.73958262
-244.07035859
-117.12869945
16.46382401
166.09200399
557.58332478
140.06134259
339.03970499
-496.42184324
-628.57936991
-166.87531581
160.25266813
20.58332886
-947.21548537
196.32305004
404.05545312
715.25249690
-79.08509352
62.46022380
-414.89018670
232.38103608
-421.55972208
-217.59857422
-67.87218263
219.13648226
-262.57925841
23.63468271
119.93587777
-167.91332804
-202.09499378
549.05767391
-565.97981023
15.30488121
148.50715189
914.54267635
-366.74685852
-125.08840037
-142.97615665
121.32820984
289.32547795
-609.95426275
-232.29025422
-724.78845207
443.90650797
-603.51603123
-890.31246480
-211.52091779
506.78077184
-109.44432163
563.92545672
731.41960755
-84.86651979
57.88179674
-728.74770866
-483.21061420
-125.25868061
-60.35538356
0.29453397
532.13125947
-332.57801039
394.69476898
517.52526129
314.99977133
4.33521674
25.86422787
635.77554711
401.56807267
25.49589121
-391.75604515
-14.82079459
187.19292121
62.35610487
-474.01691747
-314.68116803
-120.37151624
255.48811352
-535.96892543
474.61896842
-553.33732669
314.26886104
39.64929029
-125.47564234
129.80621664
-406.52708226
516.17314350
211.42923189
-549.63924596
-448.65044579
340.64008693
-60.00278254
-69.41504569
478.93153103
335.17614042
162.74703667
-211.76057956
-414.44016323
80.39073654
-18.92866999
-281.56036180
-40.10181641
141.92257180
652.43610351
94.29257070
-133.04539148
83.59491045
274.82467347
-304.38004194
385.84274936
68.46338948
811.14454204
658.85348258
-585.88387378
525.07772980
-38.65871199
-33.20951523
-531.55568067
734.56873160
361.16328948
-678.10055119
-110.32176948
-285.46261921
-272.21279510
300.61623350
428.59395619
300.97846520
-400.41799575
297.12717602
701.81571051
-952.94092356
86.44244033
872.06222640
-509.76581241
30.83598845
87.55793521
-243.08593337
-631.18231604
-187.58898222
-450.54352326
-123.19064851
-523.69173061
-452.86053603
164.75866093
-279.02980899
22.64957584
164.79321860
154.29423128
-30.12133555
-366.59288491
-532.10908472
318.36707961
343.97814647
15.83634736
-155.57977627
-392.53973644
178.06045599
-72.10142131
133.23475934
-108.77661205
299.84433217
-358.20344514
-1.63474704
856.40252543
406.82020400
332.10117283
-417.48118962
-889.63973748
730.65043553
422.95813964
-349.97801195
-686.74313514
-250.74802382
-418.45515959
338.55149296
-610.76339720
-594.38105104
-235.92833159
-834.51752809
98.97879656
-503.91873734
-541.98704433
75.48363253
5.38484713
680.56458668
-257.40011091
-247.31215268
490.62030880
323.98696978
47.19613005
213.60224949
-62.06517936
-157.24224333
32.47168838
-948.34405781
255.90549004
538.77662695
-20.35005347
285.93367009
-213.31674610
80.66777867
-67.90833269
255.57681672
365.64974794
-172.71698084
-97.98011685
-150.55283563
332.87392911
-90.03533385
380.81872013
493.77132416
219.60472648
-655.12306835
-358.02237593
201.54967560
