-403.45041328
-325.57598571
38.70502014
348.96719941
-508.93642439
286.12059502
584.42905947
562.58040956
271.35316735
255.31509154
-542.57850755
640.91935109
-766.01254974
-81.55143941
-566.54879482
434.94359896
522.35963835
-230.80143676
-154.54434957
319.54774400
-390.05942870
52.13181736
-178.72961157
66.11539581
9.53289028
-333.21768928
166.54671280
-160.29784383
173.63583734
811.16456558
-292.41868110
346.54602189
353.50543748
145.70334507
-114.74255823
-108.42045997
60.66079391
-18.06436932
567.34736242
-14.21821896
-278.27390207
37.14642683
-743.65529024
293.11839226
-354.30931006
-244.22752151
341.09254522
-412.23164309
-138.03264209
249.97869438
-152.13638619
-110.62270357
381.37669393
-549.88813549
-383.53566535
-121.55266674
105.61058527
239.14603649
158.41342865
155.04236979
318.81976356
-488.27857894
-347.25675218
366.01750177
133.08105314
-441.84431427
408.26552922
-110.60358487
-626.33861355
81.45066435
-571.77273058
-19.97602306
-120.71143869
251.89088385
-550.94513681
197.21309398
-44.42021151
84.32743392
105.80572240
122.92258950
-291.59928060
571.23475888
-514.28136439
-457.22908387
88.40910158
-145.93692441
-409.22026097
404.64231139
67.66230785
216.72938272
-953.37771887
-78.81679674
-232.82985601
-380.61880431
-206.76253663
-540.85887174
-222.50743757
-389.34177628
131.35206700
470.67763434
491.13904715
-551.23510025
816.06251245
-100.38495049
145.11732717
-253.58809930
518.51855261
-144.77490477
11.72401052
-490.84235069
-443.12328044
302.26733067
344.08113053
248.61234966
-223.68561907
-297.46640284
-306.33773201
-17.97055302
636.87300792
-250.34846279
-651.79562103
625.05540232
-200.17525779
145.78412771
303.46658120
264.78695619
-387.20341924
849.73172031
-515.88874150
-551.14236258
519.05672715
-195.35561147
-709.85491541
-272.74740224
16.32506869
-300.46845409
264.36580517
-122.11170726
-194.57213933
234.72701881
670.96585348
310.28317470
60.54684665
254.47822109
-44.41948149
-552.67299983
-155.58551194
338.94161071
394.47109331
53.80703660
197.62441210
426.97426795
734.95770470
-105.21854355
-315.41725069
-15.85603955
-20.86083329
-354.77382528
463.78610553
-413.19411481
-96.06292756
-105.19475158
-354.57329542
232.79190986
309.06292685
-539.78006392
393.10291714
-381.55189621
-814.08788544
3.07131401
-13.62446259
222.15674160
278.10787235
3.03882487
-222.04681196
-493.59193400
-362.71982058
-222.05537226
-8.13971998
-682.23008114
300.61671429
-193.15851919
306.79871118
814.37531590
-722.22434055
74.46071619
-200.26712146
-786.55391365
166.19555063
-179.19707304
-185.95755156
-381.70078167
-211.00787019
78.41847009
-280.01136896
721.00522580
-467.73948122
-284.91879415
-54.29473061
-300.35275838
-354.67114511
-521.54424936
359.04448917
-469.58162545
-91.08958970
-542.08653256
-268.66465723
150.15607494
-872.03540915
-404.94030960
-17.32249144
214.10318697
-147.68904834
13.14283003
114.26724981
5.26840421
-225.12143910
-436.28616450
-825.79718769
366.05056174
-202.42312608
-210.62090695
249.21473359
-296.61977319
-828.79303145
217.71211425
-25.72296977
670.63981388
-288.46446736
-382.69165849
41.57761031
-411.27605263
-252.98848526
-336.04623547
597.21627474
-2.03363131
216.15999479
-426.08201023
83.07751638
137.10794690
-424.98703199
-251.07919915
493.54741171
18.72433055
-896.57752839
34.28863301
-747.10467132
-46.20814576
483.12058723
-66.70547353
-342.38689960
-233.62878516
79.31393482
-28.75046251
267.94067051
402.99593467
-178.63737149
397.72422426
-63.85233238
875.56165982
-255.10714158
180.12802562
-114.73021764
-337.94180192
-236.23550186
-262.46828547
240.34201249
-68.84620679
195.15325325
472.51883336
-632.36615600
-343.51360768
-609.13286014
-140.92292864
472.52459802
-287.10849671
-361.79174401
-122.35545445
33.20331736
889.62460575
-509.07327461
219.57758505
483.54049998
42.97767706
-237.82749852
-204.94385060
35.12852525
319.20872669
154.69323595
-248.37609772
-94.87985928
196.06300988
-340.15831892
416.78984618
262.13671186
-519.69777990
300.24797333
-162.70097287
-83.53997926
112.65009394
-313.51379138
451.81951306
360.86032925
163.26103499
-706.70586132
-511.37641470
22.11267916
100.40473119
398.26787540
-275.29331883
836.04826372
-226.08435371
-28.77914852
561.31286177
124.30695680
-137.54534885
-780.53244074
-99.46937395
-260.94985189
80.28389817
-393.11518728
-121.77165771
-93.56372358
-333.20575545
141.26536949
-30.86003202
594.14376427
-240.95750067
-12.64213944
759.61311501
-15.03683975
286.54236178
939.79986684
-226.90592507
-118.30347356
-297.91881680
81.35815839
779.59888960
206.16578526
-727.86854290
-524.81868629
324.28289382
622.87767106
-346.93630738
53.13669300
88.56883039
40.19555288
245.38631729
-793.24588122
5.64600490
-121.93602660
-760.81713919
288.22724361
-735.61898220
801.22713422
544.35120401
-564.69843853
702.27706426
-399.85169677
28.56899830
-229.97807113
47.30174175
484.03346465
-218.14403121
304.77258131
-210.88924393
-506.35680377
472.23735059
-257.71933805
-377.24861502
-69.58224730
-179.54098596
671.46970804
-221.30428557
533.15647745
281.34293155
265.14169869
101.12250222
-380.40806327
-193.94781967
28.23956513
96.27709965
-30.54499381
941.32993366
312.78839485
556.27078966
364.91288911
312.33467924
-102.58033232
316.29079281
-107.37703159
83.23200130
-423.22279186
-67.81530205
-567.18145160
106.22020433
34.68822939
-739.85188828
-229.61424193
-639.48580128
761.04610832
-321.67935919
280.05675622
166.58495310
-276.43997831
617.98309179
-559.66377506
-204.18445726
-457.13868505
202.47933430
167.90332376
412.63606436
-481.94602010
-148.02697992
-122.92966089
370.66930487
772.26911612
-224.00835410
-319.69775763
251.84371333
427.29908970
-318.44449605
-423.14430498
-469.85872782
-143.79489387
443.40871354
50.72494523
-130.19874308
-459.52319714
-507.14076639
220.97249171
57.85000385
-88.84104307
58.23739038
407.16442904
288.44379484
176.74193461
10.49349138
-552.94474315
235.52075113
-367.73395063
-676.52006571
-451.44574399
-122.71938465
-445.14469989
152.16338618
234.90640244
-231.02902973
-668.12505646
391.00230198
-212.63218163
239.29453204
10.80599405
84.20452242
145.36084903
-242.83427192
-353.38835644
436.10225536
-77.57932068
-371.63553176
-317.50450451
252.16891510
-365.07315111
61.14749873
509.67439996
366.27864636
485.16581128
-25.43185000
206.93631944
-50.98221503
674.07260956
475.79146643
141.60303354
-139.96359293
-135.55778979
-109.69436787
-89.94096882
-184.06313919
822.29483432
165.49629961
334.89421287
328.67521674
481.99382761
-688.94528439
653.11145896
34.01998381
-673.32392429
343.63086394
62.27706187
-122.71708482
-308.36083036
177.23500474
-98.05130726
161.02429329
163.75331792
398.69286437
203.38503370
-24.84517321
-314.98007716
23.36143556
-99.47936922
-353.38412803
-442.82903203
693.58520225
180.46633546
-97.27299330
-667.79119769
-508.10728776
-0.36930923
-337.98596320
335.61238527
674.79836130
150.60080422
234.07800892
-61.07082692
-832.01203686
-340.32656197
63.25727362
-203.46540712
-505.63810840
317.51546091
856.43412629
-886.08674981
591.92415462
-5.33478792
-714.02638812
681.94002454
-475.88942172
-395.82785817
20.13744400
355.76699765
34.60476236
-9.59421698
-115.70819828
-147.88058225
109.13193496
122.35817665
-177.24615162
312.63089327
-638.56456342
676.79223888
-65.78207414
-93.38948421
-454.74600603
-795.86342246
718.17262662
-254.83666058
-431.03923355
-146.53797503
224.55324766
-164.29756896
-470.11883219
-692.52026007
-154.50865914
-233.72726838
566.65061153
144.81426920
-549.64574174
310.12078584
-72.25013988
260.94843688
416.75570223
108.94117704
453.62642638
-260.47036901
669.95523949
26.67162507
525.89696708
194.86893363
595.58797497
-767.36231195
53.34005782
-336.28700874
132.64451897
201.51608089
-169.95057158
-290.28777225
-528.75698419
893.60792341
-580.58812479
252.02968030
-108.01912984
-700.22740078
-403.77621862
156.43303693
-542.20649604
358.15978413
123.93681038
719.24967077
-9.42405171
-35.73385774
32.68629571
-278.68751077
489.99432257
415.30246308
-419.07393772
-335.82946098
-355.79700050
-752.33947758
-901.55516854
446.26147234
443.03191465
-932.79632835
-529.50434405
-178.91839371
362.21888666
-412.30804190
-886.26206644
234.29335358
-83.58254462
-121.64569346
327.36418522
-34.68298424
-144.66851985
223.91940489
-82.36865759
-476.87969374
-236.66943218
-730.70893744
40.11237273
347.80065804
178.90364893
140.88149298
-49.17535663
606.72905149
321.63595213
-290.42465003
388.42234531
-23.65407288
238.25435395
-143.08357703
-194.43182027
-141.91648038
-656.16383797
-854.12239248
877.05519179
-218.45894865
-221.99581563
-303.53264107
589.77194610
-692.04635930
792.08492209
-81.90939650
394.03956798
67.74917887
380.13847619
148.15425252
21.40856474
-258.98076725
-216.05346224
722.24085277
390.11648137
6.97606755
72.97107908
905.31744578
14.24140951
-77.23967289
-427.30024085
-18.90254720
24.81573704
-388.03206683
40.65494389
226.73544196
59.13707588
-597.98711648
-136.80316216
-199.00511524
287.65138127
424.88494245
-132.66020163
16.91798562
-121.79163960
39.09048234
83.98713341
428.83678864
-570.22614277
147.19826595
743.63556613
-124.88420360
-292.96474908
-353.10417683
54.49719070
-833.98365042
-391.22252621
-656.76735400
-386.06036104
-271.53870972
300.75692270
605.04606080
438.28230656
486.05992716
-637.30013923
689.90711442
-628.09665358
-88.03293489
-166.56878060
-13.90856568
718.37580528
-129.74790403
-551.06228949
-182.45510586
279.99722707
214.29117532
583.95762483
-732.16873717
846.85471819
233.00197382
735.19111053
-325.24847861
-162.43438677
-475.15873348
-498.70697705
-801.67896092
20.07177012
-457.75077573
-362.57722844
186.63611471
-474.65548789
144.19193772
-428.96181657
125.03456592
-494.36999642
628.03608194
-71.42123200
4.40194442
184.05947261
726.66233608
51.43015354
-451.09294908
3.78405109
-104.11385395
86.30720495
-794.47052821
-518.01887085
-281.96292761
-243.27978261
-231.57887259
-152.30786533
-481.04894068
-9.63289910
179.84224663
400.76852471
-127.56042788
489.62612159
218.37803133
500.97126078
-212.34925363
-802.49203415
204.76534738
-310.49208985
378.41872622
-240.74786227
63.82506313
-114.99326511
33.03636059
444.88699275
412.32931655
774.85637881
-653.14287003
-299.85547386
-246.04907136
670.81852226
-202.72173836
-127.53581541
-450.88383111
264.64933119
-343.84684575
-573.04895145
271.17178243
290.46855116
201.59547836
511.10558515
-71.55067075
-98.52972214
-791.77194532
124.29746197
454.90205868
-152.54507769
-343.96299512
-409.84994805
574.57464992
132.27202589
170.32657610
-412.18292670
-132.61528155
-259.83191876
-381.58623516
40.15203560
-452.45639794
812.89762939
185.43950681
64.47863307
725.63554793
-466.34095500
280.31834676
-409.91581833
-368.38545157
79.77643889
271.84835887
-402.26283239
-105.04171891
558.95767981
-58.21536944
401.72089177
-447.83861115
237.54738406
-200.60836789
-626.21904218
-142.22302349
-79.08542091
46.99241699
-17.99222909
-432.24918392
-164.82173518
-283.14624074
-13.75607049
111.92392183
465.72364235
-139.94153311
548.04544351
-620.23206290
788.24302647
732.10381885
-288.31588424
-279.31466432
70.90352681
-519.25377046
101.22134606
-243.71928178
882.04533170
-641.05502861
-223.26855537
-223.62603284
-119.06301794
-240.80506888
-304.69818251
-133.80723229
325.22310327
293.77717436
-117.20148170
-342.63915458
440.77955599
-695.19379025
-172.66869333
463.13506613
224.38585250
-424.43913614
-1003.65930755
-116.64988610
-9.79278505
-665.33249587
-222.75138961
-192.85136251
153.96215894
-869.85435685
120.96336951
-63.39172015
-429.38812230
-549.64567230
-0.15985382
102.82259727
443.52546396
-777.65529535
24.32337605
-8.98392255
398.70335744
-12.80683698
-115.50140978
-716.64927385
599.74745351
-929.77911621
-141.33485026
-75.92948908
604.40597176
-181.58099405
-354.24406075
-455.78766110
599.15599646
178.92269325
184.92875750
-705.35201533
210.17287986
111.50206120
-218.19562841
115.12356146
-185.35524210
-614.31496015
196.12267264
104.10998753
40.89150144
113.39285478
-158.95404823
122.09716358
-276.49766753
-280.73820602
-165.69072146
-167.04591128
651.75039130
-221.19499323
337.62836210
-546.62785933
84.35429692
113.60351454
215.70363793
72.79515702
-215.13332924
298.52174673
-158.55078943
65.36359459
-270.12382184
470.73349790
-845.70528863
-98.38739583
-390.69107563
247.60617521
-420.26976160
754.37358452
-451.50606902
-71.11078493
83.89859560
24.92294159
-102.60625857
191.92989978
392.23179420
645.92573845
-582.61798119
-15.86946046
777.08308510
392.34448333
-80.72327654
-20.29905498
-663.97437650
-196.99456743
590.46649541
1.50790962
-563.54329834
-98.99086683
-3.70752193
61.46093046
365.44028831
501.16634412
-171.94112424
350.43835734
70.57070087
641.97799073
-265.26282137
476.19667951
707.71640132
305.84427623
-638.40436743
-16.17786693
-25.77904029
-235.31164771
340.08256949
52.55798050
198.56146445
482.91090944
-258.19033938
633.15592373
-71.16314789
-208.87036206
-97.95973155
379.08999466
190.16667837
262.50260053
635.32696477
-2.45823587
-512.88233437
-423.17159436
-54.89187426
-466.49898940
188.18125113
-480.57321946
-149.54170323
-616.11196052
85.92699895
-905.01541255
-265.93162037
-53.67640293
158.02146868
120.67942871
-540.60603984
52.76420016
231.36229585
123.24778271
-747.97587994
-315.09785693
-329.86786058
14.76536382
658.45513854
308.85566606
575.26016641
88.24912624
-122.39704550
-130.17099389
245.58268976
478.38954202
102.47070667
654.55497157
504.60492061
