2000 4002
0 0 0 2000
1 0 1 2000
2 0 2 2000
3 0 3 2000
4 0 4 2000
5 0 5 2000
6 0 6 2000
7 0 7 2000
8 0 8 2000
9 0 9 2000
10 0 10 2000
11 0 11 2000
12 0 12 2000
13 0 13 2000
14 0 14 2000
15 0 15 2000
16 0 16 2000
17 0 17 2000
18 0 18 2000
19 0 19 2000
20 0 20 2000
21 0 21 2000
22 0 22 2000
23 0 23 2000
24 0 24 2000
25 0 25 2000
26 0 26 2000
27 0 27 2000
28 0 28 2000
29 0 29 2000
30 0 30 2000
31 0 31 2000
32 0 32 2000
33 0 33 2000
34 0 34 2000
35 0 35 2000
36 0 36 2000
37 0 37 2000
38 0 38 2000
39 0 39 2000
40 0 40 2000
41 0 41 2000
42 0 42 2000
43 0 43 2000
44 0 44 2000
45 0 45 2000
46 0 46 2000
47 0 47 2000
48 0 48 2000
49 0 49 2000
50 0 50 2000
51 0 51 2000
52 0 52 2000
53 0 53 2000
54 0 54 2000
55 0 55 2000
56 0 56 2000
57 0 57 2000
58 0 58 2000
59 0 59 2000
60 0 60 2000
61 0 61 2000
62 0 62 2000
63 0 63 2000
64 0 64 2000
65 0 65 2000
66 0 66 2000
67 0 67 2000
68 0 68 2000
69 0 69 2000
70 0 70 2000
71 0 71 2000
72 0 72 2000
73 0 73 2000
74 0 74 2000
75 0 75 2000
76 0 76 2000
77 0 77 2000
78 0 78 2000
79 0 79 2000
80 0 80 2000
81 0 81 2000
82 0 82 2000
83 0 83 2000
84 0 84 2000
85 0 85 2000
86 0 86 2000
87 0 87 2000
88 0 88 2000
89 0 89 2000
90 0 90 2000
91 0 91 2000
92 0 92 2000
93 0 93 2000
94 0 94 2000
95 0 95 2000
96 0 96 2000
97 0 97 2000
98 0 98 2000
99 0 99 2000
100 0 100 2000
101 0 101 2000
102 0 102 2000
103 0 103 2000
104 0 104 2000
105 0 105 2000
106 0 106 2000
107 0 107 2000
108 0 108 2000
109 0 109 2000
110 0 110 2000
111 0 111 2000
112 0 112 2000
113 0 113 2000
114 0 114 2000
115 0 115 2000
116 0 116 2000
117 0 117 2000
118 0 118 2000
119 0 119 2000
120 0 120 2000
121 0 121 2000
122 0 122 2000
123 0 123 2000
124 0 124 2000
125 0 125 2000
126 0 126 2000
127 0 127 2000
128 0 128 2000
129 0 129 2000
130 0 130 2000
131 0 131 2000
132 0 132 2000
133 0 133 2000
134 0 134 2000
135 0 135 2000
136 0 136 2000
137 0 137 2000
138 0 138 2000
139 0 139 2000
140 0 140 2000
141 0 141 2000
142 0 142 2000
143 0 143 2000
144 0 144 2000
145 0 145 2000
146 0 146 2000
147 0 147 2000
148 0 148 2000
149 0 149 2000
150 0 150 2000
151 0 151 2000
152 0 152 2000
153 0 153 2000
154 0 154 2000
155 0 155 2000
156 0 156 2000
157 0 157 2000
158 0 158 2000
159 0 159 2000
160 0 160 2000
161 0 161 2000
162 0 162 2000
163 0 163 2000
164 0 164 2000
165 0 165 2000
166 0 166 2000
167 0 167 2000
168 0 168 2000
169 0 169 2000
170 0 170 2000
171 0 171 2000
172 0 172 2000
173 0 173 2000
174 0 174 2000
175 0 175 2000
176 0 176 2000
177 0 177 2000
178 0 178 2000
179 0 179 2000
180 0 180 2000
181 0 181 2000
182 0 182 2000
183 0 183 2000
184 0 184 2000
185 0 185 2000
186 0 186 2000
187 0 187 2000
188 0 188 2000
189 0 189 2000
190 0 190 2000
191 0 191 2000
192 0 192 2000
193 0 193 2000
194 0 194 2000
195 0 195 2000
196 0 196 2000
197 0 197 2000
198 0 198 2000
199 0 199 2000
200 0 200 2000
201 0 201 2000
202 0 202 2000
203 0 203 2000
204 0 204 2000
205 0 205 2000
206 0 206 2000
207 0 207 2000
208 0 208 2000
209 0 209 2000
210 0 210 2000
211 0 211 2000
212 0 212 2000
213 0 213 2000
214 0 214 2000
215 0 215 2000
216 0 216 2000
217 0 217 2000
218 0 218 2000
219 0 219 2000
220 0 220 2000
221 0 221 2000
222 0 222 2000
223 0 223 2000
224 0 224 2000
225 0 225 2000
226 0 226 2000
227 0 227 2000
228 0 228 2000
229 0 229 2000
230 0 230 2000
231 0 231 2000
232 0 232 2000
233 0 233 2000
234 0 234 2000
235 0 235 2000
236 0 236 2000
237 0 237 2000
238 0 238 2000
239 0 239 2000
240 0 240 2000
241 0 241 2000
242 0 242 2000
243 0 243 2000
244 0 244 2000
245 0 245 2000
246 0 246 2000
247 0 247 2000
248 0 248 2000
249 0 249 2000
250 0 250 2000
251 0 251 2000
252 0 252 2000
253 0 253 2000
254 0 254 2000
255 0 255 2000
256 0 256 2000
257 0 257 2000
258 0 258 2000
259 0 259 2000
260 0 260 2000
261 0 261 2000
262 0 262 2000
263 0 263 2000
264 0 264 2000
265 0 265 2000
266 0 266 2000
267 0 267 2000
268 0 268 2000
269 0 269 2000
270 0 270 2000
271 0 271 2000
272 0 272 2000
273 0 273 2000
274 0 274 2000
275 0 275 2000
276 0 276 2000
277 0 277 2000
278 0 278 2000
279 0 279 2000
280 0 280 2000
281 0 281 2000
282 0 282 2000
283 0 283 2000
284 0 284 2000
285 0 285 2000
286 0 286 2000
287 0 287 2000
288 0 288 2000
289 0 289 2000
290 0 290 2000
291 0 291 2000
292 0 292 2000
293 0 293 2000
294 0 294 2000
295 0 295 2000
296 0 296 2000
297 0 297 2000
298 0 298 2000
299 0 299 2000
300 0 300 2000
301 0 301 2000
302 0 302 2000
303 0 303 2000
304 0 304 2000
305 0 305 2000
306 0 306 2000
307 0 307 2000
308 0 308 2000
309 0 309 2000
310 0 310 2000
311 0 311 2000
312 0 312 2000
313 0 313 2000
314 0 314 2000
315 0 315 2000
316 0 316 2000
317 0 317 2000
318 0 318 2000
319 0 319 2000
320 0 320 2000
321 0 321 2000
322 0 322 2000
323 0 323 2000
324 0 324 2000
325 0 325 2000
326 0 326 2000
327 0 327 2000
328 0 328 2000
329 0 329 2000
330 0 330 2000
331 0 331 2000
332 0 332 2000
333 0 333 2000
334 0 334 2000
335 0 335 2000
336 0 336 2000
337 0 337 2000
338 0 338 2000
339 0 339 2000
340 0 340 2000
341 0 341 2000
342 0 342 2000
343 0 343 2000
344 0 344 2000
345 0 345 2000
346 0 346 2000
347 0 347 2000
348 0 348 2000
349 0 349 2000
350 0 350 2000
351 0 351 2000
352 0 352 2000
353 0 353 2000
354 0 354 2000
355 0 355 2000
356 0 356 2000
357 0 357 2000
358 0 358 2000
359 0 359 2000
360 0 360 2000
361 0 361 2000
362 0 362 2000
363 0 363 2000
364 0 364 2000
365 0 365 2000
366 0 366 2000
367 0 367 2000
368 0 368 2000
369 0 369 2000
370 0 370 2000
371 0 371 2000
372 0 372 2000
373 0 373 2000
374 0 374 2000
375 0 375 2000
376 0 376 2000
377 0 377 2000
378 0 378 2000
379 0 379 2000
380 0 380 2000
381 0 381 2000
382 0 382 2000
383 0 383 2000
384 0 384 2000
385 0 385 2000
386 0 386 2000
387 0 387 2000
388 0 388 2000
389 0 389 2000
390 0 390 2000
391 0 391 2000
392 0 392 2000
393 0 393 2000
394 0 394 2000
395 0 395 2000
396 0 396 2000
397 0 397 2000
398 0 398 2000
399 0 399 2000
400 0 400 2000
401 0 401 2000
402 0 402 2000
403 0 403 2000
404 0 404 2000
405 0 405 2000
406 0 406 2000
407 0 407 2000
408 0 408 2000
409 0 409 2000
410 0 410 2000
411 0 411 2000
412 0 412 2000
413 0 413 2000
414 0 414 2000
415 0 415 2000
416 0 416 2000
417 0 417 2000
418 0 418 2000
419 0 419 2000
420 0 420 2000
421 0 421 2000
422 0 422 2000
423 0 423 2000
424 0 424 2000
425 0 425 2000
426 0 426 2000
427 0 427 2000
428 0 428 2000
429 0 429 2000
430 0 430 2000
431 0 431 2000
432 0 432 2000
433 0 433 2000
434 0 434 2000
435 0 435 2000
436 0 436 2000
437 0 437 2000
438 0 438 2000
439 0 439 2000
440 0 440 2000
441 0 441 2000
442 0 442 2000
443 0 443 2000
444 0 444 2000
445 0 445 2000
446 0 446 2000
447 0 447 2000
448 0 448 2000
449 0 449 2000
450 0 450 2000
451 0 451 2000
452 0 452 2000
453 0 453 2000
454 0 454 2000
455 0 455 2000
456 0 456 2000
457 0 457 2000
458 0 458 2000
459 0 459 2000
460 0 460 2000
461 0 461 2000
462 0 462 2000
463 0 463 2000
464 0 464 2000
465 0 465 2000
466 0 466 2000
467 0 467 2000
468 0 468 2000
469 0 469 2000
470 0 470 2000
471 0 471 2000
472 0 472 2000
473 0 473 2000
474 0 474 2000
475 0 475 2000
476 0 476 2000
477 0 477 2000
478 0 478 2000
479 0 479 2000
480 0 480 2000
481 0 481 2000
482 0 482 2000
483 0 483 2000
484 0 484 2000
485 0 485 2000
486 0 486 2000
487 0 487 2000
488 0 488 2000
489 0 489 2000
490 0 490 2000
491 0 491 2000
492 0 492 2000
493 0 493 2000
494 0 494 2000
495 0 495 2000
496 0 496 2000
497 0 497 2000
498 0 498 2000
499 0 499 2000
500 0 500 2000
501 0 501 2000
502 0 502 2000
503 0 503 2000
504 0 504 2000
505 0 505 2000
506 0 506 2000
507 0 507 2000
508 0 508 2000
509 0 509 2000
510 0 510 2000
511 0 511 2000
512 0 512 2000
513 0 513 2000
514 0 514 2000
515 0 515 2000
516 0 516 2000
517 0 517 2000
518 0 518 2000
519 0 519 2000
520 0 520 2000
521 0 521 2000
522 0 522 2000
523 0 523 2000
524 0 524 2000
525 0 525 2000
526 0 526 2000
527 0 527 2000
528 0 528 2000
529 0 529 2000
530 0 530 2000
531 0 531 2000
532 0 532 2000
533 0 533 2000
534 0 534 2000
535 0 535 2000
536 0 536 2000
537 0 537 2000
538 0 538 2000
539 0 539 2000
540 0 540 2000
541 0 541 2000
542 0 542 2000
543 0 543 2000
544 0 544 2000
545 0 545 2000
546 0 546 2000
547 0 547 2000
548 0 548 2000
549 0 549 2000
550 0 550 2000
551 0 551 2000
552 0 552 2000
553 0 553 2000
554 0 554 2000
555 0 555 2000
556 0 556 2000
557 0 557 2000
558 0 558 2000
559 0 559 2000
560 0 560 2000
561 0 561 2000
562 0 562 2000
563 0 563 2000
564 0 564 2000
565 0 565 2000
566 0 566 2000
567 0 567 2000
568 0 568 2000
569 0 569 2000
570 0 570 2000
571 0 571 2000
572 0 572 2000
573 0 573 2000
574 0 574 2000
575 0 575 2000
576 0 576 2000
577 0 577 2000
578 0 578 2000
579 0 579 2000
580 0 580 2000
581 0 581 2000
582 0 582 2000
583 0 583 2000
584 0 584 2000
585 0 585 2000
586 0 586 2000
587 0 587 2000
588 0 588 2000
589 0 589 2000
590 0 590 2000
591 0 591 2000
592 0 592 2000
593 0 593 2000
594 0 594 2000
595 0 595 2000
596 0 596 2000
597 0 597 2000
598 0 598 2000
599 0 599 2000
600 0 600 2000
601 0 601 2000
602 0 602 2000
603 0 603 2000
604 0 604 2000
605 0 605 2000
606 0 606 2000
607 0 607 2000
608 0 608 2000
609 0 609 2000
610 0 610 2000
611 0 611 2000
612 0 612 2000
613 0 613 2000
614 0 614 2000
615 0 615 2000
616 0 616 2000
617 0 617 2000
618 0 618 2000
619 0 619 2000
620 0 620 2000
621 0 621 2000
622 0 622 2000
623 0 623 2000
624 0 624 2000
625 0 625 2000
626 0 626 2000
627 0 627 2000
628 0 628 2000
629 0 629 2000
630 0 630 2000
631 0 631 2000
632 0 632 2000
633 0 633 2000
634 0 634 2000
635 0 635 2000
636 0 636 2000
637 0 637 2000
638 0 638 2000
639 0 639 2000
640 0 640 2000
641 0 641 2000
642 0 642 2000
643 0 643 2000
644 0 644 2000
645 0 645 2000
646 0 646 2000
647 0 647 2000
648 0 648 2000
649 0 649 2000
650 0 650 2000
651 0 651 2000
652 0 652 2000
653 0 653 2000
654 0 654 2000
655 0 655 2000
656 0 656 2000
657 0 657 2000
658 0 658 2000
659 0 659 2000
660 0 660 2000
661 0 661 2000
662 0 662 2000
663 0 663 2000
664 0 664 2000
665 0 665 2000
666 0 666 2000
667 0 667 2000
668 0 668 2000
669 0 669 2000
670 0 670 2000
671 0 671 2000
672 0 672 2000
673 0 673 2000
674 0 674 2000
675 0 675 2000
676 0 676 2000
677 0 677 2000
678 0 678 2000
679 0 679 2000
680 0 680 2000
681 0 681 2000
682 0 682 2000
683 0 683 2000
684 0 684 2000
685 0 685 2000
686 0 686 2000
687 0 687 2000
688 0 688 2000
689 0 689 2000
690 0 690 2000
691 0 691 2000
692 0 692 2000
693 0 693 2000
694 0 694 2000
695 0 695 2000
696 0 696 2000
697 0 697 2000
698 0 698 2000
699 0 699 2000
700 0 700 2000
701 0 701 2000
702 0 702 2000
703 0 703 2000
704 0 704 2000
705 0 705 2000
706 0 706 2000
707 0 707 2000
708 0 708 2000
709 0 709 2000
710 0 710 2000
711 0 711 2000
712 0 712 2000
713 0 713 2000
714 0 714 2000
715 0 715 2000
716 0 716 2000
717 0 717 2000
718 0 718 2000
719 0 719 2000
720 0 720 2000
721 0 721 2000
722 0 722 2000
723 0 723 2000
724 0 724 2000
725 0 725 2000
726 0 726 2000
727 0 727 2000
728 0 728 2000
729 0 729 2000
730 0 730 2000
731 0 731 2000
732 0 732 2000
733 0 733 2000
734 0 734 2000
735 0 735 2000
736 0 736 2000
737 0 737 2000
738 0 738 2000
739 0 739 2000
740 0 740 2000
741 0 741 2000
742 0 742 2000
743 0 743 2000
744 0 744 2000
745 0 745 2000
746 0 746 2000
747 0 747 2000
748 0 748 2000
749 0 749 2000
750 0 750 2000
751 0 751 2000
752 0 752 2000
753 0 753 2000
754 0 754 2000
755 0 755 2000
756 0 756 2000
757 0 757 2000
758 0 758 2000
759 0 759 2000
760 0 760 2000
761 0 761 2000
762 0 762 2000
763 0 763 2000
764 0 764 2000
765 0 765 2000
766 0 766 2000
767 0 767 2000
768 0 768 2000
769 0 769 2000
770 0 770 2000
771 0 771 2000
772 0 772 2000
773 0 773 2000
774 0 774 2000
775 0 775 2000
776 0 776 2000
777 0 777 2000
778 0 778 2000
779 0 779 2000
780 0 780 2000
781 0 781 2000
782 0 782 2000
783 0 783 2000
784 0 784 2000
785 0 785 2000
786 0 786 2000
787 0 787 2000
788 0 788 2000
789 0 789 2000
790 0 790 2000
791 0 791 2000
792 0 792 2000
793 0 793 2000
794 0 794 2000
795 0 795 2000
796 0 796 2000
797 0 797 2000
798 0 798 2000
799 0 799 2000
800 0 800 2000
801 0 801 2000
802 0 802 2000
803 0 803 2000
804 0 804 2000
805 0 805 2000
806 0 806 2000
807 0 807 2000
808 0 808 2000
809 0 809 2000
810 0 810 2000
811 0 811 2000
812 0 812 2000
813 0 813 2000
814 0 814 2000
815 0 815 2000
816 0 816 2000
817 0 817 2000
818 0 818 2000
819 0 819 2000
820 0 820 2000
821 0 821 2000
822 0 822 2000
823 0 823 2000
824 0 824 2000
825 0 825 2000
826 0 826 2000
827 0 827 2000
828 0 828 2000
829 0 829 2000
830 0 830 2000
831 0 831 2000
832 0 832 2000
833 0 833 2000
834 0 834 2000
835 0 835 2000
836 0 836 2000
837 0 837 2000
838 0 838 2000
839 0 839 2000
840 0 840 2000
841 0 841 2000
842 0 842 2000
843 0 843 2000
844 0 844 2000
845 0 845 2000
846 0 846 2000
847 0 847 2000
848 0 848 2000
849 0 849 2000
850 0 850 2000
851 0 851 2000
852 0 852 2000
853 0 853 2000
854 0 854 2000
855 0 855 2000
856 0 856 2000
857 0 857 2000
858 0 858 2000
859 0 859 2000
860 0 860 2000
861 0 861 2000
862 0 862 2000
863 0 863 2000
864 0 864 2000
865 0 865 2000
866 0 866 2000
867 0 867 2000
868 0 868 2000
869 0 869 2000
870 0 870 2000
871 0 871 2000
872 0 872 2000
873 0 873 2000
874 0 874 2000
875 0 875 2000
876 0 876 2000
877 0 877 2000
878 0 878 2000
879 0 879 2000
880 0 880 2000
881 0 881 2000
882 0 882 2000
883 0 883 2000
884 0 884 2000
885 0 885 2000
886 0 886 2000
887 0 887 2000
888 0 888 2000
889 0 889 2000
890 0 890 2000
891 0 891 2000
892 0 892 2000
893 0 893 2000
894 0 894 2000
895 0 895 2000
896 0 896 2000
897 0 897 2000
898 0 898 2000
899 0 899 2000
900 0 900 2000
901 0 901 2000
902 0 902 2000
903 0 903 2000
904 0 904 2000
905 0 905 2000
906 0 906 2000
907 0 907 2000
908 0 908 2000
909 0 909 2000
910 0 910 2000
911 0 911 2000
912 0 912 2000
913 0 913 2000
914 0 914 2000
915 0 915 2000
916 0 916 2000
917 0 917 2000
918 0 918 2000
919 0 919 2000
920 0 920 2000
921 0 921 2000
922 0 922 2000
923 0 923 2000
924 0 924 2000
925 0 925 2000
926 0 926 2000
927 0 927 2000
928 0 928 2000
929 0 929 2000
930 0 930 2000
931 0 931 2000
932 0 932 2000
933 0 933 2000
934 0 934 2000
935 0 935 2000
936 0 936 2000
937 0 937 2000
938 0 938 2000
939 0 939 2000
940 0 940 2000
941 0 941 2000
942 0 942 2000
943 0 943 2000
944 0 944 2000
945 0 945 2000
946 0 946 2000
947 0 947 2000
948 0 948 2000
949 0 949 2000
950 0 950 2000
951 0 951 2000
952 0 952 2000
953 0 953 2000
954 0 954 2000
955 0 955 2000
956 0 956 2000
957 0 957 2000
958 0 958 2000
959 0 959 2000
960 0 960 2000
961 0 961 2000
962 0 962 2000
963 0 963 2000
964 0 964 2000
965 0 965 2000
966 0 966 2000
967 0 967 2000
968 0 968 2000
969 0 969 2000
970 0 970 2000
971 0 971 2000
972 0 972 2000
973 0 973 2000
974 0 974 2000
975 0 975 2000
976 0 976 2000
977 0 977 2000
978 0 978 2000
979 0 979 2000
980 0 980 2000
981 0 981 2000
982 0 982 2000
983 0 983 2000
984 0 984 2000
985 0 985 2000
986 0 986 2000
987 0 987 2000
988 0 988 2000
989 0 989 2000
990 0 990 2000
991 0 991 2000
992 0 992 2000
993 0 993 2000
994 0 994 2000
995 0 995 2000
996 0 996 2000
997 0 997 2000
998 0 998 2000
999 0 999 2000
1000 0 1000 2000
1001 0 1001 2000
1002 0 1002 2000
1003 0 1003 2000
1004 0 1004 2000
1005 0 1005 2000
1006 0 1006 2000
1007 0 1007 2000
1008 0 1008 2000
1009 0 1009 2000
1010 0 1010 2000
1011 0 1011 2000
1012 0 1012 2000
1013 0 1013 2000
1014 0 1014 2000
1015 0 1015 2000
1016 0 1016 2000
1017 0 1017 2000
1018 0 1018 2000
1019 0 1019 2000
1020 0 1020 2000
1021 0 1021 2000
1022 0 1022 2000
1023 0 1023 2000
1024 0 1024 2000
1025 0 1025 2000
1026 0 1026 2000
1027 0 1027 2000
1028 0 1028 2000
1029 0 1029 2000
1030 0 1030 2000
1031 0 1031 2000
1032 0 1032 2000
1033 0 1033 2000
1034 0 1034 2000
1035 0 1035 2000
1036 0 1036 2000
1037 0 1037 2000
1038 0 1038 2000
1039 0 1039 2000
1040 0 1040 2000
1041 0 1041 2000
1042 0 1042 2000
1043 0 1043 2000
1044 0 1044 2000
1045 0 1045 2000
1046 0 1046 2000
1047 0 1047 2000
1048 0 1048 2000
1049 0 1049 2000
1050 0 1050 2000
1051 0 1051 2000
1052 0 1052 2000
1053 0 1053 2000
1054 0 1054 2000
1055 0 1055 2000
1056 0 1056 2000
1057 0 1057 2000
1058 0 1058 2000
1059 0 1059 2000
1060 0 1060 2000
1061 0 1061 2000
1062 0 1062 2000
1063 0 1063 2000
1064 0 1064 2000
1065 0 1065 2000
1066 0 1066 2000
1067 0 1067 2000
1068 0 1068 2000
1069 0 1069 2000
1070 0 1070 2000
1071 0 1071 2000
1072 0 1072 2000
1073 0 1073 2000
1074 0 1074 2000
1075 0 1075 2000
1076 0 1076 2000
1077 0 1077 2000
1078 0 1078 2000
1079 0 1079 2000
1080 0 1080 2000
1081 0 1081 2000
1082 0 1082 2000
1083 0 1083 2000
1084 0 1084 2000
1085 0 1085 2000
1086 0 1086 2000
1087 0 1087 2000
1088 0 1088 2000
1089 0 1089 2000
1090 0 1090 2000
1091 0 1091 2000
1092 0 1092 2000
1093 0 1093 2000
1094 0 1094 2000
1095 0 1095 2000
1096 0 1096 2000
1097 0 1097 2000
1098 0 1098 2000
1099 0 1099 2000
1100 0 1100 2000
1101 0 1101 2000
1102 0 1102 2000
1103 0 1103 2000
1104 0 1104 2000
1105 0 1105 2000
1106 0 1106 2000
1107 0 1107 2000
1108 0 1108 2000
1109 0 1109 2000
1110 0 1110 2000
1111 0 1111 2000
1112 0 1112 2000
1113 0 1113 2000
1114 0 1114 2000
1115 0 1115 2000
1116 0 1116 2000
1117 0 1117 2000
1118 0 1118 2000
1119 0 1119 2000
1120 0 1120 2000
1121 0 1121 2000
1122 0 1122 2000
1123 0 1123 2000
1124 0 1124 2000
1125 0 1125 2000
1126 0 1126 2000
1127 0 1127 2000
1128 0 1128 2000
1129 0 1129 2000
1130 0 1130 2000
1131 0 1131 2000
1132 0 1132 2000
1133 0 1133 2000
1134 0 1134 2000
1135 0 1135 2000
1136 0 1136 2000
1137 0 1137 2000
1138 0 1138 2000
1139 0 1139 2000
1140 0 1140 2000
1141 0 1141 2000
1142 0 1142 2000
1143 0 1143 2000
1144 0 1144 2000
1145 0 1145 2000
1146 0 1146 2000
1147 0 1147 2000
1148 0 1148 2000
1149 0 1149 2000
1150 0 1150 2000
1151 0 1151 2000
1152 0 1152 2000
1153 0 1153 2000
1154 0 1154 2000
1155 0 1155 2000
1156 0 1156 2000
1157 0 1157 2000
1158 0 1158 2000
1159 0 1159 2000
1160 0 1160 2000
1161 0 1161 2000
1162 0 1162 2000
1163 0 1163 2000
1164 0 1164 2000
1165 0 1165 2000
1166 0 1166 2000
1167 0 1167 2000
1168 0 1168 2000
1169 0 1169 2000
1170 0 1170 2000
1171 0 1171 2000
1172 0 1172 2000
1173 0 1173 2000
1174 0 1174 2000
1175 0 1175 2000
1176 0 1176 2000
1177 0 1177 2000
1178 0 1178 2000
1179 0 1179 2000
1180 0 1180 2000
1181 0 1181 2000
1182 0 1182 2000
1183 0 1183 2000
1184 0 1184 2000
1185 0 1185 2000
1186 0 1186 2000
1187 0 1187 2000
1188 0 1188 2000
1189 0 1189 2000
1190 0 1190 2000
1191 0 1191 2000
1192 0 1192 2000
1193 0 1193 2000
1194 0 1194 2000
1195 0 1195 2000
1196 0 1196 2000
1197 0 1197 2000
1198 0 1198 2000
1199 0 1199 2000
1200 0 1200 2000
1201 0 1201 2000
1202 0 1202 2000
1203 0 1203 2000
1204 0 1204 2000
1205 0 1205 2000
1206 0 1206 2000
1207 0 1207 2000
1208 0 1208 2000
1209 0 1209 2000
1210 0 1210 2000
1211 0 1211 2000
1212 0 1212 2000
1213 0 1213 2000
1214 0 1214 2000
1215 0 1215 2000
1216 0 1216 2000
1217 0 1217 2000
1218 0 1218 2000
1219 0 1219 2000
1220 0 1220 2000
1221 0 1221 2000
1222 0 1222 2000
1223 0 1223 2000
1224 0 1224 2000
1225 0 1225 2000
1226 0 1226 2000
1227 0 1227 2000
1228 0 1228 2000
1229 0 1229 2000
1230 0 1230 2000
1231 0 1231 2000
1232 0 1232 2000
1233 0 1233 2000
1234 0 1234 2000
1235 0 1235 2000
1236 0 1236 2000
1237 0 1237 2000
1238 0 1238 2000
1239 0 1239 2000
1240 0 1240 2000
1241 0 1241 2000
1242 0 1242 2000
1243 0 1243 2000
1244 0 1244 2000
1245 0 1245 2000
1246 0 1246 2000
1247 0 1247 2000
1248 0 1248 2000
1249 0 1249 2000
1250 0 1250 2000
1251 0 1251 2000
1252 0 1252 2000
1253 0 1253 2000
1254 0 1254 2000
1255 0 1255 2000
1256 0 1256 2000
1257 0 1257 2000
1258 0 1258 2000
1259 0 1259 2000
1260 0 1260 2000
1261 0 1261 2000
1262 0 1262 2000
1263 0 1263 2000
1264 0 1264 2000
1265 0 1265 2000
1266 0 1266 2000
1267 0 1267 2000
1268 0 1268 2000
1269 0 1269 2000
1270 0 1270 2000
1271 0 1271 2000
1272 0 1272 2000
1273 0 1273 2000
1274 0 1274 2000
1275 0 1275 2000
1276 0 1276 2000
1277 0 1277 2000
1278 0 1278 2000
1279 0 1279 2000
1280 0 1280 2000
1281 0 1281 2000
1282 0 1282 2000
1283 0 1283 2000
1284 0 1284 2000
1285 0 1285 2000
1286 0 1286 2000
1287 0 1287 2000
1288 0 1288 2000
1289 0 1289 2000
1290 0 1290 2000
1291 0 1291 2000
1292 0 1292 2000
1293 0 1293 2000
1294 0 1294 2000
1295 0 1295 2000
1296 0 1296 2000
1297 0 1297 2000
1298 0 1298 2000
1299 0 1299 2000
1300 0 1300 2000
1301 0 1301 2000
1302 0 1302 2000
1303 0 1303 2000
1304 0 1304 2000
1305 0 1305 2000
1306 0 1306 2000
1307 0 1307 2000
1308 0 1308 2000
1309 0 1309 2000
1310 0 1310 2000
1311 0 1311 2000
1312 0 1312 2000
1313 0 1313 2000
1314 0 1314 2000
1315 0 1315 2000
1316 0 1316 2000
1317 0 1317 2000
1318 0 1318 2000
1319 0 1319 2000
1320 0 1320 2000
1321 0 1321 2000
1322 0 1322 2000
1323 0 1323 2000
1324 0 1324 2000
1325 0 1325 2000
1326 0 1326 2000
1327 0 1327 2000
1328 0 1328 2000
1329 0 1329 2000
1330 0 1330 2000
1331 0 1331 2000
1332 0 1332 2000
1333 0 1333 2000
1334 0 1334 2000
1335 0 1335 2000
1336 0 1336 2000
1337 0 1337 2000
1338 0 1338 2000
1339 0 1339 2000
1340 0 1340 2000
1341 0 1341 2000
1342 0 1342 2000
1343 0 1343 2000
1344 0 1344 2000
1345 0 1345 2000
1346 0 1346 2000
1347 0 1347 2000
1348 0 1348 2000
1349 0 1349 2000
1350 0 1350 2000
1351 0 1351 2000
1352 0 1352 2000
1353 0 1353 2000
1354 0 1354 2000
1355 0 1355 2000
1356 0 1356 2000
1357 0 1357 2000
1358 0 1358 2000
1359 0 1359 2000
1360 0 1360 2000
1361 0 1361 2000
1362 0 1362 2000
1363 0 1363 2000
1364 0 1364 2000
1365 0 1365 2000
1366 0 1366 2000
1367 0 1367 2000
1368 0 1368 2000
1369 0 1369 2000
1370 0 1370 2000
1371 0 1371 2000
1372 0 1372 2000
1373 0 1373 2000
1374 0 1374 2000
1375 0 1375 2000
1376 0 1376 2000
1377 0 1377 2000
1378 0 1378 2000
1379 0 1379 2000
1380 0 1380 2000
1381 0 1381 2000
1382 0 1382 2000
1383 0 1383 2000
1384 0 1384 2000
1385 0 1385 2000
1386 0 1386 2000
1387 0 1387 2000
1388 0 1388 2000
1389 0 1389 2000
1390 0 1390 2000
1391 0 1391 2000
1392 0 1392 2000
1393 0 1393 2000
1394 0 1394 2000
1395 0 1395 2000
1396 0 1396 2000
1397 0 1397 2000
1398 0 1398 2000
1399 0 1399 2000
1400 0 1400 2000
1401 0 1401 2000
1402 0 1402 2000
1403 0 1403 2000
1404 0 1404 2000
1405 0 1405 2000
1406 0 1406 2000
1407 0 1407 2000
1408 0 1408 2000
1409 0 1409 2000
1410 0 1410 2000
1411 0 1411 2000
1412 0 1412 2000
1413 0 1413 2000
1414 0 1414 2000
1415 0 1415 2000
1416 0 1416 2000
1417 0 1417 2000
1418 0 1418 2000
1419 0 1419 2000
1420 0 1420 2000
1421 0 1421 2000
1422 0 1422 2000
1423 0 1423 2000
1424 0 1424 2000
1425 0 1425 2000
1426 0 1426 2000
1427 0 1427 2000
1428 0 1428 2000
1429 0 1429 2000
1430 0 1430 2000
1431 0 1431 2000
1432 0 1432 2000
1433 0 1433 2000
1434 0 1434 2000
1435 0 1435 2000
1436 0 1436 2000
1437 0 1437 2000
1438 0 1438 2000
1439 0 1439 2000
1440 0 1440 2000
1441 0 1441 2000
1442 0 1442 2000
1443 0 1443 2000
1444 0 1444 2000
1445 0 1445 2000
1446 0 1446 2000
1447 0 1447 2000
1448 0 1448 2000
1449 0 1449 2000
1450 0 1450 2000
1451 0 1451 2000
1452 0 1452 2000
1453 0 1453 2000
1454 0 1454 2000
1455 0 1455 2000
1456 0 1456 2000
1457 0 1457 2000
1458 0 1458 2000
1459 0 1459 2000
1460 0 1460 2000
1461 0 1461 2000
1462 0 1462 2000
1463 0 1463 2000
1464 0 1464 2000
1465 0 1465 2000
1466 0 1466 2000
1467 0 1467 2000
1468 0 1468 2000
1469 0 1469 2000
1470 0 1470 2000
1471 0 1471 2000
1472 0 1472 2000
1473 0 1473 2000
1474 0 1474 2000
1475 0 1475 2000
1476 0 1476 2000
1477 0 1477 2000
1478 0 1478 2000
1479 0 1479 2000
1480 0 1480 2000
1481 0 1481 2000
1482 0 1482 2000
1483 0 1483 2000
1484 0 1484 2000
1485 0 1485 2000
1486 0 1486 2000
1487 0 1487 2000
1488 0 1488 2000
1489 0 1489 2000
1490 0 1490 2000
1491 0 1491 2000
1492 0 1492 2000
1493 0 1493 2000
1494 0 1494 2000
1495 0 1495 2000
1496 0 1496 2000
1497 0 1497 2000
1498 0 1498 2000
1499 0 1499 2000
1500 0 1500 2000
1501 0 1501 2000
1502 0 1502 2000
1503 0 1503 2000
1504 0 1504 2000
1505 0 1505 2000
1506 0 1506 2000
1507 0 1507 2000
1508 0 1508 2000
1509 0 1509 2000
1510 0 1510 2000
1511 0 1511 2000
1512 0 1512 2000
1513 0 1513 2000
1514 0 1514 2000
1515 0 1515 2000
1516 0 1516 2000
1517 0 1517 2000
1518 0 1518 2000
1519 0 1519 2000
1520 0 1520 2000
1521 0 1521 2000
1522 0 1522 2000
1523 0 1523 2000
1524 0 1524 2000
1525 0 1525 2000
1526 0 1526 2000
1527 0 1527 2000
1528 0 1528 2000
1529 0 1529 2000
1530 0 1530 2000
1531 0 1531 2000
1532 0 1532 2000
1533 0 1533 2000
1534 0 1534 2000
1535 0 1535 2000
1536 0 1536 2000
1537 0 1537 2000
1538 0 1538 2000
1539 0 1539 2000
1540 0 1540 2000
1541 0 1541 2000
1542 0 1542 2000
1543 0 1543 2000
1544 0 1544 2000
1545 0 1545 2000
1546 0 1546 2000
1547 0 1547 2000
1548 0 1548 2000
1549 0 1549 2000
1550 0 1550 2000
1551 0 1551 2000
1552 0 1552 2000
1553 0 1553 2000
1554 0 1554 2000
1555 0 1555 2000
1556 0 1556 2000
1557 0 1557 2000
1558 0 1558 2000
1559 0 1559 2000
1560 0 1560 2000
1561 0 1561 2000
1562 0 1562 2000
1563 0 1563 2000
1564 0 1564 2000
1565 0 1565 2000
1566 0 1566 2000
1567 0 1567 2000
1568 0 1568 2000
1569 0 1569 2000
1570 0 1570 2000
1571 0 1571 2000
1572 0 1572 2000
1573 0 1573 2000
1574 0 1574 2000
1575 0 1575 2000
1576 0 1576 2000
1577 0 1577 2000
1578 0 1578 2000
1579 0 1579 2000
1580 0 1580 2000
1581 0 1581 2000
1582 0 1582 2000
1583 0 1583 2000
1584 0 1584 2000
1585 0 1585 2000
1586 0 1586 2000
1587 0 1587 2000
1588 0 1588 2000
1589 0 1589 2000
1590 0 1590 2000
1591 0 1591 2000
1592 0 1592 2000
1593 0 1593 2000
1594 0 1594 2000
1595 0 1595 2000
1596 0 1596 2000
1597 0 1597 2000
1598 0 1598 2000
1599 0 1599 2000
1600 0 1600 2000
1601 0 1601 2000
1602 0 1602 2000
1603 0 1603 2000
1604 0 1604 2000
1605 0 1605 2000
1606 0 1606 2000
1607 0 1607 2000
1608 0 1608 2000
1609 0 1609 2000
1610 0 1610 2000
1611 0 1611 2000
1612 0 1612 2000
1613 0 1613 2000
1614 0 1614 2000
1615 0 1615 2000
1616 0 1616 2000
1617 0 1617 2000
1618 0 1618 2000
1619 0 1619 2000
1620 0 1620 2000
1621 0 1621 2000
1622 0 1622 2000
1623 0 1623 2000
1624 0 1624 2000
1625 0 1625 2000
1626 0 1626 2000
1627 0 1627 2000
1628 0 1628 2000
1629 0 1629 2000
1630 0 1630 2000
1631 0 1631 2000
1632 0 1632 2000
1633 0 1633 2000
1634 0 1634 2000
1635 0 1635 2000
1636 0 1636 2000
1637 0 1637 2000
1638 0 1638 2000
1639 0 1639 2000
1640 0 1640 2000
1641 0 1641 2000
1642 0 1642 2000
1643 0 1643 2000
1644 0 1644 2000
1645 0 1645 2000
1646 0 1646 2000
1647 0 1647 2000
1648 0 1648 2000
1649 0 1649 2000
1650 0 1650 2000
1651 0 1651 2000
1652 0 1652 2000
1653 0 1653 2000
1654 0 1654 2000
1655 0 1655 2000
1656 0 1656 2000
1657 0 1657 2000
1658 0 1658 2000
1659 0 1659 2000
1660 0 1660 2000
1661 0 1661 2000
1662 0 1662 2000
1663 0 1663 2000
1664 0 1664 2000
1665 0 1665 2000
1666 0 1666 2000
1667 0 1667 2000
1668 0 1668 2000
1669 0 1669 2000
1670 0 1670 2000
1671 0 1671 2000
1672 0 1672 2000
1673 0 1673 2000
1674 0 1674 2000
1675 0 1675 2000
1676 0 1676 2000
1677 0 1677 2000
1678 0 1678 2000
1679 0 1679 2000
1680 0 1680 2000
1681 0 1681 2000
1682 0 1682 2000
1683 0 1683 2000
1684 0 1684 2000
1685 0 1685 2000
1686 0 1686 2000
1687 0 1687 2000
1688 0 1688 2000
1689 0 1689 2000
1690 0 1690 2000
1691 0 1691 2000
1692 0 1692 2000
1693 0 1693 2000
1694 0 1694 2000
1695 0 1695 2000
1696 0 1696 2000
1697 0 1697 2000
1698 0 1698 2000
1699 0 1699 2000
1700 0 1700 2000
1701 0 1701 2000
1702 0 1702 2000
1703 0 1703 2000
1704 0 1704 2000
1705 0 1705 2000
1706 0 1706 2000
1707 0 1707 2000
1708 0 1708 2000
1709 0 1709 2000
1710 0 1710 2000
1711 0 1711 2000
1712 0 1712 2000
1713 0 1713 2000
1714 0 1714 2000
1715 0 1715 2000
1716 0 1716 2000
1717 0 1717 2000
1718 0 1718 2000
1719 0 1719 2000
1720 0 1720 2000
1721 0 1721 2000
1722 0 1722 2000
1723 0 1723 2000
1724 0 1724 2000
1725 0 1725 2000
1726 0 1726 2000
1727 0 1727 2000
1728 0 1728 2000
1729 0 1729 2000
1730 0 1730 2000
1731 0 1731 2000
1732 0 1732 2000
1733 0 1733 2000
1734 0 1734 2000
1735 0 1735 2000
1736 0 1736 2000
1737 0 1737 2000
1738 0 1738 2000
1739 0 1739 2000
1740 0 1740 2000
1741 0 1741 2000
1742 0 1742 2000
1743 0 1743 2000
1744 0 1744 2000
1745 0 1745 2000
1746 0 1746 2000
1747 0 1747 2000
1748 0 1748 2000
1749 0 1749 2000
1750 0 1750 2000
1751 0 1751 2000
1752 0 1752 2000
1753 0 1753 2000
1754 0 1754 2000
1755 0 1755 2000
1756 0 1756 2000
1757 0 1757 2000
1758 0 1758 2000
1759 0 1759 2000
1760 0 1760 2000
1761 0 1761 2000
1762 0 1762 2000
1763 0 1763 2000
1764 0 1764 2000
1765 0 1765 2000
1766 0 1766 2000
1767 0 1767 2000
1768 0 1768 2000
1769 0 1769 2000
1770 0 1770 2000
1771 0 1771 2000
1772 0 1772 2000
1773 0 1773 2000
1774 0 1774 2000
1775 0 1775 2000
1776 0 1776 2000
1777 0 1777 2000
1778 0 1778 2000
1779 0 1779 2000
1780 0 1780 2000
1781 0 1781 2000
1782 0 1782 2000
1783 0 1783 2000
1784 0 1784 2000
1785 0 1785 2000
1786 0 1786 2000
1787 0 1787 2000
1788 0 1788 2000
1789 0 1789 2000
1790 0 1790 2000
1791 0 1791 2000
1792 0 1792 2000
1793 0 1793 2000
1794 0 1794 2000
1795 0 1795 2000
1796 0 1796 2000
1797 0 1797 2000
1798 0 1798 2000
1799 0 1799 2000
1800 0 1800 2000
1801 0 1801 2000
1802 0 1802 2000
1803 0 1803 2000
1804 0 1804 2000
1805 0 1805 2000
1806 0 1806 2000
1807 0 1807 2000
1808 0 1808 2000
1809 0 1809 2000
1810 0 1810 2000
1811 0 1811 2000
1812 0 1812 2000
1813 0 1813 2000
1814 0 1814 2000
1815 0 1815 2000
1816 0 1816 2000
1817 0 1817 2000
1818 0 1818 2000
1819 0 1819 2000
1820 0 1820 2000
1821 0 1821 2000
1822 0 1822 2000
1823 0 1823 2000
1824 0 1824 2000
1825 0 1825 2000
1826 0 1826 2000
1827 0 1827 2000
1828 0 1828 2000
1829 0 1829 2000
1830 0 1830 2000
1831 0 1831 2000
1832 0 1832 2000
1833 0 1833 2000
1834 0 1834 2000
1835 0 1835 2000
1836 0 1836 2000
1837 0 1837 2000
1838 0 1838 2000
1839 0 1839 2000
1840 0 1840 2000
1841 0 1841 2000
1842 0 1842 2000
1843 0 1843 2000
1844 0 1844 2000
1845 0 1845 2000
1846 0 1846 2000
1847 0 1847 2000
1848 0 1848 2000
1849 0 1849 2000
1850 0 1850 2000
1851 0 1851 2000
1852 0 1852 2000
1853 0 1853 2000
1854 0 1854 2000
1855 0 1855 2000
1856 0 1856 2000
1857 0 1857 2000
1858 0 1858 2000
1859 0 1859 2000
1860 0 1860 2000
1861 0 1861 2000
1862 0 1862 2000
1863 0 1863 2000
1864 0 1864 2000
1865 0 1865 2000
1866 0 1866 2000
1867 0 1867 2000
1868 0 1868 2000
1869 0 1869 2000
1870 0 1870 2000
1871 0 1871 2000
1872 0 1872 2000
1873 0 1873 2000
1874 0 1874 2000
1875 0 1875 2000
1876 0 1876 2000
1877 0 1877 2000
1878 0 1878 2000
1879 0 1879 2000
1880 0 1880 2000
1881 0 1881 2000
1882 0 1882 2000
1883 0 1883 2000
1884 0 1884 2000
1885 0 1885 2000
1886 0 1886 2000
1887 0 1887 2000
1888 0 1888 2000
1889 0 1889 2000
1890 0 1890 2000
1891 0 1891 2000
1892 0 1892 2000
1893 0 1893 2000
1894 0 1894 2000
1895 0 1895 2000
1896 0 1896 2000
1897 0 1897 2000
1898 0 1898 2000
1899 0 1899 2000
1900 0 1900 2000
1901 0 1901 2000
1902 0 1902 2000
1903 0 1903 2000
1904 0 1904 2000
1905 0 1905 2000
1906 0 1906 2000
1907 0 1907 2000
1908 0 1908 2000
1909 0 1909 2000
1910 0 1910 2000
1911 0 1911 2000
1912 0 1912 2000
1913 0 1913 2000
1914 0 1914 2000
1915 0 1915 2000
1916 0 1916 2000
1917 0 1917 2000
1918 0 1918 2000
1919 0 1919 2000
1920 0 1920 2000
1921 0 1921 2000
1922 0 1922 2000
1923 0 1923 2000
1924 0 1924 2000
1925 0 1925 2000
1926 0 1926 2000
1927 0 1927 2000
1928 0 1928 2000
1929 0 1929 2000
1930 0 1930 2000
1931 0 1931 2000
1932 0 1932 2000
1933 0 1933 2000
1934 0 1934 2000
1935 0 1935 2000
1936 0 1936 2000
1937 0 1937 2000
1938 0 1938 2000
1939 0 1939 2000
1940 0 1940 2000
1941 0 1941 2000
1942 0 1942 2000
1943 0 1943 2000
1944 0 1944 2000
1945 0 1945 2000
1946 0 1946 2000
1947 0 1947 2000
1948 0 1948 2000
1949 0 1949 2000
1950 0 1950 2000
1951 0 1951 2000
1952 0 1952 2000
1953 0 1953 2000
1954 0 1954 2000
1955 0 1955 2000
1956 0 1956 2000
1957 0 1957 2000
1958 0 1958 2000
1959 0 1959 2000
1960 0 1960 2000
1961 0 1961 2000
1962 0 1962 2000
1963 0 1963 2000
1964 0 1964 2000
1965 0 1965 2000
1966 0 1966 2000
1967 0 1967 2000
1968 0 1968 2000
1969 0 1969 2000
1970 0 1970 2000
1971 0 1971 2000
1972 0 1972 2000
1973 0 1973 2000
1974 0 1974 2000
1975 0 1975 2000
1976 0 1976 2000
1977 0 1977 2000
1978 0 1978 2000
1979 0 1979 2000
1980 0 1980 2000
1981 0 1981 2000
1982 0 1982 2000
1983 0 1983 2000
1984 0 1984 2000
1985 0 1985 2000
1986 0 1986 2000
1987 0 1987 2000
1988 0 1988 2000
1989 0 1989 2000
1990 0 1990 2000
1991 0 1991 2000
1992 0 1992 2000
1993 0 1993 2000
1994 0 1994 2000
1995 0 1995 2000
1996 0 1996 2000
1997 0 1997 2000
1998 0 1998 2000
1999 0 1999 2000
2000 0 2000 2000
0 0 2000 0
0 1 2000 1
0 2 2000 2
0 3 2000 3
0 4 2000 4
0 5 2000 5
0 6 2000 6
0 7 2000 7
0 8 2000 8
0 9 2000 9
0 10 2000 10
0 11 2000 11
0 12 2000 12
0 13 2000 13
0 14 2000 14
0 15 2000 15
0 16 2000 16
0 17 2000 17
0 18 2000 18
0 19 2000 19
0 20 2000 20
0 21 2000 21
0 22 2000 22
0 23 2000 23
0 24 2000 24
0 25 2000 25
0 26 2000 26
0 27 2000 27
0 28 2000 28
0 29 2000 29
0 30 2000 30
0 31 2000 31
0 32 2000 32
0 33 2000 33
0 34 2000 34
0 35 2000 35
0 36 2000 36
0 37 2000 37
0 38 2000 38
0 39 2000 39
0 40 2000 40
0 41 2000 41
0 42 2000 42
0 43 2000 43
0 44 2000 44
0 45 2000 45
0 46 2000 46
0 47 2000 47
0 48 2000 48
0 49 2000 49
0 50 2000 50
0 51 2000 51
0 52 2000 52
0 53 2000 53
0 54 2000 54
0 55 2000 55
0 56 2000 56
0 57 2000 57
0 58 2000 58
0 59 2000 59
0 60 2000 60
0 61 2000 61
0 62 2000 62
0 63 2000 63
0 64 2000 64
0 65 2000 65
0 66 2000 66
0 67 2000 67
0 68 2000 68
0 69 2000 69
0 70 2000 70
0 71 2000 71
0 72 2000 72
0 73 2000 73
0 74 2000 74
0 75 2000 75
0 76 2000 76
0 77 2000 77
0 78 2000 78
0 79 2000 79
0 80 2000 80
0 81 2000 81
0 82 2000 82
0 83 2000 83
0 84 2000 84
0 85 2000 85
0 86 2000 86
0 87 2000 87
0 88 2000 88
0 89 2000 89
0 90 2000 90
0 91 2000 91
0 92 2000 92
0 93 2000 93
0 94 2000 94
0 95 2000 95
0 96 2000 96
0 97 2000 97
0 98 2000 98
0 99 2000 99
0 100 2000 100
0 101 2000 101
0 102 2000 102
0 103 2000 103
0 104 2000 104
0 105 2000 105
0 106 2000 106
0 107 2000 107
0 108 2000 108
0 109 2000 109
0 110 2000 110
0 111 2000 111
0 112 2000 112
0 113 2000 113
0 114 2000 114
0 115 2000 115
0 116 2000 116
0 117 2000 117
0 118 2000 118
0 119 2000 119
0 120 2000 120
0 121 2000 121
0 122 2000 122
0 123 2000 123
0 124 2000 124
0 125 2000 125
0 126 2000 126
0 127 2000 127
0 128 2000 128
0 129 2000 129
0 130 2000 130
0 131 2000 131
0 132 2000 132
0 133 2000 133
0 134 2000 134
0 135 2000 135
0 136 2000 136
0 137 2000 137
0 138 2000 138
0 139 2000 139
0 140 2000 140
0 141 2000 141
0 142 2000 142
0 143 2000 143
0 144 2000 144
0 145 2000 145
0 146 2000 146
0 147 2000 147
0 148 2000 148
0 149 2000 149
0 150 2000 150
0 151 2000 151
0 152 2000 152
0 153 2000 153
0 154 2000 154
0 155 2000 155
0 156 2000 156
0 157 2000 157
0 158 2000 158
0 159 2000 159
0 160 2000 160
0 161 2000 161
0 162 2000 162
0 163 2000 163
0 164 2000 164
0 165 2000 165
0 166 2000 166
0 167 2000 167
0 168 2000 168
0 169 2000 169
0 170 2000 170
0 171 2000 171
0 172 2000 172
0 173 2000 173
0 174 2000 174
0 175 2000 175
0 176 2000 176
0 177 2000 177
0 178 2000 178
0 179 2000 179
0 180 2000 180
0 181 2000 181
0 182 2000 182
0 183 2000 183
0 184 2000 184
0 185 2000 185
0 186 2000 186
0 187 2000 187
0 188 2000 188
0 189 2000 189
0 190 2000 190
0 191 2000 191
0 192 2000 192
0 193 2000 193
0 194 2000 194
0 195 2000 195
0 196 2000 196
0 197 2000 197
0 198 2000 198
0 199 2000 199
0 200 2000 200
0 201 2000 201
0 202 2000 202
0 203 2000 203
0 204 2000 204
0 205 2000 205
0 206 2000 206
0 207 2000 207
0 208 2000 208
0 209 2000 209
0 210 2000 210
0 211 2000 211
0 212 2000 212
0 213 2000 213
0 214 2000 214
0 215 2000 215
0 216 2000 216
0 217 2000 217
0 218 2000 218
0 219 2000 219
0 220 2000 220
0 221 2000 221
0 222 2000 222
0 223 2000 223
0 224 2000 224
0 225 2000 225
0 226 2000 226
0 227 2000 227
0 228 2000 228
0 229 2000 229
0 230 2000 230
0 231 2000 231
0 232 2000 232
0 233 2000 233
0 234 2000 234
0 235 2000 235
0 236 2000 236
0 237 2000 237
0 238 2000 238
0 239 2000 239
0 240 2000 240
0 241 2000 241
0 242 2000 242
0 243 2000 243
0 244 2000 244
0 245 2000 245
0 246 2000 246
0 247 2000 247
0 248 2000 248
0 249 2000 249
0 250 2000 250
0 251 2000 251
0 252 2000 252
0 253 2000 253
0 254 2000 254
0 255 2000 255
0 256 2000 256
0 257 2000 257
0 258 2000 258
0 259 2000 259
0 260 2000 260
0 261 2000 261
0 262 2000 262
0 263 2000 263
0 264 2000 264
0 265 2000 265
0 266 2000 266
0 267 2000 267
0 268 2000 268
0 269 2000 269
0 270 2000 270
0 271 2000 271
0 272 2000 272
0 273 2000 273
0 274 2000 274
0 275 2000 275
0 276 2000 276
0 277 2000 277
0 278 2000 278
0 279 2000 279
0 280 2000 280
0 281 2000 281
0 282 2000 282
0 283 2000 283
0 284 2000 284
0 285 2000 285
0 286 2000 286
0 287 2000 287
0 288 2000 288
0 289 2000 289
0 290 2000 290
0 291 2000 291
0 292 2000 292
0 293 2000 293
0 294 2000 294
0 295 2000 295
0 296 2000 296
0 297 2000 297
0 298 2000 298
0 299 2000 299
0 300 2000 300
0 301 2000 301
0 302 2000 302
0 303 2000 303
0 304 2000 304
0 305 2000 305
0 306 2000 306
0 307 2000 307
0 308 2000 308
0 309 2000 309
0 310 2000 310
0 311 2000 311
0 312 2000 312
0 313 2000 313
0 314 2000 314
0 315 2000 315
0 316 2000 316
0 317 2000 317
0 318 2000 318
0 319 2000 319
0 320 2000 320
0 321 2000 321
0 322 2000 322
0 323 2000 323
0 324 2000 324
0 325 2000 325
0 326 2000 326
0 327 2000 327
0 328 2000 328
0 329 2000 329
0 330 2000 330
0 331 2000 331
0 332 2000 332
0 333 2000 333
0 334 2000 334
0 335 2000 335
0 336 2000 336
0 337 2000 337
0 338 2000 338
0 339 2000 339
0 340 2000 340
0 341 2000 341
0 342 2000 342
0 343 2000 343
0 344 2000 344
0 345 2000 345
0 346 2000 346
0 347 2000 347
0 348 2000 348
0 349 2000 349
0 350 2000 350
0 351 2000 351
0 352 2000 352
0 353 2000 353
0 354 2000 354
0 355 2000 355
0 356 2000 356
0 357 2000 357
0 358 2000 358
0 359 2000 359
0 360 2000 360
0 361 2000 361
0 362 2000 362
0 363 2000 363
0 364 2000 364
0 365 2000 365
0 366 2000 366
0 367 2000 367
0 368 2000 368
0 369 2000 369
0 370 2000 370
0 371 2000 371
0 372 2000 372
0 373 2000 373
0 374 2000 374
0 375 2000 375
0 376 2000 376
0 377 2000 377
0 378 2000 378
0 379 2000 379
0 380 2000 380
0 381 2000 381
0 382 2000 382
0 383 2000 383
0 384 2000 384
0 385 2000 385
0 386 2000 386
0 387 2000 387
0 388 2000 388
0 389 2000 389
0 390 2000 390
0 391 2000 391
0 392 2000 392
0 393 2000 393
0 394 2000 394
0 395 2000 395
0 396 2000 396
0 397 2000 397
0 398 2000 398
0 399 2000 399
0 400 2000 400
0 401 2000 401
0 402 2000 402
0 403 2000 403
0 404 2000 404
0 405 2000 405
0 406 2000 406
0 407 2000 407
0 408 2000 408
0 409 2000 409
0 410 2000 410
0 411 2000 411
0 412 2000 412
0 413 2000 413
0 414 2000 414
0 415 2000 415
0 416 2000 416
0 417 2000 417
0 418 2000 418
0 419 2000 419
0 420 2000 420
0 421 2000 421
0 422 2000 422
0 423 2000 423
0 424 2000 424
0 425 2000 425
0 426 2000 426
0 427 2000 427
0 428 2000 428
0 429 2000 429
0 430 2000 430
0 431 2000 431
0 432 2000 432
0 433 2000 433
0 434 2000 434
0 435 2000 435
0 436 2000 436
0 437 2000 437
0 438 2000 438
0 439 2000 439
0 440 2000 440
0 441 2000 441
0 442 2000 442
0 443 2000 443
0 444 2000 444
0 445 2000 445
0 446 2000 446
0 447 2000 447
0 448 2000 448
0 449 2000 449
0 450 2000 450
0 451 2000 451
0 452 2000 452
0 453 2000 453
0 454 2000 454
0 455 2000 455
0 456 2000 456
0 457 2000 457
0 458 2000 458
0 459 2000 459
0 460 2000 460
0 461 2000 461
0 462 2000 462
0 463 2000 463
0 464 2000 464
0 465 2000 465
0 466 2000 466
0 467 2000 467
0 468 2000 468
0 469 2000 469
0 470 2000 470
0 471 2000 471
0 472 2000 472
0 473 2000 473
0 474 2000 474
0 475 2000 475
0 476 2000 476
0 477 2000 477
0 478 2000 478
0 479 2000 479
0 480 2000 480
0 481 2000 481
0 482 2000 482
0 483 2000 483
0 484 2000 484
0 485 2000 485
0 486 2000 486
0 487 2000 487
0 488 2000 488
0 489 2000 489
0 490 2000 490
0 491 2000 491
0 492 2000 492
0 493 2000 493
0 494 2000 494
0 495 2000 495
0 496 2000 496
0 497 2000 497
0 498 2000 498
0 499 2000 499
0 500 2000 500
0 501 2000 501
0 502 2000 502
0 503 2000 503
0 504 2000 504
0 505 2000 505
0 506 2000 506
0 507 2000 507
0 508 2000 508
0 509 2000 509
0 510 2000 510
0 511 2000 511
0 512 2000 512
0 513 2000 513
0 514 2000 514
0 515 2000 515
0 516 2000 516
0 517 2000 517
0 518 2000 518
0 519 2000 519
0 520 2000 520
0 521 2000 521
0 522 2000 522
0 523 2000 523
0 524 2000 524
0 525 2000 525
0 526 2000 526
0 527 2000 527
0 528 2000 528
0 529 2000 529
0 530 2000 530
0 531 2000 531
0 532 2000 532
0 533 2000 533
0 534 2000 534
0 535 2000 535
0 536 2000 536
0 537 2000 537
0 538 2000 538
0 539 2000 539
0 540 2000 540
0 541 2000 541
0 542 2000 542
0 543 2000 543
0 544 2000 544
0 545 2000 545
0 546 2000 546
0 547 2000 547
0 548 2000 548
0 549 2000 549
0 550 2000 550
0 551 2000 551
0 552 2000 552
0 553 2000 553
0 554 2000 554
0 555 2000 555
0 556 2000 556
0 557 2000 557
0 558 2000 558
0 559 2000 559
0 560 2000 560
0 561 2000 561
0 562 2000 562
0 563 2000 563
0 564 2000 564
0 565 2000 565
0 566 2000 566
0 567 2000 567
0 568 2000 568
0 569 2000 569
0 570 2000 570
0 571 2000 571
0 572 2000 572
0 573 2000 573
0 574 2000 574
0 575 2000 575
0 576 2000 576
0 577 2000 577
0 578 2000 578
0 579 2000 579
0 580 2000 580
0 581 2000 581
0 582 2000 582
0 583 2000 583
0 584 2000 584
0 585 2000 585
0 586 2000 586
0 587 2000 587
0 588 2000 588
0 589 2000 589
0 590 2000 590
0 591 2000 591
0 592 2000 592
0 593 2000 593
0 594 2000 594
0 595 2000 595
0 596 2000 596
0 597 2000 597
0 598 2000 598
0 599 2000 599
0 600 2000 600
0 601 2000 601
0 602 2000 602
0 603 2000 603
0 604 2000 604
0 605 2000 605
0 606 2000 606
0 607 2000 607
0 608 2000 608
0 609 2000 609
0 610 2000 610
0 611 2000 611
0 612 2000 612
0 613 2000 613
0 614 2000 614
0 615 2000 615
0 616 2000 616
0 617 2000 617
0 618 2000 618
0 619 2000 619
0 620 2000 620
0 621 2000 621
0 622 2000 622
0 623 2000 623
0 624 2000 624
0 625 2000 625
0 626 2000 626
0 627 2000 627
0 628 2000 628
0 629 2000 629
0 630 2000 630
0 631 2000 631
0 632 2000 632
0 633 2000 633
0 634 2000 634
0 635 2000 635
0 636 2000 636
0 637 2000 637
0 638 2000 638
0 639 2000 639
0 640 2000 640
0 641 2000 641
0 642 2000 642
0 643 2000 643
0 644 2000 644
0 645 2000 645
0 646 2000 646
0 647 2000 647
0 648 2000 648
0 649 2000 649
0 650 2000 650
0 651 2000 651
0 652 2000 652
0 653 2000 653
0 654 2000 654
0 655 2000 655
0 656 2000 656
0 657 2000 657
0 658 2000 658
0 659 2000 659
0 660 2000 660
0 661 2000 661
0 662 2000 662
0 663 2000 663
0 664 2000 664
0 665 2000 665
0 666 2000 666
0 667 2000 667
0 668 2000 668
0 669 2000 669
0 670 2000 670
0 671 2000 671
0 672 2000 672
0 673 2000 673
0 674 2000 674
0 675 2000 675
0 676 2000 676
0 677 2000 677
0 678 2000 678
0 679 2000 679
0 680 2000 680
0 681 2000 681
0 682 2000 682
0 683 2000 683
0 684 2000 684
0 685 2000 685
0 686 2000 686
0 687 2000 687
0 688 2000 688
0 689 2000 689
0 690 2000 690
0 691 2000 691
0 692 2000 692
0 693 2000 693
0 694 2000 694
0 695 2000 695
0 696 2000 696
0 697 2000 697
0 698 2000 698
0 699 2000 699
0 700 2000 700
0 701 2000 701
0 702 2000 702
0 703 2000 703
0 704 2000 704
0 705 2000 705
0 706 2000 706
0 707 2000 707
0 708 2000 708
0 709 2000 709
0 710 2000 710
0 711 2000 711
0 712 2000 712
0 713 2000 713
0 714 2000 714
0 715 2000 715
0 716 2000 716
0 717 2000 717
0 718 2000 718
0 719 2000 719
0 720 2000 720
0 721 2000 721
0 722 2000 722
0 723 2000 723
0 724 2000 724
0 725 2000 725
0 726 2000 726
0 727 2000 727
0 728 2000 728
0 729 2000 729
0 730 2000 730
0 731 2000 731
0 732 2000 732
0 733 2000 733
0 734 2000 734
0 735 2000 735
0 736 2000 736
0 737 2000 737
0 738 2000 738
0 739 2000 739
0 740 2000 740
0 741 2000 741
0 742 2000 742
0 743 2000 743
0 744 2000 744
0 745 2000 745
0 746 2000 746
0 747 2000 747
0 748 2000 748
0 749 2000 749
0 750 2000 750
0 751 2000 751
0 752 2000 752
0 753 2000 753
0 754 2000 754
0 755 2000 755
0 756 2000 756
0 757 2000 757
0 758 2000 758
0 759 2000 759
0 760 2000 760
0 761 2000 761
0 762 2000 762
0 763 2000 763
0 764 2000 764
0 765 2000 765
0 766 2000 766
0 767 2000 767
0 768 2000 768
0 769 2000 769
0 770 2000 770
0 771 2000 771
0 772 2000 772
0 773 2000 773
0 774 2000 774
0 775 2000 775
0 776 2000 776
0 777 2000 777
0 778 2000 778
0 779 2000 779
0 780 2000 780
0 781 2000 781
0 782 2000 782
0 783 2000 783
0 784 2000 784
0 785 2000 785
0 786 2000 786
0 787 2000 787
0 788 2000 788
0 789 2000 789
0 790 2000 790
0 791 2000 791
0 792 2000 792
0 793 2000 793
0 794 2000 794
0 795 2000 795
0 796 2000 796
0 797 2000 797
0 798 2000 798
0 799 2000 799
0 800 2000 800
0 801 2000 801
0 802 2000 802
0 803 2000 803
0 804 2000 804
0 805 2000 805
0 806 2000 806
0 807 2000 807
0 808 2000 808
0 809 2000 809
0 810 2000 810
0 811 2000 811
0 812 2000 812
0 813 2000 813
0 814 2000 814
0 815 2000 815
0 816 2000 816
0 817 2000 817
0 818 2000 818
0 819 2000 819
0 820 2000 820
0 821 2000 821
0 822 2000 822
0 823 2000 823
0 824 2000 824
0 825 2000 825
0 826 2000 826
0 827 2000 827
0 828 2000 828
0 829 2000 829
0 830 2000 830
0 831 2000 831
0 832 2000 832
0 833 2000 833
0 834 2000 834
0 835 2000 835
0 836 2000 836
0 837 2000 837
0 838 2000 838
0 839 2000 839
0 840 2000 840
0 841 2000 841
0 842 2000 842
0 843 2000 843
0 844 2000 844
0 845 2000 845
0 846 2000 846
0 847 2000 847
0 848 2000 848
0 849 2000 849
0 850 2000 850
0 851 2000 851
0 852 2000 852
0 853 2000 853
0 854 2000 854
0 855 2000 855
0 856 2000 856
0 857 2000 857
0 858 2000 858
0 859 2000 859
0 860 2000 860
0 861 2000 861
0 862 2000 862
0 863 2000 863
0 864 2000 864
0 865 2000 865
0 866 2000 866
0 867 2000 867
0 868 2000 868
0 869 2000 869
0 870 2000 870
0 871 2000 871
0 872 2000 872
0 873 2000 873
0 874 2000 874
0 875 2000 875
0 876 2000 876
0 877 2000 877
0 878 2000 878
0 879 2000 879
0 880 2000 880
0 881 2000 881
0 882 2000 882
0 883 2000 883
0 884 2000 884
0 885 2000 885
0 886 2000 886
0 887 2000 887
0 888 2000 888
0 889 2000 889
0 890 2000 890
0 891 2000 891
0 892 2000 892
0 893 2000 893
0 894 2000 894
0 895 2000 895
0 896 2000 896
0 897 2000 897
0 898 2000 898
0 899 2000 899
0 900 2000 900
0 901 2000 901
0 902 2000 902
0 903 2000 903
0 904 2000 904
0 905 2000 905
0 906 2000 906
0 907 2000 907
0 908 2000 908
0 909 2000 909
0 910 2000 910
0 911 2000 911
0 912 2000 912
0 913 2000 913
0 914 2000 914
0 915 2000 915
0 916 2000 916
0 917 2000 917
0 918 2000 918
0 919 2000 919
0 920 2000 920
0 921 2000 921
0 922 2000 922
0 923 2000 923
0 924 2000 924
0 925 2000 925
0 926 2000 926
0 927 2000 927
0 928 2000 928
0 929 2000 929
0 930 2000 930
0 931 2000 931
0 932 2000 932
0 933 2000 933
0 934 2000 934
0 935 2000 935
0 936 2000 936
0 937 2000 937
0 938 2000 938
0 939 2000 939
0 940 2000 940
0 941 2000 941
0 942 2000 942
0 943 2000 943
0 944 2000 944
0 945 2000 945
0 946 2000 946
0 947 2000 947
0 948 2000 948
0 949 2000 949
0 950 2000 950
0 951 2000 951
0 952 2000 952
0 953 2000 953
0 954 2000 954
0 955 2000 955
0 956 2000 956
0 957 2000 957
0 958 2000 958
0 959 2000 959
0 960 2000 960
0 961 2000 961
0 962 2000 962
0 963 2000 963
0 964 2000 964
0 965 2000 965
0 966 2000 966
0 967 2000 967
0 968 2000 968
0 969 2000 969
0 970 2000 970
0 971 2000 971
0 972 2000 972
0 973 2000 973
0 974 2000 974
0 975 2000 975
0 976 2000 976
0 977 2000 977
0 978 2000 978
0 979 2000 979
0 980 2000 980
0 981 2000 981
0 982 2000 982
0 983 2000 983
0 984 2000 984
0 985 2000 985
0 986 2000 986
0 987 2000 987
0 988 2000 988
0 989 2000 989
0 990 2000 990
0 991 2000 991
0 992 2000 992
0 993 2000 993
0 994 2000 994
0 995 2000 995
0 996 2000 996
0 997 2000 997
0 998 2000 998
0 999 2000 999
0 1000 2000 1000
0 1001 2000 1001
0 1002 2000 1002
0 1003 2000 1003
0 1004 2000 1004
0 1005 2000 1005
0 1006 2000 1006
0 1007 2000 1007
0 1008 2000 1008
0 1009 2000 1009
0 1010 2000 1010
0 1011 2000 1011
0 1012 2000 1012
0 1013 2000 1013
0 1014 2000 1014
0 1015 2000 1015
0 1016 2000 1016
0 1017 2000 1017
0 1018 2000 1018
0 1019 2000 1019
0 1020 2000 1020
0 1021 2000 1021
0 1022 2000 1022
0 1023 2000 1023
0 1024 2000 1024
0 1025 2000 1025
0 1026 2000 1026
0 1027 2000 1027
0 1028 2000 1028
0 1029 2000 1029
0 1030 2000 1030
0 1031 2000 1031
0 1032 2000 1032
0 1033 2000 1033
0 1034 2000 1034
0 1035 2000 1035
0 1036 2000 1036
0 1037 2000 1037
0 1038 2000 1038
0 1039 2000 1039
0 1040 2000 1040
0 1041 2000 1041
0 1042 2000 1042
0 1043 2000 1043
0 1044 2000 1044
0 1045 2000 1045
0 1046 2000 1046
0 1047 2000 1047
0 1048 2000 1048
0 1049 2000 1049
0 1050 2000 1050
0 1051 2000 1051
0 1052 2000 1052
0 1053 2000 1053
0 1054 2000 1054
0 1055 2000 1055
0 1056 2000 1056
0 1057 2000 1057
0 1058 2000 1058
0 1059 2000 1059
0 1060 2000 1060
0 1061 2000 1061
0 1062 2000 1062
0 1063 2000 1063
0 1064 2000 1064
0 1065 2000 1065
0 1066 2000 1066
0 1067 2000 1067
0 1068 2000 1068
0 1069 2000 1069
0 1070 2000 1070
0 1071 2000 1071
0 1072 2000 1072
0 1073 2000 1073
0 1074 2000 1074
0 1075 2000 1075
0 1076 2000 1076
0 1077 2000 1077
0 1078 2000 1078
0 1079 2000 1079
0 1080 2000 1080
0 1081 2000 1081
0 1082 2000 1082
0 1083 2000 1083
0 1084 2000 1084
0 1085 2000 1085
0 1086 2000 1086
0 1087 2000 1087
0 1088 2000 1088
0 1089 2000 1089
0 1090 2000 1090
0 1091 2000 1091
0 1092 2000 1092
0 1093 2000 1093
0 1094 2000 1094
0 1095 2000 1095
0 1096 2000 1096
0 1097 2000 1097
0 1098 2000 1098
0 1099 2000 1099
0 1100 2000 1100
0 1101 2000 1101
0 1102 2000 1102
0 1103 2000 1103
0 1104 2000 1104
0 1105 2000 1105
0 1106 2000 1106
0 1107 2000 1107
0 1108 2000 1108
0 1109 2000 1109
0 1110 2000 1110
0 1111 2000 1111
0 1112 2000 1112
0 1113 2000 1113
0 1114 2000 1114
0 1115 2000 1115
0 1116 2000 1116
0 1117 2000 1117
0 1118 2000 1118
0 1119 2000 1119
0 1120 2000 1120
0 1121 2000 1121
0 1122 2000 1122
0 1123 2000 1123
0 1124 2000 1124
0 1125 2000 1125
0 1126 2000 1126
0 1127 2000 1127
0 1128 2000 1128
0 1129 2000 1129
0 1130 2000 1130
0 1131 2000 1131
0 1132 2000 1132
0 1133 2000 1133
0 1134 2000 1134
0 1135 2000 1135
0 1136 2000 1136
0 1137 2000 1137
0 1138 2000 1138
0 1139 2000 1139
0 1140 2000 1140
0 1141 2000 1141
0 1142 2000 1142
0 1143 2000 1143
0 1144 2000 1144
0 1145 2000 1145
0 1146 2000 1146
0 1147 2000 1147
0 1148 2000 1148
0 1149 2000 1149
0 1150 2000 1150
0 1151 2000 1151
0 1152 2000 1152
0 1153 2000 1153
0 1154 2000 1154
0 1155 2000 1155
0 1156 2000 1156
0 1157 2000 1157
0 1158 2000 1158
0 1159 2000 1159
0 1160 2000 1160
0 1161 2000 1161
0 1162 2000 1162
0 1163 2000 1163
0 1164 2000 1164
0 1165 2000 1165
0 1166 2000 1166
0 1167 2000 1167
0 1168 2000 1168
0 1169 2000 1169
0 1170 2000 1170
0 1171 2000 1171
0 1172 2000 1172
0 1173 2000 1173
0 1174 2000 1174
0 1175 2000 1175
0 1176 2000 1176
0 1177 2000 1177
0 1178 2000 1178
0 1179 2000 1179
0 1180 2000 1180
0 1181 2000 1181
0 1182 2000 1182
0 1183 2000 1183
0 1184 2000 1184
0 1185 2000 1185
0 1186 2000 1186
0 1187 2000 1187
0 1188 2000 1188
0 1189 2000 1189
0 1190 2000 1190
0 1191 2000 1191
0 1192 2000 1192
0 1193 2000 1193
0 1194 2000 1194
0 1195 2000 1195
0 1196 2000 1196
0 1197 2000 1197
0 1198 2000 1198
0 1199 2000 1199
0 1200 2000 1200
0 1201 2000 1201
0 1202 2000 1202
0 1203 2000 1203
0 1204 2000 1204
0 1205 2000 1205
0 1206 2000 1206
0 1207 2000 1207
0 1208 2000 1208
0 1209 2000 1209
0 1210 2000 1210
0 1211 2000 1211
0 1212 2000 1212
0 1213 2000 1213
0 1214 2000 1214
0 1215 2000 1215
0 1216 2000 1216
0 1217 2000 1217
0 1218 2000 1218
0 1219 2000 1219
0 1220 2000 1220
0 1221 2000 1221
0 1222 2000 1222
0 1223 2000 1223
0 1224 2000 1224
0 1225 2000 1225
0 1226 2000 1226
0 1227 2000 1227
0 1228 2000 1228
0 1229 2000 1229
0 1230 2000 1230
0 1231 2000 1231
0 1232 2000 1232
0 1233 2000 1233
0 1234 2000 1234
0 1235 2000 1235
0 1236 2000 1236
0 1237 2000 1237
0 1238 2000 1238
0 1239 2000 1239
0 1240 2000 1240
0 1241 2000 1241
0 1242 2000 1242
0 1243 2000 1243
0 1244 2000 1244
0 1245 2000 1245
0 1246 2000 1246
0 1247 2000 1247
0 1248 2000 1248
0 1249 2000 1249
0 1250 2000 1250
0 1251 2000 1251
0 1252 2000 1252
0 1253 2000 1253
0 1254 2000 1254
0 1255 2000 1255
0 1256 2000 1256
0 1257 2000 1257
0 1258 2000 1258
0 1259 2000 1259
0 1260 2000 1260
0 1261 2000 1261
0 1262 2000 1262
0 1263 2000 1263
0 1264 2000 1264
0 1265 2000 1265
0 1266 2000 1266
0 1267 2000 1267
0 1268 2000 1268
0 1269 2000 1269
0 1270 2000 1270
0 1271 2000 1271
0 1272 2000 1272
0 1273 2000 1273
0 1274 2000 1274
0 1275 2000 1275
0 1276 2000 1276
0 1277 2000 1277
0 1278 2000 1278
0 1279 2000 1279
0 1280 2000 1280
0 1281 2000 1281
0 1282 2000 1282
0 1283 2000 1283
0 1284 2000 1284
0 1285 2000 1285
0 1286 2000 1286
0 1287 2000 1287
0 1288 2000 1288
0 1289 2000 1289
0 1290 2000 1290
0 1291 2000 1291
0 1292 2000 1292
0 1293 2000 1293
0 1294 2000 1294
0 1295 2000 1295
0 1296 2000 1296
0 1297 2000 1297
0 1298 2000 1298
0 1299 2000 1299
0 1300 2000 1300
0 1301 2000 1301
0 1302 2000 1302
0 1303 2000 1303
0 1304 2000 1304
0 1305 2000 1305
0 1306 2000 1306
0 1307 2000 1307
0 1308 2000 1308
0 1309 2000 1309
0 1310 2000 1310
0 1311 2000 1311
0 1312 2000 1312
0 1313 2000 1313
0 1314 2000 1314
0 1315 2000 1315
0 1316 2000 1316
0 1317 2000 1317
0 1318 2000 1318
0 1319 2000 1319
0 1320 2000 1320
0 1321 2000 1321
0 1322 2000 1322
0 1323 2000 1323
0 1324 2000 1324
0 1325 2000 1325
0 1326 2000 1326
0 1327 2000 1327
0 1328 2000 1328
0 1329 2000 1329
0 1330 2000 1330
0 1331 2000 1331
0 1332 2000 1332
0 1333 2000 1333
0 1334 2000 1334
0 1335 2000 1335
0 1336 2000 1336
0 1337 2000 1337
0 1338 2000 1338
0 1339 2000 1339
0 1340 2000 1340
0 1341 2000 1341
0 1342 2000 1342
0 1343 2000 1343
0 1344 2000 1344
0 1345 2000 1345
0 1346 2000 1346
0 1347 2000 1347
0 1348 2000 1348
0 1349 2000 1349
0 1350 2000 1350
0 1351 2000 1351
0 1352 2000 1352
0 1353 2000 1353
0 1354 2000 1354
0 1355 2000 1355
0 1356 2000 1356
0 1357 2000 1357
0 1358 2000 1358
0 1359 2000 1359
0 1360 2000 1360
0 1361 2000 1361
0 1362 2000 1362
0 1363 2000 1363
0 1364 2000 1364
0 1365 2000 1365
0 1366 2000 1366
0 1367 2000 1367
0 1368 2000 1368
0 1369 2000 1369
0 1370 2000 1370
0 1371 2000 1371
0 1372 2000 1372
0 1373 2000 1373
0 1374 2000 1374
0 1375 2000 1375
0 1376 2000 1376
0 1377 2000 1377
0 1378 2000 1378
0 1379 2000 1379
0 1380 2000 1380
0 1381 2000 1381
0 1382 2000 1382
0 1383 2000 1383
0 1384 2000 1384
0 1385 2000 1385
0 1386 2000 1386
0 1387 2000 1387
0 1388 2000 1388
0 1389 2000 1389
0 1390 2000 1390
0 1391 2000 1391
0 1392 2000 1392
0 1393 2000 1393
0 1394 2000 1394
0 1395 2000 1395
0 1396 2000 1396
0 1397 2000 1397
0 1398 2000 1398
0 1399 2000 1399
0 1400 2000 1400
0 1401 2000 1401
0 1402 2000 1402
0 1403 2000 1403
0 1404 2000 1404
0 1405 2000 1405
0 1406 2000 1406
0 1407 2000 1407
0 1408 2000 1408
0 1409 2000 1409
0 1410 2000 1410
0 1411 2000 1411
0 1412 2000 1412
0 1413 2000 1413
0 1414 2000 1414
0 1415 2000 1415
0 1416 2000 1416
0 1417 2000 1417
0 1418 2000 1418
0 1419 2000 1419
0 1420 2000 1420
0 1421 2000 1421
0 1422 2000 1422
0 1423 2000 1423
0 1424 2000 1424
0 1425 2000 1425
0 1426 2000 1426
0 1427 2000 1427
0 1428 2000 1428
0 1429 2000 1429
0 1430 2000 1430
0 1431 2000 1431
0 1432 2000 1432
0 1433 2000 1433
0 1434 2000 1434
0 1435 2000 1435
0 1436 2000 1436
0 1437 2000 1437
0 1438 2000 1438
0 1439 2000 1439
0 1440 2000 1440
0 1441 2000 1441
0 1442 2000 1442
0 1443 2000 1443
0 1444 2000 1444
0 1445 2000 1445
0 1446 2000 1446
0 1447 2000 1447
0 1448 2000 1448
0 1449 2000 1449
0 1450 2000 1450
0 1451 2000 1451
0 1452 2000 1452
0 1453 2000 1453
0 1454 2000 1454
0 1455 2000 1455
0 1456 2000 1456
0 1457 2000 1457
0 1458 2000 1458
0 1459 2000 1459
0 1460 2000 1460
0 1461 2000 1461
0 1462 2000 1462
0 1463 2000 1463
0 1464 2000 1464
0 1465 2000 1465
0 1466 2000 1466
0 1467 2000 1467
0 1468 2000 1468
0 1469 2000 1469
0 1470 2000 1470
0 1471 2000 1471
0 1472 2000 1472
0 1473 2000 1473
0 1474 2000 1474
0 1475 2000 1475
0 1476 2000 1476
0 1477 2000 1477
0 1478 2000 1478
0 1479 2000 1479
0 1480 2000 1480
0 1481 2000 1481
0 1482 2000 1482
0 1483 2000 1483
0 1484 2000 1484
0 1485 2000 1485
0 1486 2000 1486
0 1487 2000 1487
0 1488 2000 1488
0 1489 2000 1489
0 1490 2000 1490
0 1491 2000 1491
0 1492 2000 1492
0 1493 2000 1493
0 1494 2000 1494
0 1495 2000 1495
0 1496 2000 1496
0 1497 2000 1497
0 1498 2000 1498
0 1499 2000 1499
0 1500 2000 1500
0 1501 2000 1501
0 1502 2000 1502
0 1503 2000 1503
0 1504 2000 1504
0 1505 2000 1505
0 1506 2000 1506
0 1507 2000 1507
0 1508 2000 1508
0 1509 2000 1509
0 1510 2000 1510
0 1511 2000 1511
0 1512 2000 1512
0 1513 2000 1513
0 1514 2000 1514
0 1515 2000 1515
0 1516 2000 1516
0 1517 2000 1517
0 1518 2000 1518
0 1519 2000 1519
0 1520 2000 1520
0 1521 2000 1521
0 1522 2000 1522
0 1523 2000 1523
0 1524 2000 1524
0 1525 2000 1525
0 1526 2000 1526
0 1527 2000 1527
0 1528 2000 1528
0 1529 2000 1529
0 1530 2000 1530
0 1531 2000 1531
0 1532 2000 1532
0 1533 2000 1533
0 1534 2000 1534
0 1535 2000 1535
0 1536 2000 1536
0 1537 2000 1537
0 1538 2000 1538
0 1539 2000 1539
0 1540 2000 1540
0 1541 2000 1541
0 1542 2000 1542
0 1543 2000 1543
0 1544 2000 1544
0 1545 2000 1545
0 1546 2000 1546
0 1547 2000 1547
0 1548 2000 1548
0 1549 2000 1549
0 1550 2000 1550
0 1551 2000 1551
0 1552 2000 1552
0 1553 2000 1553
0 1554 2000 1554
0 1555 2000 1555
0 1556 2000 1556
0 1557 2000 1557
0 1558 2000 1558
0 1559 2000 1559
0 1560 2000 1560
0 1561 2000 1561
0 1562 2000 1562
0 1563 2000 1563
0 1564 2000 1564
0 1565 2000 1565
0 1566 2000 1566
0 1567 2000 1567
0 1568 2000 1568
0 1569 2000 1569
0 1570 2000 1570
0 1571 2000 1571
0 1572 2000 1572
0 1573 2000 1573
0 1574 2000 1574
0 1575 2000 1575
0 1576 2000 1576
0 1577 2000 1577
0 1578 2000 1578
0 1579 2000 1579
0 1580 2000 1580
0 1581 2000 1581
0 1582 2000 1582
0 1583 2000 1583
0 1584 2000 1584
0 1585 2000 1585
0 1586 2000 1586
0 1587 2000 1587
0 1588 2000 1588
0 1589 2000 1589
0 1590 2000 1590
0 1591 2000 1591
0 1592 2000 1592
0 1593 2000 1593
0 1594 2000 1594
0 1595 2000 1595
0 1596 2000 1596
0 1597 2000 1597
0 1598 2000 1598
0 1599 2000 1599
0 1600 2000 1600
0 1601 2000 1601
0 1602 2000 1602
0 1603 2000 1603
0 1604 2000 1604
0 1605 2000 1605
0 1606 2000 1606
0 1607 2000 1607
0 1608 2000 1608
0 1609 2000 1609
0 1610 2000 1610
0 1611 2000 1611
0 1612 2000 1612
0 1613 2000 1613
0 1614 2000 1614
0 1615 2000 1615
0 1616 2000 1616
0 1617 2000 1617
0 1618 2000 1618
0 1619 2000 1619
0 1620 2000 1620
0 1621 2000 1621
0 1622 2000 1622
0 1623 2000 1623
0 1624 2000 1624
0 1625 2000 1625
0 1626 2000 1626
0 1627 2000 1627
0 1628 2000 1628
0 1629 2000 1629
0 1630 2000 1630
0 1631 2000 1631
0 1632 2000 1632
0 1633 2000 1633
0 1634 2000 1634
0 1635 2000 1635
0 1636 2000 1636
0 1637 2000 1637
0 1638 2000 1638
0 1639 2000 1639
0 1640 2000 1640
0 1641 2000 1641
0 1642 2000 1642
0 1643 2000 1643
0 1644 2000 1644
0 1645 2000 1645
0 1646 2000 1646
0 1647 2000 1647
0 1648 2000 1648
0 1649 2000 1649
0 1650 2000 1650
0 1651 2000 1651
0 1652 2000 1652
0 1653 2000 1653
0 1654 2000 1654
0 1655 2000 1655
0 1656 2000 1656
0 1657 2000 1657
0 1658 2000 1658
0 1659 2000 1659
0 1660 2000 1660
0 1661 2000 1661
0 1662 2000 1662
0 1663 2000 1663
0 1664 2000 1664
0 1665 2000 1665
0 1666 2000 1666
0 1667 2000 1667
0 1668 2000 1668
0 1669 2000 1669
0 1670 2000 1670
0 1671 2000 1671
0 1672 2000 1672
0 1673 2000 1673
0 1674 2000 1674
0 1675 2000 1675
0 1676 2000 1676
0 1677 2000 1677
0 1678 2000 1678
0 1679 2000 1679
0 1680 2000 1680
0 1681 2000 1681
0 1682 2000 1682
0 1683 2000 1683
0 1684 2000 1684
0 1685 2000 1685
0 1686 2000 1686
0 1687 2000 1687
0 1688 2000 1688
0 1689 2000 1689
0 1690 2000 1690
0 1691 2000 1691
0 1692 2000 1692
0 1693 2000 1693
0 1694 2000 1694
0 1695 2000 1695
0 1696 2000 1696
0 1697 2000 1697
0 1698 2000 1698
0 1699 2000 1699
0 1700 2000 1700
0 1701 2000 1701
0 1702 2000 1702
0 1703 2000 1703
0 1704 2000 1704
0 1705 2000 1705
0 1706 2000 1706
0 1707 2000 1707
0 1708 2000 1708
0 1709 2000 1709
0 1710 2000 1710
0 1711 2000 1711
0 1712 2000 1712
0 1713 2000 1713
0 1714 2000 1714
0 1715 2000 1715
0 1716 2000 1716
0 1717 2000 1717
0 1718 2000 1718
0 1719 2000 1719
0 1720 2000 1720
0 1721 2000 1721
0 1722 2000 1722
0 1723 2000 1723
0 1724 2000 1724
0 1725 2000 1725
0 1726 2000 1726
0 1727 2000 1727
0 1728 2000 1728
0 1729 2000 1729
0 1730 2000 1730
0 1731 2000 1731
0 1732 2000 1732
0 1733 2000 1733
0 1734 2000 1734
0 1735 2000 1735
0 1736 2000 1736
0 1737 2000 1737
0 1738 2000 1738
0 1739 2000 1739
0 1740 2000 1740
0 1741 2000 1741
0 1742 2000 1742
0 1743 2000 1743
0 1744 2000 1744
0 1745 2000 1745
0 1746 2000 1746
0 1747 2000 1747
0 1748 2000 1748
0 1749 2000 1749
0 1750 2000 1750
0 1751 2000 1751
0 1752 2000 1752
0 1753 2000 1753
0 1754 2000 1754
0 1755 2000 1755
0 1756 2000 1756
0 1757 2000 1757
0 1758 2000 1758
0 1759 2000 1759
0 1760 2000 1760
0 1761 2000 1761
0 1762 2000 1762
0 1763 2000 1763
0 1764 2000 1764
0 1765 2000 1765
0 1766 2000 1766
0 1767 2000 1767
0 1768 2000 1768
0 1769 2000 1769
0 1770 2000 1770
0 1771 2000 1771
0 1772 2000 1772
0 1773 2000 1773
0 1774 2000 1774
0 1775 2000 1775
0 1776 2000 1776
0 1777 2000 1777
0 1778 2000 1778
0 1779 2000 1779
0 1780 2000 1780
0 1781 2000 1781
0 1782 2000 1782
0 1783 2000 1783
0 1784 2000 1784
0 1785 2000 1785
0 1786 2000 1786
0 1787 2000 1787
0 1788 2000 1788
0 1789 2000 1789
0 1790 2000 1790
0 1791 2000 1791
0 1792 2000 1792
0 1793 2000 1793
0 1794 2000 1794
0 1795 2000 1795
0 1796 2000 1796
0 1797 2000 1797
0 1798 2000 1798
0 1799 2000 1799
0 1800 2000 1800
0 1801 2000 1801
0 1802 2000 1802
0 1803 2000 1803
0 1804 2000 1804
0 1805 2000 1805
0 1806 2000 1806
0 1807 2000 1807
0 1808 2000 1808
0 1809 2000 1809
0 1810 2000 1810
0 1811 2000 1811
0 1812 2000 1812
0 1813 2000 1813
0 1814 2000 1814
0 1815 2000 1815
0 1816 2000 1816
0 1817 2000 1817
0 1818 2000 1818
0 1819 2000 1819
0 1820 2000 1820
0 1821 2000 1821
0 1822 2000 1822
0 1823 2000 1823
0 1824 2000 1824
0 1825 2000 1825
0 1826 2000 1826
0 1827 2000 1827
0 1828 2000 1828
0 1829 2000 1829
0 1830 2000 1830
0 1831 2000 1831
0 1832 2000 1832
0 1833 2000 1833
0 1834 2000 1834
0 1835 2000 1835
0 1836 2000 1836
0 1837 2000 1837
0 1838 2000 1838
0 1839 2000 1839
0 1840 2000 1840
0 1841 2000 1841
0 1842 2000 1842
0 1843 2000 1843
0 1844 2000 1844
0 1845 2000 1845
0 1846 2000 1846
0 1847 2000 1847
0 1848 2000 1848
0 1849 2000 1849
0 1850 2000 1850
0 1851 2000 1851
0 1852 2000 1852
0 1853 2000 1853
0 1854 2000 1854
0 1855 2000 1855
0 1856 2000 1856
0 1857 2000 1857
0 1858 2000 1858
0 1859 2000 1859
0 1860 2000 1860
0 1861 2000 1861
0 1862 2000 1862
0 1863 2000 1863
0 1864 2000 1864
0 1865 2000 1865
0 1866 2000 1866
0 1867 2000 1867
0 1868 2000 1868
0 1869 2000 1869
0 1870 2000 1870
0 1871 2000 1871
0 1872 2000 1872
0 1873 2000 1873
0 1874 2000 1874
0 1875 2000 1875
0 1876 2000 1876
0 1877 2000 1877
0 1878 2000 1878
0 1879 2000 1879
0 1880 2000 1880
0 1881 2000 1881
0 1882 2000 1882
0 1883 2000 1883
0 1884 2000 1884
0 1885 2000 1885
0 1886 2000 1886
0 1887 2000 1887
0 1888 2000 1888
0 1889 2000 1889
0 1890 2000 1890
0 1891 2000 1891
0 1892 2000 1892
0 1893 2000 1893
0 1894 2000 1894
0 1895 2000 1895
0 1896 2000 1896
0 1897 2000 1897
0 1898 2000 1898
0 1899 2000 1899
0 1900 2000 1900
0 1901 2000 1901
0 1902 2000 1902
0 1903 2000 1903
0 1904 2000 1904
0 1905 2000 1905
0 1906 2000 1906
0 1907 2000 1907
0 1908 2000 1908
0 1909 2000 1909
0 1910 2000 1910
0 1911 2000 1911
0 1912 2000 1912
0 1913 2000 1913
0 1914 2000 1914
0 1915 2000 1915
0 1916 2000 1916
0 1917 2000 1917
0 1918 2000 1918
0 1919 2000 1919
0 1920 2000 1920
0 1921 2000 1921
0 1922 2000 1922
0 1923 2000 1923
0 1924 2000 1924
0 1925 2000 1925
0 1926 2000 1926
0 1927 2000 1927
0 1928 2000 1928
0 1929 2000 1929
0 1930 2000 1930
0 1931 2000 1931
0 1932 2000 1932
0 1933 2000 1933
0 1934 2000 1934
0 1935 2000 1935
0 1936 2000 1936
0 1937 2000 1937
0 1938 2000 1938
0 1939 2000 1939
0 1940 2000 1940
0 1941 2000 1941
0 1942 2000 1942
0 1943 2000 1943
0 1944 2000 1944
0 1945 2000 1945
0 1946 2000 1946
0 1947 2000 1947
0 1948 2000 1948
0 1949 2000 1949
0 1950 2000 1950
0 1951 2000 1951
0 1952 2000 1952
0 1953 2000 1953
0 1954 2000 1954
0 1955 2000 1955
0 1956 2000 1956
0 1957 2000 1957
0 1958 2000 1958
0 1959 2000 1959
0 1960 2000 1960
0 1961 2000 1961
0 1962 2000 1962
0 1963 2000 1963
0 1964 2000 1964
0 1965 2000 1965
0 1966 2000 1966
0 1967 2000 1967
0 1968 2000 1968
0 1969 2000 1969
0 1970 2000 1970
0 1971 2000 1971
0 1972 2000 1972
0 1973 2000 1973
0 1974 2000 1974
0 1975 2000 1975
0 1976 2000 1976
0 1977 2000 1977
0 1978 2000 1978
0 1979 2000 1979
0 1980 2000 1980
0 1981 2000 1981
0 1982 2000 1982
0 1983 2000 1983
0 1984 2000 1984
0 1985 2000 1985
0 1986 2000 1986
0 1987 2000 1987
0 1988 2000 1988
0 1989 2000 1989
0 1990 2000 1990
0 1991 2000 1991
0 1992 2000 1992
0 1993 2000 1993
0 1994 2000 1994
0 1995 2000 1995
0 1996 2000 1996
0 1997 2000 1997
0 1998 2000 1998
0 1999 2000 1999
0 2000 2000 2000
