2500 5000 912923
1014 450 29
153 2108 29
2199 1160 33481
791 29 29
393 1323 29
2339 922 32
1037 156 51597
872 1244 29
131 706 367351
727 1011 33
1372 793 37
594 818 24526
467 1356 44733
194 442 4058
154 1802 343295
456 2134 44
1970 1753 32
1498 1887 96873
551 1697 29
1746 301 157995
1222 669 29
178 1383 1474
2151 473 12154
1664 1148 32
1260 1909 46065
719 2375 29
1337 2484 32
1565 2277 192905
2008 2397 29
1285 2325 151024
915 30 32
1457 277 29
1513 351 29
1116 1239 29
1326 1226 76287
537 1814 72679
71 424 36515
137 959 29
1113 449 32
284 1563 29
1397 1961 1114
876 1453 29
2310 2217 29
666 1679 225696
2309 237 32
1257 1945 29
2197 933 29
51 586 51482
1168 2182 324350
1253 134 29
2431 691 29
1971 1078 388894
1154 2385 33
2305 846 29
1578 1297 30
1117 195 2237
1495 773 7300
2338 202 32
58 1300 29
2469 736 67387
2439 938 29
1282 2016 32
193 2286 29
651 1265 182450
1277 1521 231147
1075 2259 29
452 176 29
1464 179 320936
1920 2455 30
1942 1808 29
318 1765 231091
1752 1686 98835
648 1018 8037
2211 151 144449
787 2405 258497
1534 1100 103514
881 986 309137
2308 302 50
1737 1677 9376
371 2162 29
259 424 29
1311 1275 163406
2206 677 29
1234 1120 32
81 776 32
1477 780 29
411 103 188676
2102 95 29
1226 463 31
1920 2281 34
166 920 29
482 196 38
1380 1619 29
566 135 29
337 2380 32
1282 1870 31
905 149 35
1330 1635 32
2480 1169 32
1239 454 161208
1679 34 29
1908 1491 45376
1965 62 9717
1770 1218 29
2408 1481 382333
2362 1601 29
1576 484 29
587 1963 176049
1838 574 20217
1013 1977 29
1142 2411 63901
1396 67 143498
595 2388 339476
920 1992 32
1423 1835 40
1858 1639 29
781 1890 126997
691 2386 433
1811 2198 32
6 2358 24474
2344 2057 327069
2018 1723 29
2310 1898 17404
1694 2324 29
918 1804 29
2000 861 29
1776 1839 22586
1867 1643 165327
365 2493 29
1485 1415 14011
2412 2170 89591
2334 1852 189132
2002 1500 29
2205 1368 133767
1010 285 33
265 1406 32
2480 1552 7544
2481 780 32
571 225 29
512 1809 155677
8 910 29
372 612 19619
297 36 143248
1918 62 108418
1407 2247 43
508 839 160816
335 1665 203597
607 37 29
1135 1534 29
464 1744 304439
1939 1728 97575
2297 631 29
1782 2343 29
285 899 2989
2039 1222 20926
1235 1301 160688
1400 1036 29
1492 1301 29
669 2144 32
910 798 391777
1779 2266 92661
81 1488 100328
290 336 319071
755 1584 31
2052 1177 36
2166 2347 31
1692 2423 32
840 1016 32
782 2370 58
238 1633 266974
859 574 33
2400 2430 29
1793 2306 30
2194 2156 149452
846 149 254228
1937 2338 29
1335 82 99626
2486 1422 117744
982 31 215469
2290 1694 33
899 1925 131837
1186 1714 32
1572 1998 29
2214 2081 33820
1206 2304 7489
1259 295 30
1833 463 310
789 414 32
2282 701 31
1030 2303 308814
2487 1680 935
1061 1528 56563
335 777 76184
2014 949 41648
2452 204 244878
1917 836 162678
1531 901 18769
1926 1144 29
1854 1074 2547
691 1719 675
1361 602 29
1475 306 29
734 846 39798
1059 1597 189495
60 2081 44
2232 1326 29
8 2021 29
592 904 278741
190 541 29
1819 2342 300828
2173 2035 482
2472 505 310600
2062 1996 29
1782 2258 38
468 1071 29
1054 590 3764
161 1928 68546
1292 2259 29
2250 2017 29
1284 919 313828
2159 2384 29
1256 694 29
437 198 285080
1313 1266 29
1033 813 7420
1757 477 71445
1927 766 162199
7 1114 32934
2008 2469 29
144 185 50286
1158 1997 29
1702 1247 278104
231 986 303691
1690 798 106544
98 638 38
915 2371 29
919 2105 76197
2267 1341 29
1365 1238 4342
1589 300 31
2388 2014 29
708 1285 150263
1683 1311 29
2217 2308 19238
1069 2263 29
1940 1216 29
1835 1528 29
243 41 14912
366 1686 236723
2310 1233 29
2495 919 3403
1181 640 344504
1446 2098 32
983 1202 29
301 1192 29
128 585 29
2246 1250 43
644 1377 71609
1950 426 32
2205 1174 11289
640 2046 5321
658 2319 176497
702 2358 72449
594 986 76616
1351 2419 32
2250 1442 29
1972 976 229956
2365 954 29
1855 785 234651
268 1865 51043
1592 1438 29
437 1960 90880
968 991 60571
1811 1499 27220
1503 534 2285
2404 106 3303
1511 2424 57114
1919 1542 379915
1138 4 92749
458 2274 377792
381 1656 102722
1135 1984 172006
1210 1332 11062
1666 1169 29
1939 1318 36379
2499 14 29
966 911 38
1273 2297 389833
127 1943 158479
109 1862 5548
1365 2325 300409
1482 177 45
2354 936 29
1270 682 32
948 28 314171
781 2366 393789
1958 395 34206
722 1789 29
1403 406 45866
596 1334 37
1926 32 12564
1722 2324 49277
2136 1588 68224
978 28 294647
2087 1746 29
7 1368 270605
406 2309 29
111 594 211882
857 203 236078
2264 642 44
2484 2342 61204
472 1924 29
1354 2385 26468
1483 2076 29
741 1512 53
937 1539 200559
1489 1191 29
960 1549 29
1277 528 156965
1542 1308 29
113 972 31
1252 1075 68325
9 2455 29
1282 525 22737
304 1133 31
1599 400 29
1079 1437 257106
449 750 29
51 390 29
89 2280 180915
66 1410 29
1362 1207 32
412 1459 29
373 2335 29
1877 98 29
2458 1346 29
22 733 41
54 1658 99698
435 2247 29
963 577 32
1831 1769 322273
865 140 29
1168 1128 29
1591 2464 32
658 1038 20207
1487 1611 248579
1134 28 239553
685 2234 15432
612 1316 201024
2402 25 32
1147 445 29
1609 146 29
186 2363 13534
27 537 29
63 1060 29
535 1303 29
1004 2321 201444
1752 93 62998
209 1203 29
190 511 294246
1802 1126 81262
250 1241 29
2151 983 256313
2461 2253 29
2300 1082 29
1185 2118 29
1487 2143 68127
1675 942 29
1350 10 110101
225 1795 29
1762 893 145060
320 1123 29
900 432 29
2199 1720 29
424 58 42536
2103 24 4191
1534 565 36098
1787 1771 134007
1788 1331 46318
989 290 29
1388 1635 100332
727 673 32
703 1442 334224
2462 1544 35774
2326 2067 29
723 1283 29
1899 344 29
41 1863 11688
1235 842 101345
2016 1651 68644
1640 313 29
2004 2437 29
1991 212 29
774 853 29
628 1900 184955
441 1188 29
431 2455 29
476 263 33
1968 542 4653
567 1974 29
2014 1133 9310
1803 1894 29
163 2286 16322
279 428 246783
498 1302 164072
2491 1785 8650
1043 635 29
949 1954 387007
1479 2136 6252
2425 569 32
88 2429 29
437 787 37
354 2032 29
650 99 147495
575 358 29
2278 2429 369068
701 1086 29
322 1011 280646
2378 691 347393
1878 1367 82687
1285 1706 29
483 1756 250562
328 691 56690
1050 1439 32
455 564 29
636 2116 29
394 204 75903
266 2124 29
1662 929 29
508 2109 36578
1976 368 65331
215 171 80745
2364 967 30
2330 482 107517
1274 518 1468
720 1166 33
1548 401 1161
2477 1141 382749
1518 527 29
1114 1945 37
1663 638 75130
767 1502 339379
503 1439 29
367 1122 32
986 1828 65966
359 23 285841
2227 1199 327279
1585 421 29
357 1780 288344
1661 1517 157087
881 2227 59041
1235 1466 29
2004 1118 29
2318 1752 39278
148 1077 135051
1291 2218 121789
536 1324 29
1887 733 29
789 1 177618
1124 205 29
273 2390 48522
112 308 29
185 1548 37
1514 1533 36
2236 1558 33923
1302 1074 161321
1855 1989 12861
619 1000 29
1858 699 62187
1940 1356 23126
1953 933 35
1389 290 350705
53 1402 127154
891 305 29
182 603 99319
2350 1539 35
1903 1906 747
339 1434 290543
72 259 29
1830 1813 32
978 2421 32
700 2088 29
1171 1812 29
926 1773 36438
1119 1695 29
761 1304 198673
2183 1430 12329
1057 2386 29
162 822 31
710 2410 41
441 1847 130023
715 2443 30
1222 83 383887
1943 2467 212176
1471 1576 29
896 2312 32
2313 644 134704
809 873 289943
2046 1769 29
1537 591 371801
1070 2084 41235
210 1044 164937
2105 1340 93764
427 1538 10376
1674 148 29
1316 2016 270453
991 3 145507
275 1882 29
376 1205 29
2095 2433 3277
2453 614 36
1531 2424 313426
280 1064 29
83 1128 25544
1577 1146 1120
772 479 30455
716 1270 29
1183 1291 101390
241 521 29
1056 2245 299225
743 721 124039
44 1503 29
2222 1815 85088
986 942 153259
1743 1539 200453
1074 257 49
1220 1314 29
748 2431 29
1056 921 21892
1820 869 26286
563 1588 30
2466 2146 33215
546 2394 29
237 992 31
530 2011 33637
2071 1022 82
377 1414 29
1115 161 29
508 442 3056
615 136 29
1572 566 213555
2451 1736 72761
1175 378 353622
1105 2453 16718
2002 843 29
1982 26 11418
2169 756 4010
144 944 269882
382 277 122810
2241 382 208330
1373 2336 44002
2082 251 54752
572 1356 37
46 560 29
314 1407 147327
2297 1958 29
1491 1987 30
1631 1490 32
1878 1574 250918
960 1706 29
1991 1756 29
1369 787 32
2378 1092 29
1502 1484 32
665 2091 253647
2465 1154 106342
662 272 58107
689 2485 29
972 812 29
948 1123 29
2222 1289 147871
725 2323 15708
2482 579 29
2397 2345 93769
51 2290 29
516 1579 137190
1544 1010 349528
2080 2437 29
219 739 29
1928 244 219180
1069 1439 52
1390 150 35492
1459 1672 29
881 2451 29
1164 2389 32
1563 2202 3053
1412 2485 166359
132 1688 37
905 1997 9814
2194 1769 29
435 1200 32
1153 1793 32
1790 1539 101374
612 1236 29
1544 1402 29
574 1708 1280
1982 685 33
854 1859 159300
1220 2273 284455
824 384 29
809 605 29
2334 77 209997
1989 2064 129253
340 2419 29
2087 963 310421
1855 2105 29
119 1822 286002
1106 1226 105430
1828 1925 32
522 2311 66205
342 684 295820
133 1428 37
2094 275 38
2012 2357 31634
1326 1265 1055
857 1602 48069
1948 1881 345712
1548 2042 29
1946 1711 39
2427 1496 29
1208 2242 29
181 1963 8890
1784 2024 4505
1455 100 29
2095 2304 29
123 595 29
717 1874 29
468 1785 53
34 973 361329
1060 1691 29
1228 1758 51
1400 378 25103
1474 2449 29
581 599 111605
1502 100 169625
634 391 77
516 1674 15961
2263 1095 222417
2215 138 202585
918 408 176341
1958 736 343375
1497 2021 196707
2083 48 32
384 1657 26042
2463 1614 20484
1209 2213 8348
507 2483 44273
1942 1412 11512
814 419 45
1772 133 3593
1533 1229 113775
911 1986 171425
1634 1513 271662
258 131 30974
2124 1542 22850
1291 728 12804
1133 2482 16369
2465 2385 108101
707 1769 155564
2297 1699 7558
1142 244 30
1089 1398 34
2093 2001 29
1566 473 1380
2275 1865 88018
872 1831 155341
1051 2040 29
396 1817 29
241 783 31
149 1104 17461
561 168 32
2418 696 32
864 118 32
1965 998 1322
2045 2024 29
1309 861 36421
1257 1234 29
2376 1043 62128
717 1306 120828
1777 1072 37
2057 1492 13605
1244 640 9630
2415 95 32
1128 2025 165412
1321 127 29
430 1727 29
934 2007 29
180 1934 29
866 553 49
1612 899 29
1385 2422 176438
417 724 29
1263 1810 29
2291 1861 27624
1195 528 29
1131 1456 67
1665 108 34
569 85 29
1734 550 44479
357 718 29
2349 2047 24234
1071 2490 252515
706 1765 29
4 934 29
2253 1547 164981
415 2352 44081
1385 2029 32
1810 802 95293
2255 1533 383878
1430 1101 29
2492 655 263609
377 683 29
1261 714 797
2292 2014 189679
725 870 32
472 1048 91766
461 1872 33
1982 1964 29
471 1725 29
360 1860 29
1228 1145 31
642 170 33
1374 33 29
1227 2257 9426
40 53 161562
845 1627 29
1053 1005 36
1678 1074 32
1400 1936 46642
267 977 29
170 584 37
517 1363 29
1694 1761 838
2030 87 29
1465 1853 38666
791 1753 111209
887 1532 30
1684 215 29
230 920 29
614 665 29
2497 1822 298666
427 689 33
674 1351 29
2441 1494 347763
778 382 33
2387 2135 102665
1849 2201 29
1059 396 350113
1873 163 164104
252 1576 39674
1964 1096 86267
2452 1206 29
2042 830 33
901 2492 29
1930 1586 29
1576 1867 5154
2275 1885 22217
678 796 15290
1438 255 360102
2030 1085 29260
817 619 63287
1928 2356 32
2443 1891 278370
2003 394 29
1587 1485 29
1063 715 5267
1725 2090 29
1260 1794 200796
1222 1512 29
451 1804 29
1988 206 29
1846 418 350051
794 1869 29
276 2455 18556
1181 2457 29
1201 1031 340302
2134 2299 377253
48 248 29
1196 1531 29
916 274 29
247 1624 117055
1232 2069 29
1875 168 29
2108 600 192965
827 2325 194709
1563 1228 48974
1630 2295 29
884 551 48861
2066 1094 576
993 1849 29
403 1802 58917
187 712 29
1592 1606 29
1586 1979 29
1802 1980 29
89 2278 114570
670 2196 29
1204 2412 340915
1381 1129 29
1155 1827 689
2119 530 32
1988 1825 297398
1378 1989 29
1382 2400 25208
358 2202 217611
2152 2002 7338
2429 167 31
1864 497 35
2459 1522 29
586 1853 129961
1843 86 130322
1846 1425 29
411 1540 1848
136 1593 351454
556 2109 299277
1437 1626 32
530 1364 305694
1770 1005 287407
1194 731 29
501 54 29
446 2406 53842
1424 1202 29
181 1384 50914
422 2049 29
850 568 29
1462 1554 29
345 823 20960
2473 1112 31
2486 1654 44
2009 2458 36
2181 1566 29
1556 1612 150309
740 1245 29
943 1279 63015
686 227 72
135 2463 29
1011 1189 29
2090 1057 213600
1140 310 169963
178 805 29
29 2212 699
591 1088 29
656 2323 136687
1642 313 157448
328 2366 360373
1954 560 29
1682 1198 29
817 103 55
244 275 315452
409 1595 32
1922 2107 253077
561 459 29
1078 756 37
1853 826 763
1084 1984 258594
1103 2260 5016
1552 2346 29
1512 1578 219
2157 1135 31
2371 932 173682
194 273 29
151 1037 29
2328 884 29
813 771 29
1615 2165 29
1201 978 24868
963 1557 29
861 2091 142604
385 1722 30
651 185 24572
2420 2327 32
1191 353 12967
515 1201 259772
20 1635 29
799 1904 29
15 1816 32
2497 1680 29
1359 97 29
1643 2077 29
2097 2398 29
300 1461 37
530 2263 29
657 1243 119950
699 1535 162
586 1923 29
2235 875 126847
2247 241 266939
1057 1959 33
2294 453 5353
2146 1143 29
2260 94 29
1884 1817 8015
2115 1684 92115
1440 2009 33119
1432 423 32
1768 1299 368867
465 1252 29
2451 811 29
231 1106 29
83 1600 374480
8 601 3267
1083 422 386102
2438 1134 29
1558 1820 32
1216 930 228138
92 729 29
227 1657 357059
226 1072 175543
725 2167 29
927 2481 349999
772 91 80655
710 275 178881
2022 1036 29
800 828 53200
479 2188 29
221 509 33
2241 1321 29
1543 1335 76105
2433 964 9310
493 2445 29
260 834 127622
1651 2156 32
652 2024 29
2040 835 30
2072 1258 38
475 327 106911
783 1179 29
2490 44 40429
529 1352 32
2255 2189 127509
1185 1705 29
1607 642 29
1013 1355 29
1399 1452 136500
388 1079 3988
1708 494 34
1567 2499 333374
2196 2172 29
2353 1055 38
306 823 44
1434 1362 29
920 1619 101
669 2395 209494
1876 1467 13520
1294 2406 20312
1404 2102 29
2236 2386 3083
939 428 29
45 1177 29
339 2133 60275
2176 529 16111
979 922 31
2445 72 6624
1363 2024 806
2222 2104 29
549 366 29
1902 1789 29
1025 1393 153962
1624 2089 236790
1969 596 58963
716 2466 71978
843 680 29
741 891 12882
2117 1432 29
434 1870 29
1690 965 29
293 1844 7204
1824 1449 266148
11 1378 33
541 1192 15851
204 98 29
583 1624 32
1027 2208 145997
1683 718 12423
743 384 164441
2043 1863 824
926 1907 29
1564 1919 376969
559 210 29
1941 986 30258
1508 2484 24997
929 862 29
85 520 232700
1391 307 32
935 2461 29
1752 895 29
1591 1179 21220
745 2436 26368
1241 645 29
1152 1138 29
2010 1019 3714
102 1456 1371
1781 1354 48
888 2095 9985
1933 1640 38648
254 364 37
1326 399 32
1919 1883 31
2155 1730 29
62 1541 29
711 671 21980
794 979 218927
1166 230 232924
1059 2167 29
1433 696 29
956 1123 46141
189 2190 262262
1372 537 5544
801 1164 168300
1029 1676 29
2337 665 29
816 835 1073
1716 885 63
886 1794 38069
1868 1458 38254
1481 495 81497
1703 1848 45
411 1251 29
834 746 29
1420 2397 325192
445 601 339251
725 1324 221479
151 2267 37
2281 1519 29
770 1952 86986
205 1034 29
622 964 32
234 1004 85519
973 653 194126
618 56 29
1296 309 50
735 2166 37
212 1060 294848
815 1834 29
1382 1741 280720
119 2199 29
117 1096 29
157 603 11108
1166 1859 29
1027 2087 29
666 1410 29
1142 1340 104936
764 1089 91297
1799 1807 29
1727 820 124674
1938 614 93616
1413 167 46606
1450 1538 159196
1111 608 25378
340 356 10462
322 1691 108968
1071 115 29
908 778 44
1564 1755 29
288 1205 29
1231 1783 33831
931 706 75483
276 447 10729
1778 1862 384467
353 1598 26843
1784 607 29
1346 1650 2332
304 1303 189955
1076 2135 32
838 654 29
1516 2042 35313
2457 157 29
978 1970 29
2006 499 29
2496 240 32
1777 697 184820
1869 2096 32
1778 2063 29
1299 1431 29
1151 1254 338612
2477 741 6888
1950 976 258609
1281 1171 18766
31 921 29
2113 643 29511
870 1210 29
2149 2433 25187
1660 59 104121
2250 1850 267168
1954 2249 44
2465 1750 290962
1897 1448 181128
1375 805 36
2183 1900 29
2266 691 29
1904 1246 250787
1269 2148 29
582 1471 8426
182 29 33
338 1906 33
1755 759 32
2309 199 37
877 181 106178
52 493 6091
1445 2186 34
2268 67 6940
669 895 83015
18 1874 263985
1728 702 363817
1898 1173 112917
483 137 29
409 829 50
506 705 29
48 722 399491
2392 807 29
1065 516 288984
176 504 220126
636 1247 24058
264 507 29
259 610 101811
1392 1311 29
1863 112 29
1985 2070 34
1879 1373 73560
1743 2226 16927
466 2345 155911
71 2105 29
709 577 195469
364 1184 144751
1095 1850 202809
402 694 37
694 272 29
155 672 8496
2221 1117 29
255 1160 113954
1670 2456 29
1287 2021 73630
42 2000 29
1460 65 29
585 1912 29
710 2240 35
1053 2494 2246
2484 2153 20294
2317 753 101673
783 713 29
1216 1472 29
1492 1931 197348
1006 490 230646
864 1886 29
2296 1405 29
1017 1223 29
408 1721 174838
1579 1272 194986
1029 1922 157216
1806 579 35
1743 2146 29
2035 1920 3396
2315 1687 96082
1157 1759 29
1223 1955 29
2434 1427 29
1600 1741 29
1771 1431 236212
22 957 31
2129 1748 29
2206 628 46496
1852 2367 29
2204 1994 15373
1894 525 99082
327 315 57
609 1481 29
2306 187 26196
863 1322 29
2295 507 37327
1105 570 6728
2462 332 29
1141 1738 359969
2170 954 268356
1272 193 29
932 695 29
718 628 308102
869 1130 29
501 855 4533
1822 474 29
1112 18 29
2065 446 398082
957 1675 142658
1114 2279 210205
417 2465 150253
508 1719 32529
1646 1524 29
537 2183 29
783 1773 23226
2102 1317 297871
2405 1536 37
52 811 24482
456 435 32
1402 1690 29
765 23 29
1153 293 41
475 1776 29
628 1385 29
648 1022 29
1750 1699 32
2171 1834 29
158 74 29
1509 976 29
1660 103 33
194 1242 36379
44 1645 29
2051 390 32
460 1468 37
1339 2294 32
1222 1427 132542
2362 1790 328346
1672 2204 253897
2086 164 29
52 923 73581
361 346 377015
1360 106 29
662 2212 32
463 1047 32
2230 359 246896
1132 414 168410
1728 1318 14596
748 876 250119
2342 416 29
717 2361 29
1096 1978 237
706 1066 30683
1472 593 42249
486 259 273596
1250 54 29
1183 1240 38
466 804 29
2133 1931 24031
2419 733 283026
1126 2048 19936
1411 688 38
1568 359 32
1614 1780 230512
444 1684 29
1867 490 32
1120 889 44900
1620 951 34
1819 1293 131805
1451 897 238354
1326 1300 29
2400 597 243493
623 1286 33
1985 1153 29
1580 1743 30
2436 1679 382576
925 1214 29
2342 225 379
1973 1381 29
2177 541 72727
857 768 31
1907 1842 32
2285 1728 29
70 2203 33
368 1290 32626
210 694 371349
1437 329 29
948 472 370271
2197 1104 391485
1417 1896 29
796 2478 32
407 433 34774
1712 729 394992
1687 519 29
1901 1021 37
1145 169 2070
910 2137 169415
1978 1468 2203
1424 1398 29
2207 1903 29
2473 2078 11295
1066 433 55
1813 1754 29
1715 2170 159332
814 202 29
1335 735 30
534 2393 29
2485 1942 91232
326 292 10721
115 816 29
2056 2260 149611
2168 1031 40
1475 802 29
2382 1064 259318
587 2454 382771
728 1272 3522
2305 324 330562
386 1798 323577
1417 1586 94498
1193 989 147843
1712 1547 29
1524 1796 29
1230 657 29
790 1241 5085
2 491 29
2230 1297 17302
1256 1520 252240
1201 609 32
940 829 29
758 2374 48911
2319 631 29
462 2345 31
1392 1127 39
2410 1015 2712
2172 307 56908
1341 2169 199136
362 1092 32
1106 1844 29
2067 1025 29
1444 1016 101137
1204 2432 29
2018 452 115853
144 2447 29
699 1314 254069
1834 2280 336896
574 860 73327
244 2403 32
327 540 29
904 251 29
344 1951 41
1912 981 32
567 1067 85521
2300 1340 46257
2167 2263 6750
801 1139 29
797 102 29
848 974 33
346 735 37
1462 557 30
620 1336 29
525 1286 29
402 211 58243
2370 1166 35661
1815 2453 32
492 1334 360
967 2384 51184
1170 2345 367789
1806 1402 54712
1426 428 29
2428 156 140133
1933 1022 16970
2036 1200 185210
1080 315 29
1513 1695 29
2413 1320 29
1511 1633 29
1861 822 32
746 1575 9304
1104 229 72598
1563 1398 29
1655 438 147118
1710 79 29
203 2219 29
1693 2187 31
104 2441 32
1714 211 36
2308 2059 280782
933 837 345591
1145 1749 40
2047 1107 38
1460 1683 65954
1067 837 31138
2320 1712 180949
2030 443 125120
455 1063 7561
1395 615 3540
2031 134 44
1680 286 32
1746 2335 29
1585 1255 29
2334 2236 36
613 1109 32
2374 637 362212
33 688 33
347 1498 72985
1565 1116 32
1606 2040 237603
1308 2231 163964
2292 1206 23822
1354 1829 256
314 2407 18214
1697 1241 123801
882 1639 40
765 840 29
1048 598 29
1634 2160 32
2095 1622 35
1701 222 29
1193 1396 11600
2064 77 29
2287 505 32
1394 605 110331
2382 587 29
715 742 52
1976 658 32
1796 1821 132484
519 165 29434
873 865 124
2214 810 152295
40 116 32
2459 2373 29
1753 1953 29
1342 1810 29
412 1087 1221
2462 1669 32
182 1077 29
1507 2223 32
1414 1897 29
83 2469 8392
415 1544 46327
625 488 278443
2389 1593 55535
772 576 165431
2136 1004 153640
2099 45 32
2252 2033 29
2107 2485 32
1761 2375 198157
828 2104 380784
1295 1691 29
474 1303 29
1358 1802 161864
570 413 37
2073 1169 130030
875 1907 308206
1093 1693 29
1275 349 31
2343 2491 291550
1598 1506 30562
1131 1781 1238
2436 2132 29
2375 128 120966
1787 2410 29
776 1573 40791
1661 912 32
402 1569 29
1798 117 29
515 2329 8277
1299 1760 67458
1594 974 226068
2071 1831 67546
2246 323 80174
589 1012 32
2157 275 46
2047 1346 238549
287 1824 4953
2074 898 29
1644 2273 342407
2406 473 117036
1464 2101 665
52 2147 29
1549 388 33
822 815 393782
2118 37 31
544 72 285251
2321 1585 48023
962 1929 44
1724 2476 32
1545 1709 36
1866 2249 57104
811 709 41
1498 1558 279191
1947 1851 29
1842 1968 152239
2381 163 29
2091 1631 29
807 617 29
2247 684 804
2366 460 32
2128 1480 32
1170 363 36405
288 1276 29
1561 2167 61635
1249 2038 29
748 1023 373907
2363 2195 218607
34 588 104725
341 526 148819
1421 2243 2274
1315 629 33
887 2080 361881
2264 152 29
1433 2454 154003
1862 740 33
2270 485 50
1433 2093 283532
1319 164 143081
448 1281 37664
1961 873 29
1201 1923 4714
236 1861 29
372 550 29
1833 891 29
54 2169 74350
404 62 32
1268 2284 29
1630 2256 166728
1570 1583 29
1397 1967 115660
2185 1241 18904
2243 1482 5370
385 1826 56034
394 1081 32
1529 1268 72801
511 1653 22421
994 2303 29
1397 1214 110273
940 1386 265593
2081 1277 31
256 2493 29
1720 1679 29
2476 2398 348770
2211 1369 29
986 1044 97109
74 815 362601
34 47 230893
1108 148 344194
1116 1900 155194
345 1677 40670
2473 216 106732
676 407 32
2062 148 29
2262 1100 137682
2310 2459 4623
791 378 332305
1238 1648 205229
1118 2254 37
936 654 31
192 1322 17219
1493 709 32
1711 1012 29
1523 2197 98700
1815 1812 78115
1324 973 418
1853 2336 32
1606 172 380466
524 1154 4416
159 1463 32
423 2247 314159
1929 1595 29
1444 930 29
1339 2317 29
2345 756 7838
898 1999 29
784 1110 204406
416 583 12889
1954 1779 47
2068 2363 48529
14 2264 30632
2347 1570 149753
2062 2474 36
2111 2152 46615
1905 1076 41337
320 934 2936
816 1926 37370
2093 1587 130291
2349 991 246864
773 1099 213792
2270 1583 57726
1581 110 29
2079 1432 93562
2117 1822 29
913 1532 5045
2114 1157 72612
1416 2324 29
1066 1135 14675
1660 380 53455
1231 517 162515
1279 2232 32
1688 501 29
226 63 29
392 2119 107524
2066 1509 9453
1591 1584 399695
240 2346 54
637 1614 29
667 189 29
1608 2143 29
542 519 34
1548 381 322398
2034 1885 31
738 928 277195
1645 613 34290
709 391 273793
1517 940 29
986 1369 83871
1229 562 183782
2235 683 29
1152 901 32896
1901 1979 275031
704 243 29
661 2041 108053
1151 2383 29
645 2402 38
989 1125 29
2037 2006 174714
1623 910 32509
533 1507 32
2064 2301 195486
1266 2294 22472
2301 1245 29
1767 1062 229546
955 2301 221307
1939 2460 29
2272 2280 35
428 2303 1930
95 73 362284
1904 1629 32
2126 2500 29
1783 468 213019
2078 975 1182
471 2373 386953
1894 1814 37
827 649 80720
2367 968 39210
1443 371 28661
2497 331 32
870 1097 639
1796 1056 29
1611 736 371149
1240 726 392427
2243 665 318537
2475 979 29
1662 1995 86761
2052 243 29
2308 1133 29
723 1331 29
91 1359 29
2273 1207 34
1301 1288 356340
582 567 36134
1225 186 232909
1689 1215 29
59 402 157780
260 418 29
1352 202 137786
1507 1593 4619
805 1466 49014
1300 1060 33460
2136 791 25178
17 218 29
1962 341 14920
2359 2443 29
2043 1429 29
355 2473 29
770 552 29
1309 1332 29
1831 598 29
212 1783 29
2291 1845 29
2228 339 313779
1699 1456 29
2120 1199 32
1502 1304 29
2141 1372 38586
1986 279 32
1612 970 32
1677 1472 157356
1223 2171 135850
1453 327 98272
1854 2265 29
635 2471 109536
2161 2005 37
1399 1405 33
439 1062 40304
1997 94 29
871 964 29
548 1409 173063
1062 1761 29
2090 1035 40420
2278 897 29
341 641 12637
185 2217 135201
244 1975 339919
1170 1890 15584
358 891 59768
719 1377 233537
9 88 44026
1088 2342 29
687 2422 29
2270 1677 31
2174 1529 201096
2014 2189 65938
2396 892 93318
58 2234 29
991 1454 36
310 1152 29
514 684 91
402 1858 31
2012 1843 29
1102 1487 32
2438 1414 600
1196 1570 28981
1913 558 29
1909 171 35775
872 1122 32323
2470 1878 29
675 303 33
2352 2113 29
1392 2433 31406
1209 1309 192720
48 2244 23690
636 907 29
1507 1521 379
903 1365 17293
701 2494 217186
189 788 303056
2237 1341 140165
2331 678 29
1636 1390 32
2005 401 29
1864 598 189392
2008 2171 60982
1760 1499 75269
1229 1149 29
1658 2314 194352
149 2189 29
118 442 9229
616 2133 1863
964 1898 374125
1987 2454 33
1625 1600 259249
1397 2249 38
1797 1922 2319
207 2185 5967
1434 1761 21639
845 2163 29
2396 235 32
1573 1362 5288
1193 1454 29
283 870 15419
181 1066 29
357 2253 29
197 2388 59782
213 1512 29
1021 80 70563
316 1949 1225
675 2272 258087
1016 2298 29
168 138 153172
2020 730 96511
1471 1515 37
1338 700 73709
1839 1102 954
2209 1041 29
1520 565 23363
1090 427 39124
582 621 147167
1994 712 32
1166 2452 133752
1431 1937 211047
469 786 29
605 350 29
637 880 29
687 647 63405
410 2375 269031
2496 671 29
1659 1837 32
265 2056 1243
538 326 29
1331 812 15066
1252 1273 46
2114 1637 29
1796 1616 19925
1940 1504 29
1602 191 29
1065 2471 356217
2049 1486 29
256 2215 29
1195 1847 208906
1415 1035 29
2334 1301 8677
156 1327 221830
952 159 29
28 2223 29
224 533 29
765 1513 81214
933 199 30721
306 875 181955
1447 1472 29
1848 750 106639
1970 763 29
744 45 94787
1753 763 29
438 2221 33
604 659 29
2300 1128 34198
1213 446 32
1447 2093 29
258 553 29
2274 440 29
2171 1436 342552
387 1656 33
2041 357 334126
581 2269 29
1197 1468 29
1522 1837 373247
610 2056 33
1101 2245 90660
15 1248 58566
661 1796 231818
1406 699 108896
1159 2436 33
2172 1631 29
1935 1470 29
400 2339 29
1011 1521 197490
1525 1175 35
1675 1399 147593
734 1312 29
2350 2137 338102
2130 1538 29
1950 1203 328392
855 1617 199474
974 2074 96251
1041 52 32
2000 781 37
2395 954 29
2206 684 29
1142 1601 73143
2110 372 183380
942 851 32
1637 590 38
2488 477 29
1448 1182 29
1375 1453 32
52 401 17826
1718 845 201590
160 1108 29
956 1131 57954
1781 756 23856
1130 1818 8138
1446 2399 69835
909 323 9127
2427 1130 5319
2301 1830 35
2300 1130 67730
2213 1298 29
2258 351 172454
2382 1902 5868
2075 380 116112
1319 582 398275
2373 164 145284
1164 1544 173673
2223 1165 23306
232 550 33
285 1658 318
544 830 196207
41 1231 137543
1519 188 29
1918 1713 32
1758 68 29
1058 77 37
651 1933 32
1456 1367 31
1211 177 29
2444 203 101685
1122 655 29
1408 968 73555
1166 1840 29
2423 1458 394417
1237 553 36
692 733 51392
1839 221 29
249 934 33
1361 799 32
38 2041 29
2355 2487 29
969 2366 34
1227 294 33
1254 2312 30
1830 1099 244893
547 60 147131
2495 712 29
2372 1734 305
2192 417 216010
1747 1781 29
2429 1180 321462
1249 1370 32
1165 564 321315
721 1771 228430
890 184 4092
1520 411 29
1208 2477 209
1760 378 49
1110 2122 29
1919 1089 258436
478 719 33
815 155 29
1545 1092 187823
1076 743 47816
665 1287 314849
1388 7 29
1181 2214 37334
2168 119 178989
369 1851 29
2015 666 10968
704 1281 29
604 1496 29
2131 440 96728
326 1188 347990
977 825 336941
1697 2301 115203
317 2251 37
2389 2274 65
1090 1299 37
878 1635 36
673 2085 29
24 2224 29
1747 623 262242
1772 703 338187
1853 786 80809
819 1061 34115
2474 1378 30
26 2209 1068
816 760 29
2358 644 29
641 1104 29
1650 1448 104286
450 1054 116168
2247 170 176684
2186 244 245147
747 853 29
511 1664 29
2165 41 362248
2132 1931 29
854 1650 134572
2424 532 51656
2056 559 29
1981 2078 14843
270 1384 29
913 819 29
1973 2215 1276
1476 2283 29
2134 2372 53
1302 1508 34
870 643 98642
2166 677 29243
1446 391 29
1479 1031 28941
2453 1163 29
1686 949 46
2398 1203 29
1986 551 32
1263 1282 336112
2293 1435 29
1150 2091 118352
332 2127 228048
544 2272 17963
1004 2078 29
875 1304 182482
1435 1142 32
1310 371 9926
1688 39 3175
442 1997 71417
676 1918 35
1026 1763 74685
1557 2387 33
237 1291 2264
1026 660 77487
1232 2028 373652
1806 1335 157938
1440 2454 29
1430 1140 1345
2424 1073 123762
1907 1630 29
583 319 45298
11 1502 63626
704 609 255539
2010 880 29
1025 821 365940
2323 961 32
30 192 29
992 1315 18937
2040 124 29
2490 1660 112981
2429 1155 29
1313 1428 157232
292 544 29
1466 707 33
1820 1141 29
1 1162 29
658 1570 10711
2434 1146 30186
2451 1504 247654
1567 735 17415
572 1499 29
2030 1597 38
2485 176 260102
2164 2315 31
2167 59 38
1750 142 29
1895 608 131213
807 2129 6536
757 852 29
1647 2135 31654
2315 1669 29
1523 1315 29
559 2273 112395
2282 2243 29
1885 1713 29
592 2396 29
1048 43 29
466 14 35
2247 2022 141503
2014 2194 29
9 1880 29
1444 2089 32415
617 1098 4738
1331 1160 29
1332 420 29
1040 2411 207345
1567 349 45
879 1738 29
1033 1791 29
77 1749 29
930 2121 29
543 1375 121983
647 1068 3083
1752 2181 36
1567 1687 29
929 2281 1452
520 1874 32
2033 671 29
176 1324 867
520 629 1903
1315 2394 212108
932 993 29
787 1834 355750
1164 2426 154925
1382 1984 266282
1469 1744 32
906 1402 3036
1253 1518 29
2362 1226 29
144 634 306293
2179 502 33
1627 233 29
2257 999 29
1927 127 30
826 190 32
985 2415 29
2249 1993 329685
1101 751 32
1001 917 33
1698 2255 29
953 1021 46998
1799 338 32
606 839 34
1714 1963 18374
1426 1628 29
2319 2348 29
902 1115 29
2399 567 142149
1545 147 29
773 265 29
1607 1346 40123
2046 677 29
308 1778 29
1792 206 29
1262 931 251674
1510 1321 88330
1670 31 913
2423 291 32
963 2485 3631
1923 238 2178
292 2057 31
798 2248 29
340 1818 316533
1439 2081 127656
543 2237 39
1602 2343 29
358 2081 32
336 320 7009
2017 1939 29
2346 1133 349502
1654 541 34
617 960 287613
1216 1195 39337
722 1502 32
2496 658 27961
702 2039 37
425 1103 32
1898 1504 29
2187 88 764
1064 624 168
512 800 29
2456 1094 31
594 708 76741
971 2129 29
151 762 29
1992 1396 266603
406 2258 7751
1028 1206 29
2227 135 31
1896 41 643
931 1896 155700
7 1127 7452
2414 2471 29
1968 2196 359636
1403 667 29
818 1941 67740
403 1540 87271
836 626 14770
811 1106 38
81 1813 29
1557 2031 199970
1447 1556 293731
212 399 126562
598 2287 6519
1593 982 287213
867 1773 29
2500 2119 32
1773 365 1008
2037 7 29
462 2061 29
2422 353 119795
872 1891 29
697 1545 179034
2065 2401 29
1249 1656 40
1435 1575 212548
792 978 29
2230 621 13254
1452 659 37926
2258 33 87719
48 220 47
769 1437 29
1363 2460 32
884 2376 29
1080 583 317138
71 1947 125909
1734 1213 38
739 713 4663
80 2142 29
955 1660 29
555 1880 29
1397 2103 29
353 1150 33
1015 1805 32
1780 513 29
1584 819 41027
106 1744 629
2191 2351 125
1743 937 29
2252 1894 29
1434 2298 41649
15 1555 146686
1606 614 29
2275 1847 29
1632 1354 29
1590 1558 29
249 1466 29
25 436 32
2202 1838 29
718 394 1060
415 2081 29
1014 1963 29
2180 97 14504
2313 716 154932
696 1463 29
2103 2008 249801
647 875 29
96 537 195247
2363 1376 29
630 1178 29
1884 452 29
796 1140 259079
2063 893 20085
1431 1449 29
2 214 37
2236 722 319872
1644 1971 29
1279 1435 29
1944 2348 76767
1994 1157 37
165 1900 29
2337 1176 159471
526 306 29
515 1927 179051
1338 1925 29
1994 1980 29
412 1983 29
2273 482 302592
743 1126 29
1047 348 29
1066 2199 32
643 1865 152117
2486 2031 23040
1605 496 29
785 1425 86305
282 2129 394697
1629 296 47
2308 649 29
1378 896 16957
123 2173 29
1571 1527 29
1741 403 38098
912 1804 31437
1351 329 139259
2100 1029 49
1089 273 29
702 1883 29
204 2210 29
1209 1261 29
1004 300 29
454 2422 39
596 1400 84570
243 2466 32
1847 1865 87075
195 398 29
99 33 29
2389 377 121820
2000 1925 333001
1162 1323 29
1727 606 64044
2156 1662 14468
660 1512 47063
1515 1667 29
596 1082 215617
627 1289 31
2188 961 102157
1279 1085 3199
1458 1474 32
1726 84 29
173 2191 31
44 2481 164973
867 982 195364
856 379 156839
553 1204 32
1847 208 183635
855 236 58977
1895 2186 390750
140 952 3298
1422 1705 29
1739 1916 29
177 2450 29
2013 1968 37
52 1026 96838
90 1042 29
441 284 49276
2326 1783 29
701 2376 36601
1517 1765 76337
1771 369 79479
1860 2143 15583
488 1408 29
429 1905 4616
1208 1901 29
1274 1544 31
311 1002 33
1099 553 41223
778 103 29
1353 2329 30
1889 404 29
1008 775 57498
1728 1004 139673
376 1045 323732
255 309 29
488 862 203995
2279 346 9742
842 1619 29
1345 1600 29
1225 260 30175
1814 2268 29
889 968 75
271 1465 31
2102 1053 32
1694 2034 100602
882 676 225098
685 2472 167505
1046 832 115362
2137 227 83405
1391 1767 752
730 1377 29
1064 2484 112381
1176 2481 24548
1075 2071 117644
2157 211 6066
1182 936 32
113 58 256543
155 1044 29
2171 947 29
688 880 1142
814 2338 29
2294 2025 50408
1326 1149 86416
355 1799 29
914 482 29
480 1909 33
462 1200 38557
581 128 21588
1478 922 29
852 2126 113194
1347 989 32
664 1865 37
512 2481 29
2322 2133 29
803 941 52959
461 959 25693
824 273 317434
496 1844 29
1386 374 31
2332 1119 2706
194 1603 104340
1573 308 178503
234 2336 32
1346 381 29
758 1877 153541
2137 364 131491
128 262 63128
185 868 29
1165 499 32
1168 55 29
2257 1243 32
421 2333 29
445 200 4493
1552 2244 36557
1215 1956 29
1140 1861 42
1947 1291 37
2300 2106 29
1467 2140 111898
2025 38 258211
1384 1139 152966
1513 1449 29043
1755 677 2071
1044 2036 4385
2048 1450 29
1582 128 31
1083 2374 360651
484 2448 87893
982 1173 29
1616 1779 32
1431 1006 31
1838 247 89173
510 310 33
2119 1160 44560
2040 404 71306
2034 2411 29
1314 429 29
1445 1031 135332
187 689 17306
34 1695 224339
1583 742 43389
2134 1507 54392
2439 2262 32
2062 82 333924
1001 529 274289
1738 1633 80679
1842 2417 29
331 2438 71083
1558 302 29
2349 458 29
1544 2204 62610
2282 1772 472
1317 2467 32
1818 454 312126
578 1421 48
2453 172 375351
1533 1516 271395
1079 1234 212811
217 1160 29
1695 2497 364434
70 1774 393002
559 1098 170533
2086 617 29
1543 2289 44
752 1761 85958
2212 2318 162698
1649 560 32
339 473 32
1558 1110 115847
1544 1188 7636
1019 495 29
2068 553 32
1098 1229 29
1017 1113 209942
878 525 15036
1587 1351 5651
1669 1251 335298
1916 572 29
1381 487 19554
2103 1737 32
370 1308 116804
2142 506 311005
2443 1357 29
511 603 31
1659 2225 29
1478 1281 57389
1552 1689 29
942 2478 186549
1209 1701 124033
616 154 29
2490 522 327048
516 1251 29
1324 1506 29
855 964 54
703 979 30842
189 113 30
587 1209 3852
498 1201 1411
1815 2241 28103
1222 2234 30597
1782 1718 29
1025 1539 27737
1282 1611 151423
2006 1895 196891
1073 662 340719
1233 2091 290323
2428 537 333327
663 1537 29
2274 1640 4537
1730 133 29
469 2343 382760
1033 345 29
1552 76 53
1350 2410 29
1644 1731 119390
83 2424 32
89 83 29
1224 82 72097
218 2147 29
2494 1267 29
320 2108 29
1547 2218 309151
21 1412 29
552 1251 43
2323 689 13348
199 1273 291630
465 26 29
1560 982 29
1083 1277 29
643 1782 135895
1394 2170 29
775 2324 1310
920 487 7043
1546 1917 387976
779 1998 30110
1984 343 33
119 1429 152081
822 1046 29
969 2359 354304
1715 732 29
2182 680 288529
608 2416 29
321 285 29
1777 1489 29
951 2220 155930
52 260 76
431 558 29947
464 154 54
125 309 32
647 50 29
2211 1829 29
833 538 31
144 2114 508
1051 308 2139
2089 1800 29
341 1121 145149
1321 1553 31
450 2091 234274
1352 1639 255764
1693 1887 32
2383 996 29
2205 454 29
2466 1797 29
2415 1813 108056
1982 2378 949
1788 953 264665
53 601 29
917 318 29
1468 1356 29
1272 243 250507
1983 1975 29
576 2049 114773
490 2136 29
577 664 29
1905 1410 31
2088 1991 184332
2141 2192 93560
361 1110 32
712 549 22371
1442 1910 29
2140 427 141108
1547 2160 39
1504 821 89599
1361 2271 16583
492 1631 171803
906 2430 222
731 2138 29
1715 1383 40
1444 647 257951
803 2009 29
2316 410 32
813 1500 113947
1859 2182 32
646 156 29
157 1511 62215
837 1571 29
40 573 29
1181 293 29
642 1392 29
1744 982 1861
2001 68 89212
820 453 29
1345 1723 29
1331 1930 38
2294 408 29
321 2308 50894
523 2321 29
689 1006 38745
2044 926 38
1346 1340 307099
2128 891 333912
1214 1454 29
1175 2228 29
1056 944 354712
2205 1130 217690
1671 1735 135417
1729 1572 8854
337 1243 29
1194 1687 308650
572 834 24899
1642 1570 16693
1425 281 29
1486 1938 32
2414 615 7203
491 144 33
2044 1608 29
1310 698 107701
858 255 32
1725 70 192844
1256 1815 125487
2228 795 29
544 1154 32
959 1965 30945
98 1549 1913
1911 1718 29
1588 2250 5004
85 49 659
1932 1964 35189
73 1432 29
865 414 29
2037 1357 29
2273 2323 29
925 2236 30
109 2106 134962
1065 2082 29
867 386 107497
1668 2239 74678
1781 1485 29
1987 1443 29
2244 2235 29
99 656 32
2009 2173 117525
506 2282 29
2188 253 29
1467 2309 29
1019 1828 114209
526 1155 153322
1933 1891 39
1826 1921 29
2028 774 72183
1050 621 29
200 2103 29
1928 676 46517
1936 497 29
2283 287 29
2320 341 232986
1811 1165 112895
340 875 67959
240 1522 263344
254 5 353390
32 1112 29
1958 2009 33
287 1826 24933
2435 532 29
1078 341 19746
571 444 29
1991 1910 353716
1562 885 6537
1152 589 31
1491 2158 29
47 788 31
1642 1063 29
2080 1511 29
931 1231 29
1225 1021 228056
83 118 95
1133 777 29
594 1932 317377
1061 1967 32
2003 851 29
913 2357 73844
939 1722 51802
1564 1383 390831
339 342 33
1 1537 114233
440 1248 32
2327 126 29
2069 2141 29
2478 1725 38149
2052 2000 308195
800 2350 160183
170 2442 120135
2092 663 31
724 2363 5002
1281 1177 64
1631 634 369604
2030 1385 89660
1205 1372 237166
356 2013 29
1674 2477 32
888 1361 29
1077 627 29
2208 1882 29
1341 2292 41555
73 2332 31
2221 1454 2245
2489 2322 16820
1316 1845 29
1976 2401 29
2489 1835 32
515 1562 29
343 203 244597
116 630 92343
2181 1704 29
1826 1135 29
358 1473 282119
475 638 297300
1438 634 12035
698 1382 69656
93 846 29
60 1620 117149
2273 1278 150423
1550 1402 1072
2379 76 47200
2368 502 29
291 1640 15993
650 1137 48017
2264 1203 62397
1067 1167 29
359 432 29
187 744 80527
1603 580 32
1555 1978 58
1821 2183 75
260 1287 29
979 1910 163944
2109 1871 32
1205 946 32
194 1993 29
1787 2250 1637
1900 2419 32
518 604 94474
623 1034 34
1363 228 29
82 353 29
1085 863 29
1047 1478 77935
449 2147 32080
821 1273 33
503 1265 192730
877 2025 29
873 1161 29
139 1087 8331
2424 1386 229613
536 670 29
2388 698 29
505 1212 29
1220 1787 29
2433 946 34
983 1150 29
329 184 29
1497 306 9147
632 975 52
1383 1920 821
2151 1292 29
1227 1972 257944
2075 656 29
2292 152 32
1545 1396 49328
875 280 29
2202 117 37
438 519 33
214 1698 3537
1088 79 373342
1192 825 33
268 1576 265413
381 4 23903
2484 1601 269753
530 1876 29
1788 134 29
30 127 101
240 759 288773
746 2009 99788
1083 1209 3523
2136 810 31
1175 1783 14148
1044 1128 29
2446 2436 37
1590 1044 56930
171 383 29
2448 1208 84751
181 1029 29
1096 533 176
2127 1821 29
339 2447 29
91 1118 281335
1649 968 8799
140 2175 29
917 883 29
2303 143 34
141 21 29
689 373 386196
192 2180 29
2246 1556 29
1334 1644 192060
726 263 20744
655 460 61423
2333 479 32
364 1018 29
808 1340 3089
1942 1595 10521
565 1752 242491
1884 801 36
788 881 29
1935 1922 31
1330 678 29
973 1274 29
1037 2061 178911
2391 761 29
1264 1850 29
1090 1044 184310
517 37 8427
1933 1575 29
659 1686 32
1653 841 195817
1708 157 123581
1598 1829 328986
803 2379 218752
1757 1450 76338
1853 1076 29
1648 2029 29
887 1396 29
2277 2166 29
13 2262 29
2425 25 29
1018 1802 391805
1862 2177 51312
2140 403 74
1929 1427 29
477 2084 33
774 1843 128426
2226 1790 29
2189 925 115087
1875 1977 36
2330 1625 29
2195 1089 42686
830 1098 29
490 1000 44534
1297 407 11697
1576 828 32
2445 397 265278
1064 1327 48
1686 1394 136972
2371 1862 29
107 2311 29
35 545 29
1519 1545 334752
380 1030 29
2414 2085 20578
417 1866 29
1728 2361 62562
389 1415 29
1210 158 148
1873 2354 264391
1960 1337 118350
726 1883 29
404 1672 30
2428 1774 29
127 1201 6964
336 897 10459
1875 842 2198
1713 621 21444
1745 545 29
2488 110 1005
475 108 29
608 1088 44
738 1263 29
1441 1729 220994
122 1874 70977
1957 2043 29
520 988 38
1212 372 218068
849 968 42281
1894 1141 343265
2141 1687 87762
425 1275 109541
2120 2351 29
1156 1668 308813
1464 1724 29
1326 898 158343
2224 445 29
2326 2242 65727
1857 2008 33
1914 571 308323
1776 711 29
1869 2078 32
2479 666 69
1638 2254 29
1565 2035 29
1805 228 9432
2355 594 71193
420 206 31
599 1404 32
1354 897 14853
873 174 140221
828 1604 29
1770 316 32
1049 1862 37
1613 259 146040
1861 64 32
2065 561 33
1125 1111 29
1940 1985 341225
1951 1151 2696
1840 1642 39646
859 1655 29
1629 1184 365357
1138 1816 255151
748 2385 29
223 1338 78027
2316 2340 300066
1228 1188 29
265 1703 43701
1221 1792 200554
1749 2407 17380
1795 2075 349425
703 2142 29
2324 1100 110270
752 2408 32
2273 2222 139375
1951 2351 31
541 1965 29
1600 8 396898
551 1952 29
1500 2073 31
154 808 34
1301 1651 151898
2236 78 217
1760 1895 29
169 2463 246542
516 30 829
1305 734 33
1241 664 225453
2391 715 147701
1488 2440 29
1962 879 320926
1287 1358 29
335 836 29
239 159 17801
937 2303 32
759 1164 29
222 1130 29
116 659 241673
1079 2416 46148
306 543 11210
786 1211 29
2095 2252 37340
820 1515 77553
505 441 75132
1200 1734 37
33 1273 106803
28 1003 32
1666 39 32
1031 338 1580
1281 1339 196428
1269 1388 37
1234 2478 70348
1039 1271 34
1645 1126 584
1583 1249 38
2314 401 29
558 2215 29
1875 2058 34
1775 1476 29
343 6 29
1038 692 29
286 2134 29
156 1666 64
2357 1120 32
1053 16 32
1333 301 38
2023 47 32
967 2061 361468
1280 1014 147468
1950 878 314868
898 553 13650
1233 2235 65873
2123 1606 125302
1924 1382 29
2122 1275 227755
1555 749 8096
274 290 326905
831 1773 25264
374 2039 29
110 632 190008
1164 1248 29
1555 1444 142020
2412 2249 3137
1734 1190 250043
2305 792 30
1218 2330 143100
1949 2015 29
2463 1293 50197
635 1313 29
1334 1165 34
429 2190 1113
791 2306 173521
120 1339 17105
2001 2374 29
761 1316 25629
1479 1600 285333
2384 1221 31
2406 2365 20474
681 2365 29
500 84 31874
1515 1582 47
560 2221 149303
767 1376 29
1164 350 13291
2266 1823 29
2023 400 352054
1868 1379 67123
531 1362 98375
2079 120 32
1096 254 29
1618 1454 32
1382 1225 32
1779 2374 252582
1733 1709 377637
1377 918 38015
1776 886 139705
1496 669 366967
2437 1204 93379
69 2268 29
1959 1941 38
1401 2379 29
375 90 90653
1760 2489 114408
1224 906 64
2036 1562 32
34 917 97691
1514 655 29
1594 1455 29
1296 900 35375
2143 2058 27608
587 1721 53
616 2189 32
486 1376 41
2060 1896 29
661 2334 29
1870 447 19773
1700 831 29
1922 1788 30
1289 1678 21010
497 751 205054
244 1295 38080
1258 1418 33
411 1736 32
1624 494 3374
806 1075 36
1393 1590 247659
1668 1093 2205
2298 1713 32
1959 1138 311055
2321 1740 29
1181 1931 45299
1429 233 29
1024 2272 29
12 1800 319981
356 864 85535
1627 2040 542
1560 38 240346
984 1178 29
588 1895 56581
547 629 29
2163 103 29415
1717 67 63
949 198 5692
690 850 29
1859 1514 48742
1384 877 10394
347 281 37
902 1625 4361
1099 1277 130260
2233 457 29
1106 2036 29959
998 1813 217975
1464 767 29
267 457 316377
39 818 29
790 1530 29
1128 175 298
2403 1998 75770
2239 455 29
772 1943 29
2250 1027 50
2434 297 29
1853 837 40
1808 203 32
1795 335 88584
1883 2366 174789
1031 312 35973
1422 2077 32
661 1365 44300
334 78 29
1584 1282 351861
1566 1760 29
1718 1279 142285
49 2155 39
526 1860 29
708 855 44
2110 2062 12794
469 904 39
2152 1039 29
893 2313 29
186 150 57
1000 503 32
2281 2346 2396
333 2340 35
1038 2239 32
686 198 29
1593 352 37
725 2098 24395
1808 1501 29
325 1268 29
461 1479 29
34 1523 29
172 448 29
827 2150 29
1757 666 31
2059 152 37
500 1050 19370
15 215 103887
1960 2039 374885
2449 1190 35
2478 1286 29
1138 170 67284
106 1246 37
840 1347 326991
1905 2286 389463
838 1294 5252
1732 2048 29
2178 1677 61988
853 116 93091
27 1485 4763
1586 36 224780
1184 1337 311900
426 1440 3056
2354 1684 73
1875 1537 37764
1819 549 29
1066 21 92708
498 32 337361
156 1649 32
2127 2482 184524
592 1903 174254
1178 2468 31
1612 1967 29
1009 2254 29
2220 1568 29
2141 718 29
1899 1065 31
2048 1942 33
2228 182 370
2390 1188 33
781 1100 29
2425 2220 7169
1721 2 33
1413 871 458
179 2331 29
562 2256 29
907 12 32
2482 386 349619
2175 19 44
1144 1863 44806
1783 1553 24479
2257 1094 57
1066 2269 163077
1103 1828 39
499 269 25342
1105 861 29
2051 1541 29
603 2482 301290
749 198 29
538 150 29
785 838 32
107 1979 30
219 24 29
413 1678 29
2350 556 142177
861 1148 10328
1726 234 29
96 611 31
1707 1047 29
253 1764 29
2218 792 18119
1526 226 29
2205 905 213738
637 571 315497
1995 2360 29
2276 1183 29
1888 320 37
700 198 78498
511 721 29
2196 1372 392683
50 886 99888
2328 2479 30814
539 1643 29
183 842 39
2071 1941 205629
784 1406 11863
798 2147 129514
341 86 29
282 264 29
676 134 335500
47 511 33795
1067 1421 29
1960 164 128902
2169 867 250924
1960 2233 37
286 504 29
753 2275 312682
1483 1379 29
122 2197 37
1324 2482 67740
1864 1411 345152
1697 1432 379137
1058 1248 107939
2036 2010 77365
1723 1559 32
2095 623 13748
72 98 263055
1308 998 37
2255 2440 262211
1712 1673 29
2285 857 227460
425 1856 12853
2434 1695 324665
2307 2133 29
1956 2297 64354
1545 2293 357596
2434 1681 31
1258 1913 80
1490 2320 32
2340 1434 226897
2426 140 1830
1007 1248 286737
688 1909 13980
827 2161 235211
845 529 359497
334 562 32
529 2214 29
2068 866 32
1623 403 378438
2300 989 48126
2469 47 246714
844 558 44
72 2400 32
265 556 32
1406 1297 33
1944 2295 73
388 437 15750
1246 1908 37
1164 52 145044
2227 1850 54762
669 5 29
1644 1748 30831
933 1809 166575
2329 1504 51782
1080 489 32
1288 267 32
1195 352 29
913 221 281019
737 1923 29
948 742 29
2055 834 32
542 2044 210353
727 1074 91475
2356 634 29
1401 1463 65590
1630 926 32
1171 1542 32
996 468 29
236 117 243049
472 540 323606
144 1952 361369
60 1614 29
542 1275 29
2285 107 32
2284 2232 77082
417 1380 288282
626 2454 31
92 1495 50
798 404 182313
1720 1217 21357
1379 644 31
210 1593 214717
500 338 135875
1044 2274 89075
2132 1287 287
2337 2313 90189
1891 986 21722
1548 1354 368367
1063 945 29
1686 2305 315795
2352 973 29
408 1339 34
1344 1550 32
167 2054 110303
1641 1854 330040
1735 1481 29
1168 1828 3336
345 692 29
1319 1406 29
79 2412 29
625 2476 331528
600 1668 32
1591 276 29
244 1758 66440
1210 938 85554
1259 511 352156
1591 2152 39
2407 1982 29
1990 371 29
1491 663 163233
15 687 29
1971 2140 8841
179 1977 29
669 2283 302655
2277 462 2862
1680 69 218092
1045 626 33
2392 1032 32
1452 1170 29
2448 1506 291228
415 2482 203696
2006 624 29
2315 225 22730
10 1910 85520
1640 2225 315363
778 10 29
2346 1608 33
1941 1358 335973
508 2274 49
1322 1278 29
2177 837 88220
1140 1747 29
903 167 111482
245 1643 33
1718 1947 1450
814 773 198531
1822 1539 387193
479 1100 283051
547 841 32
1516 263 29
1218 1784 213
500 1582 25267
802 1961 45
1885 1347 333479
2200 1759 142383
1128 322 52151
938 1442 110796
248 2257 361017
1604 91 143909
2420 539 29
609 597 29
7 367 123416
1540 919 29
251 1219 37
1178 1194 46
1795 819 141070
1509 2299 106
2280 2458 29
894 1621 30
2089 610 29
1929 305 61662
2233 1709 93
663 2111 29
1850 1146 76479
1216 1969 70377
1144 2190 29
81 1280 305046
488 2435 29
2499 876 31
2100 262 29
1667 1017 384064
1692 1675 43182
313 1390 36
450 2294 43
1479 1667 29
2010 366 29
2386 622 147629
1591 1203 32
2399 29 58458
2343 1922 215374
1933 1424 460
487 2182 153702
1044 1452 2686
1518 191 213719
463 2193 29
2470 2178 2423
1744 1365 32
244 2482 168648
159 1 129816
315 507 29
2067 1438 32
1230 659 358350
523 1292 285433
803 1990 130
1837 595 29
645 1135 96694
1069 2287 152636
575 940 249005
1279 1000 163123
1857 2472 29
1749 314 32
2112 2477 29
1745 2146 103
1301 774 32
2318 2222 32
2414 1741 29
858 1002 29
1858 1306 38
1560 1198 29
1983 592 15999
1868 358 29
1403 2415 29
498 2491 355115
1329 166 32
1078 1823 53
327 2307 365399
1303 192 83700
2350 1697 33
1661 228 29
447 2428 29
1942 998 77
2471 253 374895
1786 1085 29
923 533 230899
1716 2042 29
1431 2113 87986
1543 1458 134694
1816 2295 95681
1601 380 21190
281 584 75668
1831 1703 29
434 1451 32
1349 828 15122
1599 2384 330434
673 1041 50176
457 319 29
1238 1156 34
454 2127 29
266 2411 292844
548 2360 32
1738 2234 6082
92 1496 255020
2463 1927 44
1698 745 38
841 1722 131699
1895 2445 33
1499 2074 29
1565 980 31
1052 859 57157
1727 753 361556
1692 2278 29
765 1657 31
2304 878 29
2391 1191 32
252 1069 233952
938 2136 29
687 1500 326129
227 1828 29
1230 389 32
2299 1776 33
1236 1748 29
889 853 106295
1868 2306 29
2447 1881 354200
2168 436 32
1214 1791 188617
636 1177 13206
660 740 40692
1081 526 37
1615 1538 5410
1365 40 29
912 1476 47307
1779 1133 269809
37 874 48
786 1112 9168
1809 1281 67049
2432 1052 29
1873 1610 32
1131 626 67533
1800 1000 87525
1805 1784 29
395 1413 242089
2096 717 395898
1677 1626 69118
954 1425 255114
578 2020 32
1212 605 241233
2026 393 29
1261 1653 33
1650 1618 13459
1721 633 1457
1147 69 29
456 2245 29
928 2468 29
233 812 107708
1671 2332 32
771 2054 32
1756 737 32
638 1684 44353
968 1456 29
1490 1550 29
298 12 29
80 2201 55008
292 1968 29
2293 1054 32
1763 2361 31
2368 2420 45954
397 951 29
240 1469 38863
1817 2088 36523
642 326 51932
1459 1569 19200
1172 1890 29
1458 2180 120972
902 95 52393
224 1811 31684
1817 1998 29
454 1353 268094
1358 776 140914
1959 793 29
1974 1975 29
152 675 100799
1331 45 29287
2069 1310 30
1545 2033 272667
1331 570 91459
1941 220 29
290 1432 53631
2230 656 41133
470 941 29
838 1864 29
473 1508 29
1172 1624 68297
420 697 357558
1530 1899 1907
1282 1836 161667
1792 1030 29
2279 991 29
973 738 286764
992 1935 296381
1810 1491 37
2296 504 1138
860 1019 29
2293 985 254166
1045 1684 31702
620 941 379010
1417 207 29
588 353 356505
1461 2185 29
2266 1701 150994
1031 2263 209850
224 315 280422
1288 119 217368
2195 1078 239877
481 1386 29
1170 2274 119930
1999 2109 29
1069 619 29
1535 374 195948
1961 1531 29
542 1302 343584
821 2484 29
2116 160 29
2400 1633 29
2139 68 29
1195 8 14022
1228 2107 352761
2079 1731 29
2229 2095 29
1126 1488 29
2113 1092 29
385 266 29
1481 2230 45
534 634 32
513 1521 37
2251 975 29
2404 1750 29
569 1951 11315
380 1652 29
1662 564 29
341 195 32
682 2019 281758
1719 1941 29
1530 2124 32
1155 680 29
2179 2369 29
1718 1889 43091
347 897 29
1237 923 337006
374 2151 29
527 1915 29
1717 732 29
156 1619 88299
1419 1622 29
886 2211 32
1546 985 87326
1428 1167 32
456 1119 374457
2435 1881 32
1260 1265 45739
152 1649 426
1192 523 29
1683 488 156574
1098 1997 785
369 2485 38
976 1132 30851
2364 446 169444
524 1881 29
917 2051 28138
153 360 847
2016 762 29
1827 1887 29
2131 543 29
2251 1015 29
174 337 32
1187 416 41
1526 1118 1051
2040 2185 24534
1100 2231 29
349 926 210358
738 1079 29
1822 1734 316488
1493 714 32
2190 2015 29
1032 1121 38
1368 1835 29
2317 563 280963
694 2186 50089
38 1473 9428
2286 1765 622
1235 40 9194
779 1886 37
2404 618 32
162 116 32
1064 1564 29
426 1640 8044
1094 340 287091
1543 2432 35
1607 2174 397733
261 1411 355158
1011 50 344278
217 1771 29
1536 1360 265732
701 1581 102709
2054 1498 29
2480 239 30618
638 1491 644
234 309 60527
56 750 331350
372 285 98255
1771 883 16416
2040 599 112773
370 1417 3021
2217 349 29
1866 323 29
1996 1391 29
812 978 138075
1516 1172 32
487 2433 29
2080 1223 82897
141 1696 174989
1119 189 293873
1616 1832 29
1659 1715 308
1119 2140 29
1645 474 378096
2248 1578 32
2174 118 29
456 2093 10216
1510 1144 269178
1284 760 32
1241 563 31
750 1396 187758
1620 2387 29
1584 1408 32
1617 247 64
656 2204 29
2475 480 333020
459 2115 227090
608 758 24998
445 2412 53
1254 42 37
178 1184 195260
1930 1681 9283
2028 686 29
648 2307 29
731 489 77427
720 186 29
1829 2237 29
603 2352 94006
2003 1916 361067
1538 1221 65943
1815 703 29
2378 1706 367373
199 2377 45
668 755 29
1719 1360 15861
1239 2090 29
926 1603 112098
521 1114 29
1609 647 37
456 1544 233327
116 220 22200
129 31 29
2227 2105 44405
1461 2087 3281
970 78 679
2326 71 139699
184 1733 29
98 1769 8654
597 2471 15003
2145 172 32
858 44 193473
1837 897 182873
502 287 8294
525 1132 29
2098 1714 32
328 104 27435
259 1041 32
586 1963 32
630 471 29
405 2341 111788
118 691 94760
1919 117 209752
815 50 80205
441 1924 12710
1581 2262 32
1037 1235 62201
502 278 32
265 1467 21033
2159 1069 183864
2381 820 32
1626 1383 29
820 1293 29
870 953 29
2178 67 32
2449 2113 44
1741 1523 75467
883 141 29
822 941 79718
1257 855 31
1213 1636 29
578 277 326683
1927 1654 237333
1913 2442 4350
1256 1775 29
191 80 33
1908 1354 30
1380 921 29
314 396 29
430 1278 29
2049 1601 153856
679 424 259928
524 2252 192163
941 331 29
2230 348 246
1951 1176 29
867 1711 29
568 179 45361
1156 1489 66303
1059 1696 29
754 1796 31
42 1221 66751
1420 1803 29
2487 2455 320687
26 304 86674
1237 1353 39419
1400 2013 210679
2237 197 259093
778 1450 491
1416 2017 140223
1182 215 38
817 629 51980
1204 403 234648
1718 1763 33
2170 346 29
298 506 63945
1582 1761 9142
2422 38 192202
752 289 29
1373 1786 199477
1354 849 61545
1215 733 61508
1828 1338 29
2260 175 29
2104 1017 29
2175 707 29
1843 2359 31
449 2345 219857
628 224 29
1601 325 29
382 1240 29
955 1991 88440
2025 997 33
601 864 6509
1485 1648 256632
62 1280 22356
1301 1832 186567
1496 1521 36
480 26 42892
1562 2086 32
2230 2302 29
519 692 227016
646 657 141
839 1110 29
755 1814 180627
308 443 315577
366 2409 222637
894 1904 29
522 1067 42
392 1685 29
782 2482 71763
1891 267 182973
1978 543 211512
1302 863 20927
143 2285 120664
2495 1309 49764
557 2072 29
2399 120 29
1709 1191 29
713 188 29
675 1487 29
87 263 29
484 261 32
2441 1650 29
1964 1971 29
94 2279 187623
2300 781 118842
658 294 32
1806 1303 93326
1148 404 200014
1113 1840 225464
2284 1735 29
1681 297 29
1060 2254 1122
1536 2204 217360
2352 204 312623
2382 1590 210168
1786 1819 29
764 48 32
1807 1465 30
225 2426 217594
1180 687 34
382 432 15872
2461 321 42825
283 433 29
2060 912 29
1572 2195 29
2389 948 155026
453 2500 32
592 2494 29
795 391 29
2471 798 32
1030 1488 5313
2106 1597 32
570 1775 160888
2408 18 29
756 2101 31
2125 1393 32
332 749 29
2089 588 32
1023 2229 2500
535 1073 29
127 1975 153890
2095 1583 15524
259 1345 137282
695 2168 67066
836 323 32
1962 1864 32
981 1146 32
1620 963 48
2106 457 234429
845 1915 75
358 2201 317322
701 207 32
1955 879 34
1739 1040 38510
1242 899 1671
2315 1084 29
1630 98 169707
2373 3 230792
2047 1023 29
1724 1655 201802
2241 175 226016
1813 77 191774
1528 560 343225
651 715 270920
576 1589 29
832 1276 29
1472 785 2572
784 676 29
13 1457 93756
1246 98 34075
923 1320 29
1946 2097 29
2479 780 29
1721 2088 32
489 751 34
2300 2153 30
2433 1453 32
569 2475 104338
2311 1086 89934
1107 1329 776
1143 1137 82145
91 1854 2424
1123 1419 109173
1015 1262 38
794 1926 33
1341 1948 37
1377 405 29
1560 594 37
818 2342 296065
90 1235 3626
197 460 34
911 1896 29
1096 1322 235097
730 2157 29
643 1189 29
1579 625 32
1972 1719 29
1553 1212 33368
2442 1668 38
612 2221 126255
895 791 330856
745 2384 44
485 1101 29
1187 698 20775
386 851 29
650 776 82463
881 1489 306421
310 31 317
232 1555 29
1087 1333 32
1383 1129 34703
266 439 32
987 129 32
1370 2461 47163
1084 1703 89966
313 2436 226031
1651 1724 79530
2110 745 29
1008 1077 150675
1852 622 29
1386 2104 2411
1503 1005 29
1233 2435 42
2490 1074 29
1601 68 275717
2257 990 32
1922 2473 3853
933 122 32
1865 922 21250
969 2399 361179
1683 2244 20093
1985 2151 224
121 800 33
2046 2162 55392
943 2298 29
685 518 29
547 1850 29
1645 1952 29
495 1885 68334
983 742 244992
328 1197 355552
1380 1814 53067
1176 2000 279855
1002 373 29
2066 987 29
986 944 29
693 2059 33
1327 247 20845
1666 624 222844
825 160 15894
2231 23 44
2022 2034 282780
1031 2040 217
1949 1726 90983
1659 525 44198
2027 1068 32
173 1702 201160
830 1859 310149
1892 272 29
278 330 29
2181 1679 312305
1748 2340 83534
2129 291 221884
66 2491 31
1684 906 80274
2119 2177 29
1030 1352 38184
1829 864 204076
1722 1480 4398
697 965 29
149 1856 6523
337 1080 192949
346 724 29
381 855 83421
1305 689 29
377 849 51230
168 209 640
938 2116 3952
1318 757 31
1974 1732 2092
1643 18 16397
1964 2064 16277
2181 606 4562
395 2487 4840
196 635 263371
1422 900 63195
1026 1139 78929
2465 702 199477
2091 1164 199228
1883 1297 15021
626 1719 7129
1708 1099 34
2209 1352 184638
2231 1299 11499
322 1204 29
1092 1332 347452
43 145 29
2417 455 117
593 1558 35611
793 818 69555
2454 668 35
1636 1117 29
350 910 29
2286 2120 225982
1878 1328 31
970 1084 117751
1463 487 28806
1298 2457 18591
387 129 24864
2116 1266 34520
1394 1184 33
1702 277 31
395 1584 29
2153 2213 29
109 407 29
2201 1343 29
1910 1772 29
782 811 391916
728 896 29
927 734 29
61 294 29
1246 1663 7781
1417 2126 270872
1462 1973 644
429 448 32
1736 2011 47
594 2272 32
124 1702 300196
896 529 32
1062 766 29
1018 2465 29
353 1564 9164
257 498 29
1375 1396 185690
1124 447 29
1444 223 29
1693 1462 32
1100 443 35
410 1681 29
2216 693 29
1951 531 45
2220 1966 29
422 1625 33
307 1923 64069
1334 1294 29
1498 903 29
268 1754 29
1360 2131 29
1095 2288 29
2483 2367 29
2396 316 349485
574 1400 32
1692 967 287700
2028 550 9166
2042 1597 37741
2110 2064 58030
1259 1781 211871
1596 1676 29
130 51 33
361 295 67549
1439 268 52289
1874 660 29
1596 265 88189
591 1873 254224
298 324 993
436 2177 205342
787 1870 151282
1525 384 149099
235 1077 32
2111 1372 108201
165 2388 42898
1280 402 44
2487 1089 19645
1944 1038 29
911 523 143568
2457 2213 18857
2360 393 30
187 1767 6227
1344 861 139646
811 231 32
567 1937 29
2371 1985 22432
1520 1502 138305
2235 2215 175839
1080 449 313365
1005 1991 25503
1522 467 29
2452 457 394952
186 1290 29
1011 1610 29
174 303 29
1167 1981 29
2156 1791 17188
1040 418 29
2085 2287 29
1564 1895 208749
1721 2019 362468
679 2334 32
214 1633 18526
550 304 7341
2342 1972 79325
1851 817 102984
1708 2395 819
1003 906 35799
1978 2332 120945
657 2480 33
97 1615 44
2055 2160 29
1470 1008 48
1326 82 232744
411 218 177955
341 1239 381260
2042 1026 169324
2196 1620 283423
1683 865 3313
315 357 642
1925 687 234766
1577 1625 32
753 57 29
758 1111 29
348 1145 280080
588 23 18137
140 1089 298661
197 1536 33
2488 2219 29
3 1556 32
1296 1825 29
1595 1267 4983
792 1295 100489
1238 2182 29
1646 1618 241993
1227 2271 29
2427 1750 270621
2319 924 32
2092 1088 367621
1583 555 33
620 2384 29
7 678 99594
515 148 101737
321 388 29
1619 78 377736
814 1943 32
618 2069 37
1905 1366 32
1273 1170 31
1817 2261 35
1757 730 119330
2227 1371 34
1388 1248 160780
22 2456 29
1720 2330 54935
1081 438 111936
281 70 29
1757 41 29
1841 971 29
2278 2354 81969
322 1563 1558
2329 1598 49
2399 270 29
1141 2289 29
2476 78 29
2165 1979 101809
309 1364 29
1272 374 69680
1834 398 102628
622 2007 15610
2453 695 55862
102 1269 32
844 2360 7158
1009 2427 47598
1900 1114 106356
1682 913 29
1899 271 23208
885 185 29
2403 643 29
67 754 29
929 1567 218002
753 893 29
1352 770 29
591 258 787
1752 1264 300170
2288 429 10813
1909 1393 29
1702 238 29
1052 1543 32
2095 976 3033
2163 1284 29
376 1342 312819
2081 2006 375145
1600 2387 52987
196 1589 29
2138 1390 316983
766 419 29
681 736 38
1494 1668 29
849 1120 29
1047 1470 329359
752 1966 12371
318 852 32
1638 504 181046
420 1264 38
2278 2464 279474
2203 1456 25937
2385 1239 237219
2392 1562 56
1545 1413 337589
1006 497 398641
2140 52 26967
2400 1474 2727
262 712 59882
927 59 29
33 226 72597
1070 1008 29
482 904 99
1801 1505 29
191 1060 314794
2106 2105 8571
1014 1586 78779
2288 1588 32
177 1167 13032
909 138 29
500 962 29
185 403 73902
2335 1799 2553
1535 650 29
2426 2012 29
2155 546 29
49 752 29
1173 1440 36525
594 2406 204118
2193 2430 231439
252 2434 127104
1800 1026 29
1432 92 26612
731 1028 32
65 1396 29
570 1210 29
2227 2208 139862
1679 2403 184559
610 2332 40651
1488 1432 342825
1834 869 5304
687 976 180753
2007 1035 29
615 2231 32
1682 1640 52115
255 1797 28001
664 1707 17060
1865 879 109053
1151 330 32
2197 1596 104906
1493 301 355946
1198 1084 273712
363 1223 256283
777 2436 124624
1864 1389 175865
1765 109 72
1221 2340 29
2297 890 78642
1621 1766 29
2176 737 29
2432 78 43600
1888 2109 324170
1978 2427 29
2065 991 338807
1712 1119 272419
1358 721 113028
1802 1989 11732
1334 146 29
860 1653 29
2320 1644 32
775 1581 29
1577 12 29
476 105 29
1831 616 99037
1121 26 29
1430 968 32
201 887 29
379 1260 53
2088 33 24878
947 1229 32
1483 502 258613
1934 959 29
2395 55 29
1493 603 33900
1981 870 317453
293 726 33
1972 1155 384821
171 906 29
1821 1 362894
1225 149 32
999 1325 351628
2123 84 29
146 2169 63136
565 80 29
6 856 29
2488 484 2119
187 1553 29
1401 230 29
159 1683 32
962 1253 88651
1767 2197 29
2457 1868 93
508 1744 110450
625 2184 29
1325 1692 29
1844 1374 19064
1768 1186 66183
1999 494 6798
53 2289 29
128 613 37
1329 1138 29
387 956 29
435 1893 29
2117 974 53
1040 361 105
974 194 147334
1968 1080 40652
1311 346 73479
261 1137 29
2470 804 29
1979 847 29
1911 2273 5079
2181 1096 92188
895 1890 29
1538 1254 29
140 2360 170282
967 1893 165038
806 2085 32
1417 546 1653
14 1342 301330
2020 563 29
2032 716 29
2322 2238 29
1061 1079 29
820 1495 123436
1340 1932 29
1495 2130 29270
2244 540 29
172 143 29
2487 2255 357821
795 741 93016
1611 336 29
669 1449 1417
137 900 6046
1099 1841 29
521 2493 35181
1761 695 29
2245 1623 29
239 2173 29
639 1306 33
762 1056 6099
1882 1928 9061
1180 2455 124536
2312 2341 29
1794 1263 37
946 976 29
2379 842 45
1265 1513 30
229 2198 29
1650 1180 32
1957 1247 29
1449 93 29
1073 1298 29
1779 1642 29
2195 1997 32
1316 2101 30
741 1613 29
1316 1295 320905
2389 1136 93370
868 169 29
1818 2030 27369
801 117 63459
877 1393 22214
190 1137 37
832 2299 32
1016 520 18545
2173 1733 31
1491 1650 16899
1091 1526 32
2366 2241 346280
363 1686 29
263 736 28273
2265 1540 32
1559 213 29
1132 2360 37
958 800 29
1172 633 29
2452 1659 29
778 348 147340
2223 2409 29
1333 825 29
2065 595 5299
1673 1252 103248
1046 1044 396681
175 86 119133
776 2201 182575
2226 1470 29
2169 1816 37
1879 253 40
738 941 3553
1152 1683 64056
1742 216 210777
885 971 47
1788 1641 29
988 879 102290
259 905 26269
811 2132 17106
1042 850 32
1851 408 30
1884 2132 37
1795 1237 34
673 965 34604
368 657 31
2066 1205 8743
1433 1390 179532
409 812 1469
299 963 29
813 1056 18555
1334 2370 9296
757 173 29
2431 1120 167063
905 118 5150
1340 2071 32
2246 1563 376866
1532 836 33
1628 1949 29
71 1698 32
262 2273 29
116 1777 105611
1694 216 29
998 139 29
568 1237 326902
1523 2024 285699
2475 1384 108432
835 483 32
1504 2397 32
2378 2449 31
45 1722 29
1784 253 70906
1764 1951 70
1510 812 33
2492 2483 29
2385 176 326809
1835 672 69927
2023 2140 32
10 2282 74997
1473 591 32
676 586 8449
2449 746 156661
901 890 29
27 149 221893
1939 1429 13544
628 267 146302
364 1490 79773
1581 962 5146
2436 26 3267
1901 2275 29
1735 734 2751
1522 488 5569
1770 1317 50
202 2165 82445
2477 1411 29
1561 2222 29
1585 900 33
1626 2417 5947
1670 990 29
1013 537 206082
2409 1018 32
2388 313 625
1374 384 32
2143 1888 24384
638 1803 156052
2139 967 29
1399 2373 29
1541 1486 7611
682 1317 29
1964 53 155894
308 1245 385537
1040 672 29
1958 1932 302885
162 1237 168202
621 299 36
1267 534 35
267 1664 27613
38 1197 29
1986 2019 37
1178 1859 138340
2472 649 32
2291 999 391639
432 582 33
1138 1920 23417
1663 102 29
929 247 173592
2152 2344 33
2114 1703 29
1484 625 29
175 470 133264
908 2477 323782
1856 1244 29
522 955 54969
1595 1903 119613
1341 2154 29
630 1263 281264
1285 1372 29
1654 1183 547
1908 909 44
2463 2180 29
1096 857 334529
2232 1278 3867
1840 1649 37867
101 854 278657
2205 1441 29
1113 6 276237
1542 1824 29
550 1277 244763
1652 2381 32
1948 711 29
2218 495 29
109 2290 99267
857 1578 29
324 1109 32
1074 91 29
1901 1490 58653
2028 1096 5278
150 1796 122842
500 1231 29
986 1072 29
1581 266 35287
1132 916 284389
1921 1740 29
971 2409 11375
1183 1919 396423
1537 1710 29
413 216 66090
1048 331 332566
1903 1095 29
344 918 29
2115 1532 29
2118 1742 29
1436 1836 37
620 1446 254167
1021 1026 29
497 1755 7339
1628 2327 48
161 639 29
303 375 32
53 2027 31
1715 1646 37
562 2210 32
771 1914 34
1061 1749 194551
265 2254 135536
1261 1855 29
1729 1521 5189
317 246 29
2242 1989 31
214 2050 35
886 336 33
1910 1576 67207
573 1897 29
1218 719 29
292 1574 36
1210 1305 155
877 122 32
2461 2299 85712
223 145 29
1238 1990 29
2291 1551 29
175 1818 29
1292 2136 351278
839 2064 4642
2131 274 29
2112 171 97972
2436 758 22317
2075 2318 29
36 503 63051
1936 416 29
1487 1129 38
1620 2448 32
750 1536 29
67 1055 29
2218 2234 29
758 648 32
1312 676 5532
109 1540 29
1184 2274 44966
2013 2363 31
835 1910 9339
1825 652 29
2314 2238 33
277 2337 3652
2423 2083 29
2035 328 61534
1398 1024 158180
848 1508 29
263 689 199453
865 159 3566
2229 1271 29
369 2276 105209
1573 1763 29
2455 1524 409
213 1199 360901
2353 365 27268
75 2207 228087
1279 2427 190948
1266 743 29
1874 351 176622
1888 935 29
1106 1377 381437
2131 1875 155971
529 686 338546
1405 2355 29
1450 234 6599
2123 287 29
379 2390 29
611 1976 29
2424 1259 29
2302 305 29
1768 2328 29
393 1747 270509
787 819 44
1532 1969 32
1308 2410 115526
1049 1812 212863
520 397 29
892 1764 29
1726 1767 352026
2185 287 85195
854 2489 57
513 169 15939
466 334 266500
1566 985 398522
636 1965 43
2294 1070 257605
1809 2316 29
2179 2063 29
1333 1599 29
1174 264 32
316 312 29
492 349 14090
1414 118 239494
1199 892 29
343 840 10640
2433 375 17170
2500 1480 200011
1854 706 29
206 882 95488
699 1446 29
663 946 24421
1594 499 37
1506 1902 29
1143 652 34
1412 1768 29
1301 684 29
2269 1790 29
326 27 32
741 268 32
632 1315 376401
426 2129 186704
1783 461 116184
2129 438 126147
488 345 214610
2276 57 29
1120 2438 64342
536 717 278582
1455 1794 17384
1266 714 284350
2240 1476 73892
470 1514 29
304 2256 36583
1159 226 33
120 870 12066
544 1593 155932
2176 1910 356328
1627 308 482
247 98 33
242 705 29
337 2173 27630
1762 246 29
749 1106 91907
744 1186 32
518 2445 29
248 1878 211737
756 285 29
1771 1867 29
425 2005 31
154 583 35
2144 531 352642
928 1689 10215
1746 1620 315477
1212 1091 40876
1961 142 2952
2400 1980 175169
778 582 16056
835 1020 29
121 1592 316914
1006 1148 29
1359 202 79810
2201 877 241232
2059 1914 29
651 2489 29
2325 583 29
877 559 32
402 2371 291114
1287 2122 31
1007 1844 38
1267 650 29
903 797 4563
1343 2500 37946
1051 1008 33
1652 1049 53514
1616 1498 32
236 1907 45953
967 821 37
2102 636 28036
1400 334 202494
100 1547 29
227 1593 29
1162 1178 43237
467 653 29
271 1757 29
906 2036 29
191 1279 138368
2366 1528 5647
746 2374 37
1708 476 42521
806 1998 81314
2226 1479 22071
942 1451 79671
1436 2391 79379
1701 1729 29
1003 1822 101614
1784 143 3326
2177 1606 2466
1115 1685 32
579 1648 29
681 1655 29
1612 449 103755
2482 1871 29
2402 59 292875
2179 1349 67
1156 426 13082
1822 2259 13880
293 119 166243
2385 1950 29
1647 1332 12109
1383 2349 29
1505 1480 33
1532 46 54530
1913 2066 29
1402 2200 32
1700 1114 29
837 1146 30
508 147 29
1539 2316 29
1277 416 292562
1545 319 37
1378 1047 29197
1675 1663 29
1447 653 3183
1193 1367 59085
2427 2182 177598
1630 2496 229
2162 924 29
2292 1039 60600
1568 1281 43
2182 1400 337583
3 690 29
2151 574 92180
1450 2285 32
113 1373 29
367 698 29
1546 2079 29
1169 200 32
550 864 47
2137 2114 30
448 298 92468
1032 2469 94665
251 710 29
464 1384 346531
1090 1569 348360
2218 1446 234914
62 1217 29
1503 1062 7505
1745 125 29
1084 1729 29
866 362 124351
2072 2047 29
983 2274 11470
1781 572 267170
514 2012 131281
19 1409 37
169 1228 2216
74 1826 62960
869 472 29
111 1619 37
2276 2049 43
1499 1932 6249
299 704 153770
2208 1416 33
2363 2300 397722
1529 1054 31
518 2089 56904
2089 969 245762
1615 238 34
1347 1598 36
822 1389 52
176 697 39
286 2332 308165
208 290 31
727 1191 374627
1368 1357 268529
174 31 1434
493 270 117569
2217 681 153368
1218 662 320053
1297 36 29
17 672 29
2375 1762 33
949 1798 31
1290 878 207796
624 1098 71149
2170 513 139429
1445 2440 32
1004 2311 141835
602 2149 29
817 1240 32
2457 1294 366520
842 2053 29
1660 1542 42
2150 1460 29
1391 1496 284225
1893 1200 29
925 1089 55721
89 550 29
423 2332 29
2416 353 29
1597 1348 29
1250 2092 29
969 1690 47308
539 330 45423
1295 606 29
430 1495 33
605 1295 79773
101 879 29
163 439 144923
369 21 166162
1997 476 25816
1104 877 390136
1497 1587 29
995 582 44
2438 1908 29
180 1505 29
2212 2098 29
1225 1398 11678
827 1650 40
86 2206 79
1593 593 62
215 641 29
1400 1898 70972
1457 1905 369718
1280 664 111412
48 501 98015
1525 1075 204355
667 214 338396
2380 2470 19446
1475 2433 60505
1874 1207 4516
2148 328 29
809 1993 29
1999 1846 151635
383 1009 29
1101 1791 38286
1920 1751 29
2165 74 29
1097 1963 29
398 2487 29
1569 2078 78906
1213 537 33048
1848 1605 34
962 1596 8670
1350 370 29
1517 979 29
1099 653 85485
58 144 6186
1765 1707 29
640 492 29
1387 1161 29
638 2334 29
1536 583 55
1628 354 1791
798 1128 199345
2178 1656 29
241 50 351518
1961 2489 300806
1856 1259 29
403 1909 29
269 334 29
1318 1065 31
275 2243 130924
1450 299 56235
1962 485 207270
2337 2377 4464
1745 1293 297366
12 1247 24912
267 2125 29
894 573 227236
1300 1528 212221
1039 2154 1964
252 522 29
214 2081 14742
199 2358 32
899 2279 29
1173 1436 32
1312 23 7186
371 2379 225899
1196 789 44
229 1121 29
75 1865 37
1117 553 21487
2499 331 366502
603 856 29
2028 352 29
272 2120 1783
744 114 29
2382 2121 29
365 1418 29
1762 585 118882
1488 1510 32
2073 1621 32
1911 1295 323931
656 566 12962
1136 574 29
392 2376 29
32 1685 27031
950 1549 29
1245 1395 32
1340 494 33
1189 80 132101
2272 1587 1208
1874 2036 371661
438 1242 29
462 1290 29
1434 29 29
2193 2005 373777
2486 277 144845
295 1925 11528
407 1678 3306
977 1336 34
2365 1128 43
1791 2492 37
1495 2413 29
2277 1564 47245
776 554 29
131 1997 4780
846 131 222081
1847 2223 274083
363 1006 321636
2313 576 115158
58 1483 93196
1205 1533 387178
908 2045 96707
1704 6 70221
2171 767 192155
349 782 29
491 2498 32
516 1384 29
1155 1129 44
2105 1009 43179
2168 1480 29
343 556 29
656 608 322700
2149 1494 32
354 1797 72509
121 1576 54905
2021 1368 29
201 341 38436
1166 1093 260688
1940 862 347806
1234 964 52
2356 2135 58604
2127 1823 6874
2374 1393 270412
1878 980 29
1025 588 61604
1272 1833 29
1043 114 29
1751 1413 29
1529 1029 190094
729 101 29
1709 154 48735
1792 1253 170601
2105 2137 1928
1702 2076 29
1852 368 14314
1563 1356 7148
2108 2417 24738
2451 761 300061
2225 1413 1803
2406 949 29
2442 1774 32
514 341 29
1377 2399 123217
1740 857 163393
653 1072 29
1929 1647 32
498 1912 144490
2485 1139 258149
2154 1307 29
2192 1037 29
557 1494 2511
1673 492 58
311 2444 29
1157 1731 32
498 2309 757
1343 775 29
1433 90 29
442 2472 29
628 1917 32
1458 2184 29
1718 2139 395020
509 1774 29
1842 2203 112658
2203 2166 48
130 1745 148285
211 1778 102238
2347 1603 29
1658 248 33
425 131 29
1753 1569 363551
1863 790 29
2271 1870 29
1232 651 250653
86 1197 51325
121 242 29
789 2156 29
65 2261 308047
1839 102 179243
686 895 55545
2022 1818 29
287 1299 339644
672 1752 6455
406 2286 29
1393 1826 350515
1525 2356 29
