2500 5000 1000000000
56 135 29
1524 775 32
1185 1166 31
2238 2445 29
1922 1762 29631
597 1593 29
233 438 37
1728 2228 32
168 2014 157180
835 1752 41200
445 1111 38
2421 222 14229
2411 1916 29
500 1370 29
1824 202 34
796 829 33476
2419 1522 29
1791 847 170997
1824 1607 12671
2435 1930 348183
275 1863 171809
165 2081 29
1559 1462 29
2387 2036 36959
2422 2015 32
218 616 110458
19 1829 14770
1553 1418 29
1293 984 267333
1313 771 33849
585 1979 32
314 23 39811
2140 395 29
1496 539 29
1917 881 327409
1949 1568 16253
1603 1368 260333
71 877 346669
53 1465 342079
1295 35 44
1890 170 33
989 980 32703
299 1312 29
2043 1468 67975
398 352 39
2045 796 32
2397 1245 29
7 2143 29
1742 251 92231
176 1948 60
788 2253 29
361 2426 123275
442 1133 223766
691 2322 29
1238 2037 39
1941 1436 29
2189 1451 29
943 1875 29
680 731 67974
1602 554 29
1242 461 2446
1039 1840 29
1920 1426 362805
1347 2169 29
1168 515 29
2451 1956 60
2435 2231 29
725 664 10249
1824 1158 65739
204 1761 33896
2054 426 29
104 2287 29
157 1271 235529
34 1874 126550
1837 2311 524
1187 1697 6771
2212 38 310029
1575 1055 207071
1412 1073 396356
1730 1198 29
1583 1733 29
1608 78 29
2015 2294 4940
1249 2469 233760
281 1684 24591
399 66 29
2333 1155 72963
630 1525 322222
1510 94 29
2035 779 29
2258 1022 29
2358 850 37
2100 929 5088
316 88 29
2000 804 174715
179 1339 204604
408 1536 6152
2369 883 12748
930 1749 47570
2112 1631 29
1833 705 393986
1575 646 60727
1943 538 105998
2369 2041 25101
77 46 31113
1876 79 170301
2 2373 35
939 1192 329161
1833 472 26978
1501 691 32
858 92 389476
1470 275 295407
314 2129 161280
1885 1752 44354
414 1361 8666
1772 776 48765
1236 1748 186005
2434 744 29
1162 436 32
2037 1641 29
1440 346 86393
60 1674 139509
1726 189 29
222 2224 1671
442 2102 36417
2029 665 29
1085 2330 32
1639 1389 17387
75 241 29
988 1080 38418
490 219 19691
2224 791 42679
1511 2327 29
1584 2092 29
482 2473 87320
1926 279 32
1827 2345 29
463 1292 9869
1988 860 29
600 2333 104855
164 516 37
820 1154 157743
1549 74 370516
1418 1778 44976
2378 1864 29
1211 975 29
1732 1242 29
1374 733 112946
1619 592 29
2304 2229 26117
465 217 27667
806 522 29
2104 2010 12786
1000 985 21807
705 1183 6918
1215 2383 151268
593 2094 32
2217 1057 159531
1292 568 29
1096 1213 60500
589 46 124948
401 1053 282628
1106 1285 210690
402 1488 92
2383 1354 29
2312 741 29
1986 1227 32
2362 1243 32
1348 1213 29
1408 1959 32
2412 262 2650
504 1943 2291
619 307 37067
1178 1291 29
1254 713 31
1020 2217 30912
1410 1819 296198
1359 2385 96801
77 1670 29
453 2423 29
2254 2130 384252
793 1523 45368
1674 2394 116077
246 1673 80078
1187 1055 29
44 1618 2008
673 875 6871
2382 535 32
1956 584 13772
330 1356 41745
44 307 84566
352 1509 86523
747 944 128404
111 1642 32
2215 970 92100
1002 907 35414
85 315 29
2322 1853 2463
2367 392 52
2234 1008 112141
1526 2189 379048
1486 348 29
1939 114 233335
2496 866 29
2019 2413 29
2112 876 133451
1582 754 7788
545 2125 29
688 1763 31
499 30 32
1539 1931 2586
610 651 29
610 2089 273275
2388 154 355365
486 662 29
2486 1591 346257
1216 1953 29
1540 1684 50552
1557 622 29
671 1184 45657
289 999 32
2007 58 291841
2203 2299 32
655 76 151595
1832 2456 278481
2277 565 33
840 1211 29
2209 2009 1978
1784 678 32
497 592 241804
2355 1688 29
1372 129 29
1807 1946 33
671 1484 32
357 2473 29
1117 1959 29
2310 1305 29
31 1571 341087
211 2049 50250
700 750 29
257 668 29
468 1026 4827
1480 725 101315
1203 1466 32
1773 1075 77920
1596 1017 1314
734 186 58252
1560 396 29
2117 1087 50
403 1465 299844
1420 1932 247036
1915 2378 29
76 164 31
814 433 533
624 684 29
629 2030 105282
1331 1383 32
265 1947 257737
1621 49 13267
2083 1506 29
1871 543 12053
456 14 29
1805 1755 202741
2441 2366 34707
797 1543 288051
2008 1447 32
1109 1522 32
1330 902 36
11 1864 7949
698 1543 19380
120 720 29
252 1673 29
2379 1133 193610
1523 1686 28080
2318 1931 51
2403 163 137440
1241 230 33
476 2028 228964
2399 450 29853
1313 2206 48001
845 2317 31
1863 1203 29
275 2044 360963
1666 1042 29
2475 1253 41342
2331 1476 29
647 253 29
1012 2187 29
1952 2206 154130
1905 731 35
440 1970 67647
2095 1523 8331
1744 1241 84869
628 336 29
2101 89 29
1502 1330 33
965 503 188776
632 1660 40970
609 1856 29
1000 1676 42832
2046 1437 29
1828 214 152639
6 524 38
268 1849 92011
2060 454 29
1470 786 18199
1939 967 30
1946 1710 3808
462 610 32
407 1523 29
1114 955 5201
180 1585 32
228 1738 256614
1190 1312 8882
353 1175 29
2305 259 12109
2249 294 29
1758 2217 159765
1468 1625 29
1856 1368 321
2044 1940 32
2078 1677 29
341 1861 29
1672 910 29
872 2143 75427
766 677 254070
1067 1872 71138
7 548 32
1429 981 29
190 237 29
1494 1068 329667
589 1223 29
1198 818 131856
1049 2087 128
509 1892 266101
1380 2160 29
916 613 36
2458 1681 14203
2489 491 31981
1855 1978 32
207 1256 358006
571 1527 55602
1657 1759 12154
2430 449 290813
744 971 164129
142 1681 33
883 1873 29
1517 1094 227106
1556 481 111817
1955 588 31
1894 425 61514
153 128 172264
1724 1840 29
208 1745 31
513 112 76563
2098 2024 263799
1833 424 32
1899 242 29
306 2069 120152
296 2218 245306
2107 453 398056
1626 474 259037
587 2359 29
136 557 360432
1506 856 9640
1883 2154 11232
1032 934 95309
9 2112 32
2196 2187 62923
288 2263 224732
659 917 387120
1379 516 156868
298 925 14891
1015 1574 102208
1574 2014 29
2211 2005 29
1045 1317 154145
1843 2127 29
1280 769 34
557 2272 29
766 105 108370
1657 1154 336201
250 1729 18876
858 225 114311
1038 1415 46
1872 1763 29
1749 143 29
734 328 29
2450 2127 164048
773 1854 29
567 140 322171
2489 1481 29
1994 1598 39
2353 584 186517
906 2409 42407
2365 972 29
2292 1083 29
627 2159 54
468 1694 129961
888 1623 37
744 1934 29959
849 771 29
1949 281 120808
2290 2266 31
2008 2118 15661
417 96 1951
717 1056 35245
2458 389 165661
549 2201 33
770 119 372535
2225 2383 101317
1388 17 62
1565 1782 392045
1520 2010 71241
1066 1966 124246
1997 2355 22638
1910 2232 29
1914 1337 386934
1244 1960 29
208 1091 32
1659 348 13076
735 2105 29
871 82 38
234 14 98768
1630 1814 37
790 1483 29
1391 647 48776
2275 413 38
1304 1422 17118
2495 2241 29
18 759 29
905 752 29
1184 1574 29
1516 702 35
1178 2294 29
1525 2348 29
1558 2423 197698
1668 280 29
471 1237 33
1475 2248 38063
1928 233 16117
2096 846 259094
705 301 32
789 525 29
284 1695 809
365 826 29
1990 538 36
1815 840 29
2218 585 185140
917 363 87
173 1656 588
994 2263 58476
2073 977 29
1802 1968 192
2044 719 29
1314 540 29
1095 2290 15558
1757 1040 246353
2459 671 32037
2246 1624 110137
357 296 3540
1470 314 29
1376 1571 29
1135 163 201310
1497 465 29
1001 1648 32
2004 431 29
1426 248 29
416 543 359237
1425 69 29
1186 2136 61221
1251 1409 32
123 1190 38
1673 17 29
194 2382 29
1516 919 29
2418 786 32
1404 116 168635
2485 1549 37
1998 2448 29
1438 1054 29
2261 573 29
1155 1420 29
1704 1929 95620
633 278 29
2218 550 4893
341 147 231062
1413 1621 29765
1427 1151 196570
189 511 29
576 1028 150333
82 945 33
1569 276 273491
435 1337 35
1849 40 6011
2451 534 96846
618 566 67115
2323 986 224926
581 2217 57920
604 1156 32
1109 2053 205946
2396 443 29
2263 760 269171
647 1735 198683
1873 867 49028
1090 1807 29000
955 481 29
1565 1137 186728
49 1824 36
1539 936 29
450 512 288403
653 138 107639
1459 2253 37
775 212 310246
972 444 8248
723 2080 29
1406 1256 109769
2227 1808 38152
206 1051 796
641 1686 152158
1136 2231 22244
1142 1256 32
551 700 69977
244 1344 29
1603 26 232177
1229 1048 29
1221 205 241872
2052 1221 47910
466 399 106206
1669 426 29
564 312 464
2088 1618 2160
1262 417 40
762 1649 32
1231 618 31
2115 1781 34788
2240 1823 31
268 65 29
576 584 163501
1338 2044 115036
70 2247 131795
1695 851 177666
2318 1951 29
1618 1196 128058
1535 544 133964
188 185 29
420 1835 29
2376 1188 33
1333 788 29
981 49 332075
281 2192 29
796 1265 49350
532 1494 29
1131 2014 227774
1743 2452 29
841 313 50815
582 245 29
1609 2122 49752
2188 324 34
2002 844 28349
2258 908 33
2185 1549 29
1854 1267 70194
1158 934 29
1317 217 40
1950 561 235976
1597 2268 28474
1339 2226 6185
1739 62 8127
990 2155 79
547 52 143153
668 2264 122686
1487 1679 5225
1085 1961 42
371 2429 29
1823 887 29
1162 1614 16984
319 1811 70309
2060 1839 29
817 1958 26996
1991 1096 21796
442 755 31
2006 1433 43
549 1109 190433
675 2441 73920
1110 2259 29
1781 1184 313
1515 2471 20810
80 164 29
958 2246 32
474 2156 52799
220 136 29
475 414 31
1092 1519 1528
556 821 58353
472 518 29
1638 2265 40
1773 460 33
76 564 29
488 1593 5694
731 110 4532
1911 862 24745
530 800 40
132 2449 29
2315 2212 32
119 257 29
101 8 29
2309 1901 368571
1693 31 81238
361 406 179283
1156 506 29
1232 2368 3323
1389 2460 335958
1976 1561 29
1045 2079 1326
1682 2164 37
1007 2457 16454
1535 39 32
224 1915 256546
379 835 30
1632 2410 29
1005 1666 356665
1779 1557 29
1903 1203 29
1130 367 29
580 491 11819
245 1453 77
1963 35 137198
620 737 5117
494 1310 62329
1889 2330 212910
1305 2136 30121
1911 107 240435
713 1503 10147
1307 518 382448
875 1647 29
1073 1189 29
10 193 29
764 1374 38829
579 1281 29
1865 1989 29
1481 766 59438
353 647 130309
1329 1258 29
2265 1442 32
1098 1196 29
656 1956 309
80 223 137763
357 1578 83412
2325 1101 63552
1762 561 39
2149 1602 291423
672 382 183300
196 1362 276533
2398 232 281781
2355 1841 32
1867 2056 29
1836 1790 1781
1565 1560 4223
308 2139 50673
1399 1391 32
1090 313 29
952 943 29
1541 1620 94545
270 1825 318952
954 755 74727
1114 2185 4356
1778 1301 95093
1223 1327 20324
13 1760 29
2491 2454 298222
1738 1278 29
2069 678 29
1462 2334 289528
1310 1601 60580
918 1520 18271
120 2273 106747
1720 1655 127988
2132 2370 29
469 773 238292
2481 1133 29
111 2168 29
2269 1661 38
757 2158 29
2437 27 32
2493 1782 58042
171 1317 285710
69 146 29620
1013 678 344590
2108 130 382908
747 961 29
921 1580 29
603 448 29
618 534 33
377 2076 29
2208 436 505
2183 1547 29
643 745 8089
2437 1302 16106
1729 2425 29
2368 888 29
1121 1179 318853
2307 1115 32
781 342 32
473 2414 29
2174 34 299737
422 1691 33
2228 1197 33
1387 137 203686
224 840 51117
1477 1101 29
497 1111 29
1814 1777 216760
389 1260 17750
1969 354 1693
1615 2434 29
1447 2223 29
826 134 29
1834 2314 8904
1413 973 29
273 65 32
1566 194 4818
2359 184 29
388 620 36
556 2227 397156
505 734 36
430 152 33507
1336 2185 210212
578 857 29
1356 2082 29
503 1564 32
1993 2279 57
1443 2161 31636
1219 1705 168483
129 1222 38034
2213 2380 230946
2433 464 177252
650 605 32
1669 102 32
2008 863 29
1606 441 29
1591 2187 29
2499 873 33
2299 2115 260264
2040 281 310828
1887 88 29
1458 1264 41
193 1284 383715
1712 1210 33
1235 2241 284061
2230 1539 67573
1664 2309 29
662 547 847
1348 1118 29
1680 2342 110607
2157 220 4232
872 1064 36405
1302 2293 37
46 226 32
1859 1912 32
81 2013 36
1179 1808 11759
1272 1385 29
2 2102 209663
1761 1701 35
1006 1664 115531
681 2274 383036
253 2242 29
1519 1456 29
1278 972 29
567 271 33
12 1943 270501
598 872 33
1039 1335 29
1433 2127 255620
1786 180 197198
1719 1954 5720
2049 1893 92514
1926 1369 29
1658 1119 29
894 582 3248
2451 1517 32
1100 452 32
768 753 34
2406 1433 53784
284 2321 371271
1914 946 29
1538 1872 107002
1148 1334 47155
1364 2158 32
1876 2041 199859
1342 1822 45
1769 636 29
1886 594 66619
2151 339 29
162 416 37
123 1242 120876
1765 919 259009
2018 2231 110513
911 810 19513
2377 632 29
581 197 116149
1014 381 40492
2205 95 29
2047 992 257983
519 204 122388
92 553 29
2127 2384 29
1225 633 29
2255 2184 32
1082 1314 370710
1619 166 32
2057 2003 48
2253 829 29
46 1884 32
1210 1092 29
376 1710 105697
1809 995 22990
996 1407 1257
1923 307 29
2058 2388 170821
2133 1256 33
2433 2350 29
76 1937 1324
1160 1072 29
2057 2364 31
1799 2493 217992
1749 936 382919
1093 821 219185
1187 706 37
1316 875 3160
1102 1742 32
1830 54 631
598 2441 29
2342 2156 32
2188 2498 54
1271 233 29
1813 1105 45702
1626 1032 125339
1322 256 30
2006 507 96756
2160 1822 29
880 1088 65566
73 2162 24828
1906 519 319260
946 561 14983
1198 896 376432
782 672 133416
675 1945 31219
1802 2357 123379
1933 1493 21526
2475 692 29
102 534 29
310 221 3208
1924 2004 351045
423 2415 29
2340 2459 29
864 1986 69
2036 1531 32
338 529 46
1510 35 10089
464 2174 45
1978 2181 12614
138 2378 46909
1159 1549 98364
203 1400 29
538 1416 300489
2411 1759 77536
1208 410 1892
245 2017 32
2321 2355 132021
1561 957 37
629 150 9019
2478 2435 32
1346 2457 29
2005 442 29
1046 1170 29
2482 259 758
1478 147 141517
2299 2258 16613
1516 925 36485
1906 1491 32
202 2209 358396
382 553 42
60 1183 309266
13 1587 390295
296 1599 356404
1830 711 810
605 1353 53
1572 926 178423
1143 2352 41
2486 991 353205
2075 1698 29
1667 2489 70613
1343 1137 29
578 2267 29
752 2281 35
1754 305 29
2342 211 128920
1590 1509 12629
1794 380 32
978 2430 32
1568 2283 29
925 12 29
1164 1140 29
403 1775 39146
1679 1823 25274
469 827 2718
2088 815 29
441 1616 10236
108 1394 29
1495 1233 35
1763 2229 32
91 1463 73266
56 492 29
255 880 188005
102 884 29
2438 2147 29
1866 430 83325
838 622 31
141 16 29
736 1796 29
7 2011 78496
1854 401 109
1222 1057 29
2109 1993 29
742 2293 20268
1691 525 51
343 1855 271904
757 2008 73839
15 712 29
2360 716 29
1575 789 34156
1398 267 247169
2434 484 42018
1950 1295 85785
2172 197 2063
316 1682 29
1982 896 6269
1134 2489 135369
1708 1028 30959
885 1574 83442
399 1411 31
618 628 119558
1583 883 9569
402 1969 115967
123 819 33
2032 2430 33
749 1916 363511
1819 2093 29
2174 348 26808
2072 399 340566
1158 1810 77909
2044 1543 169839
64 1688 249750
297 375 21617
1704 1416 77207
2176 1441 29
2006 1622 29
378 873 39465
825 1344 38
142 1313 6285
1791 243 32
1693 2335 29
2359 2472 352977
1321 2239 32
1644 1386 41
1330 2275 32
233 2252 198557
786 2440 29
1151 729 211946
1075 1771 51566
671 779 313889
1458 1425 60202
2417 1831 29
1840 1871 323406
2356 2194 184994
1481 667 29
1453 2441 67016
2071 132 29
917 1154 29
1128 202 8310
1410 360 32
1391 2433 175268
2337 96 41
1926 2489 296827
946 2031 349276
918 1953 33
824 620 105776
506 1642 148183
1511 932 29
98 2202 219948
853 1176 146032
663 1954 37
431 2145 29
1721 87 29
2156 582 299928
1362 901 29
694 1899 19154
355 973 30
2476 178 161780
1621 1195 29
1344 1741 393508
1729 5 2404
448 1730 101226
121 1718 33
1231 697 5726
1255 1889 29
714 201 29
2182 1605 29
70 174 32
1716 923 389142
886 2263 44
1329 1969 33243
1198 2149 29
652 370 29
1894 807 29
1120 1183 29
1922 1117 4493
319 2425 28740
1019 1622 32955
2070 1304 32
116 1575 29
478 1379 33
1443 451 384423
1193 429 29
2094 1246 334930
893 1545 174875
1637 2399 29
1427 641 29
2147 487 70109
645 2004 32
1584 704 33454
2496 1930 29
629 1781 32
1545 2094 29
1214 1119 29
1498 1953 29
1161 988 29
1768 247 166328
1089 772 29
1586 438 104398
2323 612 29
476 873 892
39 2447 4713
1955 61 29
1957 269 38
440 1580 68675
1044 1180 32238
770 1111 174304
271 688 29
795 346 37
76 1023 29
2228 795 12178
565 1975 65
1387 2098 29
18 2009 34
1946 890 29
1966 1908 78669
109 401 67196
2442 1841 279727
1779 2126 32
2445 1589 22131
1908 603 7937
1368 1547 460
2093 2211 32
1241 1642 18503
558 2059 38
2242 155 29
1830 2302 78828
781 1246 37
1514 532 51789
2018 191 29
1248 484 33437
130 330 270912
354 1343 29
2340 614 583
312 2059 65338
1623 415 32
2124 2436 90514
992 669 234323
537 1249 35456
1774 1524 62
630 1290 2175
1718 1849 84778
903 932 29
400 1885 32
1374 839 24169
131 601 42
1179 1412 192894
1736 848 198916
2375 532 79642
401 1083 5137
484 249 121911
2138 661 207863
705 226 2928
1532 138 29
1556 372 31
768 151 87038
11 687 119120
836 1548 17857
2491 1518 180107
1073 1089 28045
530 575 398368
616 1276 44
542 306 203539
2201 830 239464
64 1777 29
876 211 109545
2281 559 32
2041 1317 104809
2075 2444 323364
2338 853 29
1998 2044 3632
1949 1895 37968
2055 2043 171783
1049 2224 31
1552 1720 99892
740 1781 29
2177 352 29
213 2282 49378
541 753 29
1843 1914 29
2211 1000 27087
1298 1294 118427
1613 1629 35
627 1004 31
812 1875 2234
267 2149 27592
1084 1142 160917
1718 230 170479
78 3 64980
722 1142 132430
537 2298 29
2375 1590 29
2046 1587 29
2055 711 29
1144 301 261678
2270 42 26408
765 873 34
1977 1990 172
2435 2284 20408
1020 341 5967
2385 1263 32
1686 1622 44
915 1352 29
718 1507 29
1098 1068 33
78 692 9782
949 1916 143720
2159 749 27613
327 1523 29
1817 966 29
1468 1152 26278
1733 2422 21322
1701 2452 114780
1196 2392 79254
847 1116 38
47 1920 29
1732 1748 1929
481 1136 30
907 2191 29
923 2206 52
1942 1975 29
2283 1855 364990
1744 107 32
2289 1533 34
1940 144 82933
1908 1414 29
74 607 29
550 2076 29
2245 730 44
694 476 40
1266 2265 29
91 1482 29
1653 2132 384723
1472 876 10043
538 2150 32
998 2166 82649
1297 1834 91576
1234 2389 285208
2449 1317 393291
640 531 63261
1939 535 50287
2496 383 16632
1102 2355 175471
70 286 29
1893 150 29
31 1022 33
678 50 151599
1253 1815 224843
365 2055 34
321 406 30423
2413 1087 31
147 1609 29
1617 433 32
88 1361 195878
753 914 29
1332 1263 38
227 1052 29
1610 892 52349
195 2060 13489
1422 1370 27529
468 466 100504
479 2247 215873
1359 9 29
2403 16 37
1652 1721 42
899 1013 298104
1454 1697 29
1640 798 181043
1259 828 32
938 1480 235988
1528 2256 156222
260 1053 3685
437 330 32
1302 1848 81015
1358 1938 34
782 34 29
1300 2058 29
837 766 32
2331 187 58563
2080 2178 138816
1413 1845 110865
795 1234 2015
417 1107 29432
1797 1227 49666
1665 638 29
2122 1640 36
782 606 14581
2199 1683 29
99 1655 29
910 1002 26565
797 1819 32
2073 1458 140421
1662 2147 90336
2023 1431 29
2061 1163 29
2490 2029 32
1106 959 29
1902 422 29
2466 2196 41812
296 242 45
1191 1635 29
2236 1515 33
2446 2124 46204
1521 566 59
1876 439 4097
2343 1409 37
543 1953 261461
228 1754 29
2371 836 29
1926 870 47344
653 1532 107133
1648 298 4399
1105 576 29
1508 458 29
269 2322 34
2305 1606 29
662 915 54511
906 1772 29
717 1377 29
2331 2241 32
1072 1076 14297
279 666 29
1917 1798 29
671 1455 29
919 1857 32
1175 1683 14899
1346 167 34
362 166 140652
1433 1424 1801
415 1811 96466
817 1545 29
1276 1092 150877
2440 839 16537
2215 1806 29
829 663 361012
2159 298 29
2180 1394 29
77 2291 206718
284 146 42800
989 710 19036
2115 1861 35
403 1209 332473
1130 327 356071
209 1838 32
2356 496 129632
1203 1587 151204
2204 39 275570
310 350 29
842 551 66683
1435 1380 5158
526 2402 53
1548 1209 29
2394 576 152760
1037 929 10035
2165 594 44083
1208 1874 29
1947 933 29
1625 767 4554
1785 892 29
2443 2220 5107
447 100 177191
422 360 29
1519 2332 34
1263 552 8145
1280 776 73592
747 1355 29
1428 1266 29
524 2257 29
1500 1418 18530
403 867 343014
1211 1534 163584
717 577 32
1732 835 217207
1480 2461 29
410 1929 31
1934 1737 35701
401 1345 29
41 2403 29
35 964 129680
1843 1335 50160
346 1881 29
2432 2016 302880
2479 392 154
1580 329 30
1518 166 146474
643 110 240675
1667 813 69656
1594 597 15077
1969 799 29
2432 477 29
1199 2 29
1356 2420 29
1150 588 32
2191 1586 29
2396 1354 29
1747 2279 29
264 819 42368
1309 1109 288207
1648 1547 356430
157 2435 189862
553 2224 29
1799 2470 101802
1874 1739 290376
2108 1709 29
1379 802 233327
979 1966 3569
1699 1800 29
1308 1972 29
1166 2058 55419
1360 787 169610
1849 1523 32
1873 147 20070
2398 2181 29
1202 2159 29
1200 1879 31
1282 2077 37
1802 1289 136353
249 2035 83795
1769 2190 29
863 2474 29
754 319 67
749 2010 29
1234 1201 29
1391 479 34
259 773 34
44 1638 32
72 2226 18566
548 1084 170560
1215 195 29
2491 1055 32
2118 1603 29
1734 1573 34
982 2009 102574
2090 614 29
537 820 37
433 2342 29
976 1446 29
110 2204 32
210 781 29
393 451 29
1274 1489 29
2353 1053 35450
2155 120 303831
1950 45 247346
1027 1373 37915
1922 1576 29
1087 1710 230634
2384 376 33
1415 1119 374
535 1464 29
251 2002 29
2020 2196 32
793 484 263127
2438 1132 25641
1995 1056 24431
1041 1271 29
1125 2155 32
1548 1856 280264
1655 2351 29
378 1044 29
920 328 78
2149 742 125893
599 1028 29
1110 1651 273165
2053 1256 32374
665 1451 133773
1636 2281 29
1507 1179 35
252 1512 52
59 73 29
1208 1590 29
464 811 143553
1210 1865 30
771 729 29
1129 1498 377159
2456 1600 290637
1725 1409 29
1177 1678 100252
846 1600 29
749 710 33
1944 409 33
1651 1540 1440
14 1477 49596
1786 1717 32
1153 1999 29
1672 1396 70277
2133 821 387892
1674 727 226933
2075 1776 29
1617 2218 29
145 476 12949
2065 709 82991
1970 1223 29
1975 1160 31240
1131 1370 16953
1107 1661 29
2314 1025 29
106 112 37
482 1540 173712
1153 199 29
183 2441 74174
2372 440 37
1222 9 34632
453 358 29
955 171 29
1075 785 29
2064 646 12511
1427 548 438
66 1953 53147
1663 741 29
2377 1103 80976
2318 1231 32
1868 1421 58
2027 2217 29
2000 115 29
476 1125 215324
274 1403 29
658 134 280912
856 1853 29
1789 2180 29
1416 2324 29
2169 603 46
138 1037 32
2488 2375 131310
1357 1942 29
481 1393 36093
468 625 24320
1523 1900 9671
561 2133 29
187 2338 37
2084 2275 32
966 979 159013
933 2107 29
552 1952 107510
1021 30 212496
2148 2132 120493
191 2456 137391
156 2483 29
185 2086 44
974 1485 29
928 1777 36530
2089 2114 40
1116 1142 176844
314 535 73689
1278 1521 6036
1243 1653 940
883 1811 32
397 145 39
2078 369 29
1557 2470 181887
1893 1113 478
322 2050 29
1960 1866 29
2132 741 270017
2082 2446 29
2495 919 253356
1035 68 29
2399 2349 31
1209 1785 29
1761 1213 37
1878 294 109
1139 159 30
1624 671 344512
596 1386 29
1318 1647 192586
807 455 32
654 2268 29
2497 1074 29
780 267 42
725 1505 24224
975 1019 32
2440 356 29
674 1577 29
2012 1674 29
824 2358 29
818 1555 93252
1836 70 188653
1831 2230 241610
733 1709 32
1762 1230 29
929 1687 360129
1444 2483 319029
1937 2281 29
2452 72 109669
1097 1656 29
1728 1148 211031
2424 1413 387015
2280 1406 29
2156 70 8369
603 911 46050
2165 568 223211
977 1488 44
1839 415 193598
1117 377 227
1167 2219 29
1396 1323 33
799 1611 664
1018 1859 163517
979 636 74715
1260 500 39001
428 243 169318
920 675 31
1350 457 29
2066 1985 32
1738 33 29
162 2398 29
2460 1109 29
2480 1634 29
1866 117 31
1569 331 29
166 2483 32
621 2208 29
2302 2393 29
28 71 135579
282 1587 175105
957 1063 360295
1125 2226 32
805 161 229485
535 2358 1248
1125 1224 59128
768 2236 29
1922 1745 175788
460 1845 54109
1419 1275 1402
1003 702 301898
618 306 134551
581 1254 6710
686 642 29
1557 2430 80133
2221 929 33
2082 1103 313611
1335 2290 80172
975 1619 208
1110 28 29
200 1164 29
917 1696 105843
396 112 29
12 964 64118
2060 2178 53851
244 2316 29
1713 935 356699
1340 1146 37
964 2105 280156
1386 1730 275244
2477 862 36
311 2302 90321
2433 2480 1950
1416 918 21266
1771 512 29
114 849 29
2001 1314 29
376 2387 29
1971 1020 29
1525 2031 29
1830 580 29
1267 233 117708
2498 1684 29
2402 2065 360950
2084 2021 191990
49 2282 101527
633 167 372990
1743 124 359567
1315 174 29
1145 1922 29
827 2235 3326
754 1842 67760
670 604 29
1240 1747 29
1229 1792 29
1128 721 31
1104 2334 398264
907 2277 2249
292 1911 7119
1178 866 3080
1050 1628 32
505 675 29
533 310 1647
406 630 37
714 1559 389702
1150 2471 29
1706 1144 29
1830 583 29
1040 1394 37998
158 1670 34
325 1148 29
1444 606 31
1757 2062 29
1488 488 29
1869 542 29
801 1724 197
993 2022 29
74 1353 83764
2172 377 29
2049 637 21852
80 1592 29
2273 1886 29
2260 1671 122841
1838 2364 31544
1531 1555 143006
1174 1337 1084
1309 1224 24398
672 1970 29
1378 1705 29
2074 2027 29
2135 1606 70727
2430 2059 29
619 571 13871
1472 463 347920
2255 1310 29
1355 1383 29
1245 273 23193
885 2347 30
1412 652 31
627 62 374442
311 1801 160715
2012 2063 29
1776 680 389162
941 1061 29
2251 914 29
1258 2043 77827
1229 2175 250025
1328 1480 73013
701 731 1510
2493 1444 69687
802 161 29
1924 804 9834
1845 1790 32
419 714 29
1320 1174 1849
1965 649 29
2080 2044 31895
1020 2076 130964
1986 722 29
2427 1336 29
1329 2467 335429
1641 2141 28850
438 2402 24492
1812 734 24222
1218 1327 29
2162 1973 72938
472 133 30
337 6 29
1013 427 29
812 2336 309103
272 633 135015
1708 1258 76392
41 2477 32
1896 2145 11461
1917 1104 29
1965 1852 29
190 356 29
1123 1148 107853
934 138 9547
2239 1949 29
306 1677 65025
414 2374 29
2391 2317 34
1644 1829 29
1411 1588 394310
1255 1375 22526
293 828 8391
1729 1425 294161
2041 2051 154808
1893 1329 125335
2073 2142 29
352 1286 29
2281 1485 4501
274 1440 18277
2259 2392 91725
1996 1612 29
643 1505 29
1870 813 43
791 1837 37
1848 481 245997
1748 2080 29
984 2214 29
51 409 4594
2035 1195 222607
1546 2476 319896
1967 1018 32
1497 1817 32
1985 1527 57127
41 1910 195544
2400 2286 29
47 828 49
2276 2407 332989
881 1514 32
1395 642 61175
1548 1349 122838
1407 2121 209215
2107 2068 37
1275 1353 31
1 1436 52785
397 35 32
2432 1953 322658
1900 2377 384973
263 1199 123737
1444 1171 64850
934 1636 329975
70 797 153673
306 1306 252363
2010 2071 257602
1698 2340 29
1098 302 306997
1664 1890 122482
332 1417 7983
2194 1958 29
144 894 145005
2194 1813 29
1263 1304 271891
71 2234 29
1522 886 364530
2446 1827 29
327 1894 290609
70 486 179724
694 1095 29
1389 504 32
1461 1876 26675
487 1191 31
198 803 107248
1638 712 9932
228 1028 12016
1588 738 29
1376 871 61122
2283 1703 37
26 1274 17037
1182 2092 229901
1489 1809 29
576 493 90620
444 1402 185663
847 1890 29
1812 1646 38379
1053 107 29
83 1212 171952
1044 2165 42
1859 412 3140
24 2224 88466
976 123 29
2212 2252 103916
581 157 45
1226 1163 29
479 2044 26699
249 2421 29
1305 2122 29
1489 869 66241
2110 865 321588
2104 345 35
2317 1296 29
374 2119 32
2158 1323 37
1138 363 129624
52 34 40871
1539 631 31
1134 2194 2480
1146 552 32
178 793 29
1081 740 25495
1287 591 40
771 2361 49867
850 866 342662
843 1283 358739
320 2485 31
137 2094 37
2047 2028 29
1264 263 29
869 2420 348171
2339 353 301080
789 309 37
313 746 321494
1529 1453 31
1730 1203 1394
248 622 385419
2286 2362 29
1799 255 68575
2020 1572 29
913 1503 1805
644 2486 122698
1559 40 4254
920 2388 92
109 2252 7957
434 794 287030
32 770 33
471 896 37
329 740 3936
1509 247 242813
359 711 26965
1062 722 5154
1727 1028 338755
2014 1254 2708
1719 1529 29
2364 886 12588
1136 1724 310468
1612 336 39
356 2186 76809
1880 2318 29
2238 289 245192
1157 1490 29
1842 1260 37
1589 1996 485
1508 1888 361
742 2042 31619
1033 490 29
158 48 34597
1349 2244 2740
1194 1003 35
1201 473 37
44 37 38
625 2445 218669
856 1347 3175
1465 640 263808
96 1735 29
2246 850 40
1824 818 29
598 1878 114122
668 950 29
1404 638 179639
2367 200 29
549 1736 20687
2401 1928 228433
2081 74 34673
486 2006 32
834 2340 259
1071 1974 29
2347 1946 29
2279 1433 1951
2487 2478 147904
2185 851 31
178 2138 31
2235 398 29
243 394 25742
1797 565 29
927 2327 175722
2459 1773 117749
1627 470 8474
1438 2499 3691
1111 2104 216805
1847 172 32
338 326 39
2102 394 32
1299 1080 32
2020 479 29
1390 169 32
2033 1425 22021
1795 755 29
1297 2088 102735
106 2212 52535
488 1896 32
2406 33 223017
2368 1430 127217
1722 1664 346929
287 279 10611
2369 564 175836
2042 1394 1320
1850 246 29
711 1539 3505
874 2455 32
2314 23 29
988 1729 37
2262 914 13939
2304 2404 29
954 290 29
1017 63 141746
1233 1207 29269
1741 2235 29
1064 1977 29
1232 2310 29
2198 2468 333045
2155 2405 66520
1222 1066 56270
524 2278 29
1987 1784 166505
407 2414 178626
2455 1274 32
1280 128 10964
549 267 150748
1015 1145 37
1693 1044 326579
1630 360 377455
696 2454 32
703 1962 29
987 1344 52
153 1068 29
2366 921 90
1167 2015 29
2333 2208 98926
1184 1901 29
794 363 29
520 2250 29
1499 1617 119728
1937 2214 602
1474 1829 29
2079 412 29
2057 1520 291910
117 1618 32
893 778 33800
1430 1621 29
1045 2272 32
1891 250 29
2238 1194 200102
2480 1961 29
556 744 187765
1701 185 33
291 60 29
2096 1044 4577
235 15 5793
1888 2392 44860
376 1927 146742
257 1017 340228
1485 2415 10639
2466 2232 314680
864 1648 32
2375 1552 52958
1279 1416 32
2301 867 275120
1390 1137 132129
1404 748 29
2167 1506 42
1441 604 4299
994 1871 207034
2487 761 29
644 577 3775
823 1433 29
2386 391 29
17 241 5044
2253 1897 104093
690 920 29
362 897 32
1270 2161 29
485 144 33
508 1286 307035
2164 1449 29
2413 1959 330990
1922 2020 11981
786 931 395038
815 769 33
419 684 29
247 2295 29
1429 1519 32
1103 1334 29
1730 2256 137069
1294 1251 48203
1334 1598 119359
2163 51 29
980 1729 362293
2299 1000 29
1144 229 26487
1728 2220 66439
571 1470 29
1629 1582 170439
1649 908 259298
345 375 274274
2407 1478 29
340 109 29
2025 323 29
212 1939 32
997 1004 29
617 877 29
206 219 217104
926 519 29
1660 1056 29
2495 543 1966
2375 485 34567
1769 1950 31
383 1265 29
160 1290 29
1911 1943 29
86 520 128
1081 1815 33104
182 1541 29
1778 978 29
223 1703 118011
1046 1454 39126
213 276 29
1235 431 125233
351 2443 302
1134 1323 29
860 730 29
551 191 29
2381 1366 2055
2365 1573 218295
458 2445 307938
906 2390 32
142 1348 9600
280 2013 29
1235 1710 29
523 317 29
1369 270 321085
2221 528 138866
53 900 29
613 2228 29
221 120 29
1845 1031 29
169 2200 29
2079 2456 29
2273 1317 29
833 1197 29
1187 2009 32
1307 1450 32
2206 2270 39036
493 2401 29
1899 1151 29
119 2424 29
881 865 20706
1591 1950 87642
1430 471 18797
1635 2026 1840
1235 405 256357
404 591 29
850 1203 29092
2259 1237 32
297 1199 29
1912 356 178796
1690 812 29
1780 51 30
221 9 101116
2453 664 30
1325 239 29
2329 1584 30
1718 2205 20421
118 1212 29
1350 1041 47058
390 1419 29
615 1584 322225
778 1718 239830
364 2356 29
2341 590 32
1407 575 97349
2018 1968 29
1036 1249 2194
2002 1212 29
773 970 29
851 2442 28028
2361 2237 29
1449 540 29
874 1573 29
1181 2268 29
1941 1469 3480
1476 82 5225
2170 1010 32
1610 802 336148
1519 2164 87389
313 1928 216443
1289 532 185773
57 1430 272225
2121 1020 29
993 241 29
1407 1966 39
2237 319 32
112 1424 255849
253 150 263331
1742 45 37038
1403 1683 29
1506 129 365475
16 1120 29
2403 847 21642
2036 62 29
751 1110 6247
765 1118 320858
558 2439 283880
1426 2018 70585
2099 163 29
296 1161 4659
1808 1255 29
2209 994 29
1995 2360 81819
1465 2165 25045
2083 2085 29
2257 760 29
1237 2466 29
1172 25 32
804 613 77
1684 1347 48473
428 210 47
2391 1813 15806
1974 942 128
1119 1726 38
422 1191 72084
2394 2077 29
648 1971 29
1116 2186 130012
103 201 252142
57 2104 36
877 223 262126
57 2016 29
348 1321 76081
2348 436 554
2494 1755 29
971 1579 196016
825 2493 29
1916 761 58391
436 512 19739
2240 352 44062
634 488 124400
1318 1740 225243
539 366 38
570 28 29
46 2335 78126
978 1299 92271
659 1934 49659
279 1234 5948
1546 995 29
1685 2213 29
609 480 32
1610 1838 28515
996 1500 29
2406 90 32
2280 55 29
2348 1805 29
2447 530 133
1565 1401 29
149 2230 3133
1503 1256 37
950 1851 29
1763 1308 253362
1218 2459 37078
640 2436 105448
262 555 36
1758 1844 29
2208 99 10736
494 1563 31
345 2030 3958
1471 974 29
2470 1646 29
151 2291 29
678 493 15543
1886 2327 12693
460 322 32671
1731 2452 29
466 388 29
1382 1892 71555
2381 1304 29
2463 2320 5528
2077 1597 37
2109 625 315519
1151 1373 192614
2111 2376 29
471 1751 203434
1456 153 57994
783 86 5478
1005 624 29
1832 1378 42
2337 92 29
252 2019 210758
235 792 29
51 26 32
881 2431 44
334 1527 29
1459 1647 29
1151 1977 29
1730 1908 53025
1171 664 29
1306 206 29
563 1019 29
320 485 159470
692 2063 50851
2244 682 29
1200 2395 31
697 1176 85896
1447 1427 354196
2419 275 64980
2332 518 32
2139 1964 294965
1697 104 31
378 2388 29
1282 613 1413
1016 1731 29
744 704 29
2183 1780 29
2243 254 29
1001 1137 299
387 1129 33
716 1860 59238
255 1044 59000
1737 2217 12453
854 992 29
2118 515 29
628 1417 29
517 251 165846
2216 2487 145072
2386 682 54416
2010 1124 337560
1037 594 29
521 2305 29
1146 2083 32
2467 1070 29
2448 1365 11287
1152 224 29
1681 1634 159632
2374 1885 91730
1224 558 29
636 130 29
1555 2472 29
2257 1655 30326
729 1265 28773
247 2495 29
1241 1439 8179
24 1895 32
1265 1347 37
182 1105 7228
867 1628 29
2431 1075 37
1054 1187 284095
1975 1176 42
831 2263 168135
574 1300 29
1918 1054 29
2004 149 29
1029 2001 29
1814 2403 291420
1133 1079 87719
1728 827 309963
1574 404 59082
1053 1282 373702
2181 155 9800
196 1234 29
1505 1412 21684
2019 1087 29
2155 372 812
109 1588 29
2373 2328 41
1171 2116 80841
910 1341 29
1269 1678 39
650 423 154490
1422 2272 98607
2491 31 4318
1659 331 29
1876 811 1255
1878 1112 29
1617 209 29
1055 2205 22072
1582 194 17635
1394 754 74312
1495 978 268510
892 2389 29
1070 1665 32
746 2453 29
1032 2372 29
1206 1685 29
1884 2173 37
439 879 40
1239 2428 29
643 79 131138
1077 317 29
1121 1851 29
1238 972 238694
2210 1506 29
1146 1465 289442
865 2483 29
127 674 32
831 1645 32
1920 988 196701
1095 987 46672
187 196 32
2010 936 392018
1304 2225 32
2496 285 9965
1313 371 267082
1352 272 29
1178 1177 216282
2185 1888 48745
631 1860 29
1692 761 145647
470 1684 29
304 998 29
375 1538 13757
1581 1149 32
2334 1579 51
1524 218 29
805 725 370949
1 959 22737
1521 111 29
1882 1697 29
244 388 41343
55 440 44
793 1357 33354
546 1052 29
1790 1990 33
2081 223 34
159 5 29
2427 571 29
1752 1018 37
640 228 83925
1578 1018 29
1983 494 29
1224 603 3663
1492 486 88520
1900 2326 29
1767 1347 29
2395 335 29
1868 2034 29
2216 97 29
1058 1939 153846
1865 800 297537
392 2026 29
482 1262 29
1696 2321 29
261 763 50
986 725 44027
807 1457 29
1491 1989 47
1766 43 16183
2411 2383 29
283 839 29
67 827 29
1222 1480 29
114 2100 36
1694 1622 29
2098 2202 29
1405 435 63014
604 2402 29
1934 1843 38
45 1528 29
28 620 19652
828 743 29
2114 550 228760
201 2426 42066
29 1633 29
1609 1395 29
415 315 305946
2049 2283 31
780 1759 155135
431 327 48
1759 1131 187333
782 2102 154603
451 751 32
1544 509 97712
1546 1119 38742
1029 2294 29
661 2052 29
2158 1060 29
1055 741 135480
845 26 29
2472 1788 161443
2302 391 32
199 1419 23123
1167 612 42
2350 324 261541
1722 520 87588
753 2456 362546
2418 1066 29
586 1827 176339
138 1912 12982
1826 1444 29
182 358 399871
871 1674 29
831 1170 342370
1038 874 114380
1139 726 37
497 116 29
2144 1064 29
1051 963 226642
1666 579 30
271 1992 29
1878 1237 198075
2356 730 13239
1544 2071 29
1012 145 29
19 1040 29
2384 130 131776
21 2423 29
2339 2176 37
1439 2114 29
710 1036 158544
912 1307 34101
1349 81 102608
1239 2325 34
2463 403 367087
2463 1021 32
2010 890 29
1962 2378 123474
1202 2371 29
1102 490 264726
1218 700 218716
2162 1834 29
1261 886 32
1961 725 9497
608 1490 29
181 1716 40
2407 2415 35
1526 2344 32
338 1709 29
126 2119 32237
221 1291 4524
2318 2103 2735
2142 2095 29
28 1044 149058
726 1011 38
2004 515 6680
697 1666 96766
1093 1866 40
1253 230 29
2460 1543 198482
1564 229 29
323 21 38
2018 2116 2958
2053 2420 170726
437 69 29
527 1337 42516
676 1440 29
933 31 40995
1198 2322 110462
964 197 29
351 660 29
1536 554 2296
1185 2433 32
112 425 29
2441 2121 29
401 2297 32
388 1723 65378
2399 327 12904
1782 542 26733
1778 68 29
1074 1361 42
928 2141 33
728 1919 65579
1750 1178 37
1320 770 306184
2053 1343 276241
1143 908 291019
302 2288 32
1367 822 233188
292 379 29
1510 214 23530
832 1717 288715
41 1356 248986
948 709 29
1583 237 37
2402 863 194946
2463 1482 29
1140 1038 134082
1368 131 29
1273 977 275384
1944 89 188956
79 322 105341
1534 35 32
1999 1429 32
1282 384 29
1608 325 168326
1883 1743 29
1366 2463 29
2088 1469 32
2444 1081 29
1115 513 338553
505 888 13906
459 2344 43
2066 339 34
2072 2146 42
723 2043 29
1401 1104 19605
430 147 29
2199 1451 48377
1416 947 29
2202 428 15257
1983 521 44
2311 1030 235688
112 778 8103
1595 952 29
1111 1001 120447
1696 207 29
2190 2112 272516
939 1927 29
544 1213 48709
1626 754 29
1163 630 389
1604 2218 245072
1313 1499 176967
2222 73 29
268 777 29
1755 510 29
520 1091 44477
23 1269 67
2277 2089 29
91 2470 15001
118 1222 114262
1282 2128 33
2235 695 249074
165 679 32
2208 2279 32
160 2377 32
2070 1177 29
1768 1228 37
1876 1025 29
1997 548 5176
449 1836 32
84 367 138524
127 20 29
2441 1677 187934
413 302 6193
202 783 37
569 1428 29
2432 292 82867
1173 2430 35
40 2300 40
586 1820 29
906 2459 32
1266 1618 2377
761 150 32
944 231 32
433 1420 109654
799 150 289636
1830 1694 163879
14 2084 199461
1040 966 29
1010 837 295068
1434 2003 177717
1768 1691 324251
1702 1605 32
148 724 32
1476 660 37
1801 1111 116168
950 2234 85129
1975 1052 33
1920 484 108827
1046 611 31
1496 1317 4619
748 392 61
452 2442 32
904 314 34363
296 1293 73934
371 2237 228312
52 1434 284265
308 1415 346432
449 1074 124518
941 1066 32
189 253 209491
107 2106 39
2315 216 29
1112 1751 32
1816 395 29
1777 2240 29
1427 1754 12663
1024 1256 2782
933 1201 203896
1344 2217 109861
2124 1002 29
533 616 157
283 1422 29
1629 855 31
2153 1862 29
1995 2404 32
2235 1257 66224
32 1205 29
2055 54 29
2029 976 33819
2063 17 226640
1321 591 72473
740 625 34
2097 467 29
1993 707 165105
69 1208 10008
2370 12 32
1832 174 29
1793 656 32
1104 840 189707
1010 840 31
1462 1847 353486
1477 152 29
1475 2379 32
2042 1065 76151
795 995 32
1356 2263 70309
1113 1884 122
2094 1435 29
2285 183 29
309 613 18417
97 893 174589
1393 535 32
411 681 171230
268 1143 32
2347 11 327660
1987 1513 45
1566 2369 13757
2215 1341 29
2299 635 29
712 1778 307
1472 1021 29
1248 767 33
1284 1910 34
2062 2249 4045
1773 255 7715
971 858 29
1656 1264 398883
2408 1527 29
67 1473 53
1059 1385 29
287 2391 29
1919 828 29
1799 2478 3727
675 1389 218033
1501 349 411
2455 508 29
1898 1260 31
1707 1375 96156
1667 311 29
979 990 32
1912 1131 29
1273 1221 911
467 1968 29
775 1566 72521
553 710 89912
2391 924 29
605 1372 25572
1712 545 53100
1814 1458 29
1831 1925 326771
2485 195 141949
291 436 24510
574 1826 51855
2103 295 29
154 2193 29
1368 1992 173517
66 2335 31
1877 1274 7424
12 1217 72462
2498 1564 44
1938 2047 216812
2393 391 29
842 2130 30
299 1170 314290
2389 6 3033
1733 815 37
868 959 29
929 1984 29
1978 1271 57867
1340 2207 1141
2465 487 29
2113 932 13633
2500 283 32
2420 1252 29
1685 1655 55597
95 781 31
913 2342 29
2135 2064 7522
2153 354 29
900 1887 36
688 172 371167
1287 1438 14839
2140 1666 4690
1833 2021 1438
93 515 47025
1028 1717 318920
2477 1510 1252
2009 1843 145851
2141 991 3583
214 574 109083
495 754 32
669 1609 37
1800 76 286149
1601 1948 29
691 1398 29
545 1910 37
1733 2038 29
1199 918 128840
2392 393 50282
36 1128 29
1684 1379 37
2012 738 34
703 1049 29
2291 900 159832
1014 1294 29
1631 2192 29
1465 495 29
340 827 34220
1911 1102 6045
2296 453 32
968 1950 62111
586 1724 309505
996 2056 29
1748 1072 29
859 1435 13028
261 1406 31
897 532 29
2314 2437 31
385 1573 3437
2185 86 29
2131 314 29
457 2238 36955
1939 931 29
1182 2234 16539
1313 1079 95433
1694 660 114986
977 1267 29
851 968 47591
402 2095 29
2278 2033 377030
2436 2406 29
2142 870 34026
817 1690 30
1805 2424 2721
1101 1774 33
1243 656 6618
2209 227 136502
385 1653 39
59 1646 29
1087 1964 37504
728 648 176429
2425 2011 64479
1693 2090 366345
627 182 52518
1589 1700 29
1400 1304 203597
1771 2494 83281
492 914 89731
224 620 72213
2157 2282 29
1849 119 1796
470 940 29
1054 1507 49177
553 2209 145760
1819 41 378217
964 2148 9248
101 169 112725
982 937 34
2271 1888 29
763 953 29
1040 768 169
1500 328 24673
1895 1916 29
1002 359 285337
2176 1221 32
165 2327 29
780 1878 29
501 839 32
260 1338 197652
2067 2475 29
2277 2184 35784
66 249 16424
1443 1030 29
1613 315 29
294 1923 60801
2214 1421 8168
1326 1628 101759
1552 442 29
2025 656 38
1107 1749 31652
1262 1021 282145
1599 1326 29
2021 1536 375103
1267 1820 29
1759 1182 296992
658 1423 38088
232 2134 177077
1681 2174 666
177 197 43709
661 736 11205
389 1957 29
480 2426 32
2066 338 38239
1036 2355 83643
2451 2255 121252
166 1570 29
2091 2100 45
1591 2266 36
159 2195 32
2424 1530 29
2450 2388 29
2167 2376 43
1928 69 164157
2408 127 32
459 1420 29
1695 888 367687
334 974 16284
1426 191 69684
1589 1964 29
1529 1122 29
2464 315 2614
1513 1219 30
180 2084 183150
1221 1959 60
59 1480 2508
2330 1739 44
434 2318 36
1777 116 909
1179 1411 7859
1607 607 319727
1185 2110 29
745 2011 37
2016 261 327798
1991 2180 109709
587 2285 15124
1767 234 33
803 2217 387822
2042 231 32
29 1306 30
2333 805 29
1566 1299 29
37 167 92301
2100 61 155699
1714 1430 29
891 778 810
502 487 344667
638 2179 375722
2405 2162 41
1803 171 252380
710 62 202029
1551 876 29
675 1467 95956
2483 1971 212117
860 2397 250045
585 1473 29
1987 1433 29
1216 2448 410
1739 1890 29
1756 2404 31
537 1688 184871
547 2093 29
2062 1852 29
644 766 29
2500 569 46569
1271 286 122484
1428 1903 122557
929 693 32
1360 1751 29
57 1841 29
1269 846 29
343 86 30
2049 1065 13087
1797 1152 372788
1897 79 29
1976 581 99193
294 780 103
1635 654 29
33 1972 317329
1257 536 34
415 355 285940
1006 529 32
249 987 29
1883 1220 1471
2129 1764 29
443 1463 35
1819 1874 50138
2438 2484 29
1264 268 346029
2425 1283 366711
245 294 9927
1158 194 29
2170 864 22500
650 1203 35
870 1748 182644
1167 1921 308386
1530 921 349127
1588 308 246591
570 363 174933
583 2203 356859
1742 581 29
1787 673 35
520 24 29
889 1687 43676
2488 179 29
956 337 29
609 2194 19348
1350 1036 38
1559 1642 29
2439 951 29
1783 708 31
1192 1393 189151
601 1201 29
811 19 29
1466 180 32
1052 1720 8606
1190 1951 29
626 1371 29
835 2308 142820
2218 1216 48923
1838 985 29
586 2141 80210
680 380 29
408 1919 29
2095 18 155975
1582 464 32
1433 1420 34
80 465 7979
560 2407 29
2448 647 29
393 1754 112887
1210 944 37
74 1740 39
857 1340 324345
438 2324 36563
1614 1041 29
1389 1611 148954
1822 259 29
1757 2239 39
1301 986 29
2170 994 29
1358 211 29
1272 768 86775
2417 620 87535
2358 1733 185718
2264 394 29
1084 174 122337
937 806 29
156 844 282398
52 2257 264959
132 1490 225974
764 1192 264023
2429 554 37
2087 961 169174
210 2448 16122
800 1843 70688
435 2102 113533
2144 894 29
1766 394 26650
507 455 161587
1016 237 32926
2468 364 29
887 699 29
1283 2076 594
2252 347 178011
979 1065 12208
328 1717 30712
38 952 175635
1895 1222 122509
1715 551 29
181 2193 30
1803 1693 29
1824 195 93153
2067 1448 29
1554 236 29
1679 1123 29
2214 2325 29
276 94 32
2271 1893 37
1452 1994 32
638 2346 29
1204 458 357282
548 756 29
1839 1534 29
1308 1387 234885
2021 683 30
1967 1508 34
344 1496 35
2433 2021 174116
594 1327 29
581 1921 206151
987 1375 31
2357 2231 51
1303 1797 27695
842 2496 38
2208 1877 333083
767 1714 125427
1154 1814 29
1240 2039 29
477 1095 32
1651 2056 33
1315 2445 145986
1008 758 29
2276 557 33
530 581 43327
1768 31 31
1260 2231 119211
700 902 29
1550 755 148777
1002 428 1066
1090 2468 183109
1907 383 888
2279 828 253666
1115 292 32
2175 1882 29
983 2298 169857
143 885 29
989 337 52036
1825 401 14968
2026 1753 33
1746 2453 2294
274 178 29
866 1502 47
1285 1800 29
2434 1247 8257
1591 1001 306038
1360 672 29
2096 2225 35549
1496 1647 1361
1304 1930 167059
49 1114 29
1627 990 29
110 2369 38
407 2404 26378
2132 2414 317803
1181 1005 29
2454 1434 71833
306 1062 29
1381 330 296151
830 637 40
197 1539 356077
405 1078 29
1892 2142 37314
1783 2240 7373
2155 1374 29
2000 109 1302
2135 1860 29
265 773 13907
70 162 48973
669 1671 29
2109 1723 217022
780 8 55789
2486 1708 29
490 2238 29
481 2485 29
1277 418 29
1404 1753 33
1100 2051 31
2412 908 317259
2220 2229 48531
461 1337 29
859 1668 32
1726 33 14354
642 1925 39
257 1002 4665
1208 710 32
155 1081 65280
255 756 95907
1600 1313 150556
1587 2113 362356
2447 275 29
2308 1986 53
992 998 29
1517 916 6073
2357 529 248539
1758 1152 29
96 2076 77094
1398 234 32
944 2190 198024
835 1693 2867
1088 2048 29
1798 1408 286773
755 1124 128094
729 310 132510
2206 1607 29
214 2392 29
2217 2319 29
1438 880 201483
386 1968 65548
608 1644 185353
2131 1846 3367
78 1451 31
1711 1908 29
4 2165 33
1431 874 30
2491 1820 155697
176 584 32
1927 792 363357
840 291 6754
1254 1375 29
11 1845 29
1548 1928 29
819 2268 135234
1185 1491 332029
2190 161 13468
388 582 42504
2059 1553 42613
1882 288 10983
2419 1920 305818
1981 1813 37
1117 573 32
1833 1419 29
1311 1649 1398
60 861 32
932 1366 19697
1298 1784 29
1736 1943 55861
1717 1775 40
2489 2306 9222
521 2145 226928
1704 2168 21779
1220 2270 247925
1427 1791 36
1757 1966 1746
1746 1237 167233
1079 1116 29
2314 2427 41264
1156 1126 157399
614 2195 32
2342 1159 36275
488 1452 237890
321 1143 29
455 1473 387691
2065 1415 31
2308 1818 32
1622 2230 12932
250 535 71961
1836 1663 138463
2067 2443 31051
83 215 29
1633 924 29
721 1963 217199
1165 2236 31
445 1558 29
1789 87 29
2025 353 255641
1690 106 19058
486 1909 168283
755 507 112485
1892 1462 8677
2367 1806 250149
34 857 183017
351 1271 172353
393 1528 56211
1002 379 217118
863 2420 130008
2199 2197 156117
912 1916 5062
1276 720 29
1362 1002 29
1382 351 29
1551 1623 29
1791 825 7656
1782 97 29
2452 1941 18331
54 426 32
220 1953 75181
311 1310 32
1950 2156 286090
1151 320 223
1233 446 25990
547 2255 176882
860 907 16331
2230 1337 29
1775 1551 92661
1766 2492 32
94 1735 17688
2045 608 29
22 597 92446
1829 981 95987
1894 2023 33
909 1206 29
2241 2080 106906
2090 412 29
1325 1479 31
1620 708 29
2297 2168 141591
820 1517 199118
2317 1547 116
1928 317 30181
2248 1198 31
2027 2122 25918
279 736 398684
1312 2443 30
1033 1611 29
1454 803 19805
1024 172 29
2102 2436 339
81 1641 32
1090 2269 32
240 837 29
759 1099 29
509 1473 287350
2118 228 128800
1144 1504 6447
661 438 30
238 2464 30
145 997 238050
1904 1952 29
1259 930 29
1864 962 116876
81 1005 3914
2298 2278 31920
1532 1829 288898
560 2323 29
1816 907 29
456 867 1460
603 2072 270897
260 1228 32
619 712 29
247 1446 4653
803 1993 51938
1279 198 166160
1204 533 242283
1327 904 32
1016 2460 360098
14 2226 29
2351 2052 29
1011 1292 250616
1287 1893 27289
425 486 215550
2336 362 349696
1287 1084 32
129 821 33
1373 284 29
1423 1964 29
329 1255 15811
660 40 59050
353 1094 29
1799 2390 34
1495 725 29
393 740 8284
1821 1589 33
212 951 2872
1258 1187 18529
1844 1261 29
262 1546 29
1292 435 311477
678 1349 29
1069 2306 204492
1997 1283 29
1509 2274 2732
2184 84 29
1184 1147 277633
1078 925 82121
2287 1862 29
1615 576 313363
1670 1379 189338
760 935 29
1127 1623 29
175 1201 32
909 290 29
1630 897 189435
2297 1380 29
2199 1860 32
1478 649 273354
1658 1765 29
450 1792 36
1833 1275 1440
1747 2475 211335
998 72 149023
528 2430 36903
2445 1018 312774
1168 1875 220498
1087 1492 29
727 1677 31
1782 1796 69798
222 1754 104271
1831 1259 7280
2450 834 33
1119 2240 92
266 2400 29
2075 556 25931
1375 1237 2222
982 2102 52899
2390 941 259349
1534 647 231512
2109 1397 10051
202 1564 225260
1129 1056 29
53 312 29
577 843 29
1603 98 161841
1809 2365 211604
1114 1970 41163
2129 1332 32
2256 783 29
1733 1907 33
2256 556 29
928 948 12272
2145 1462 31
2067 1083 1132
1985 2091 29
830 1339 29
2270 194 2961
1782 860 125423
33 2490 29
484 2491 31
527 627 29
622 2032 78959
658 2134 29
2361 895 29
1841 2364 144665
271 1425 287267
315 941 18073
248 650 11867
339 1628 33027
404 1102 46347
1708 751 386489
1348 349 26132
1340 1432 29
2252 240 29
1736 1786 29
1957 1618 29
683 808 29
1340 1204 166488
857 1554 37
1365 2227 5064
2365 2 29
1057 2097 15484
1339 229 29861
1928 2336 29
258 758 29
1648 973 219357
1499 1657 29
2261 1933 29
1280 1204 48922
1400 2233 43
1746 1328 41
1056 1871 44253
2400 173 33224
277 1756 29
954 410 33
371 460 29
1091 2153 361419
1436 1788 29
282 1755 31
1390 1505 109162
1068 2075 34954
1289 1751 55
615 1945 29
1836 249 146432
33 1753 252373
1973 965 39
1047 2377 29
1293 235 152272
948 916 29
1259 1900 287823
1180 1080 32
462 1542 29
1324 584 29
2076 1091 136809
1918 1974 29
496 330 29
934 876 29
1850 2103 29
1973 622 29
401 2198 2280
142 1275 621
134 1813 29
2068 1541 29
1434 726 29
2344 1219 29
970 948 16162
2245 1176 5666
884 1825 55269
1997 1929 29
903 2116 29
2266 694 14919
1288 739 29
304 965 37
938 1032 48
777 1264 348115
2381 1863 32
2057 2466 35
1179 1550 747
1653 2031 319360
2200 377 16038
508 2300 371990
1526 722 31
682 1862 240395
1402 2037 21000
1259 2092 2627
223 2017 146516
1226 176 29
410 980 29
1805 1996 29
2424 291 52951
421 507 29
400 663 32
281 492 19211
743 888 312054
1176 2277 29
952 12 273445
861 1211 6926
1663 1109 275650
2419 2460 37
1207 2041 29
1004 773 385000
1687 226 29
544 1147 29
915 2133 22583
965 1089 29
141 300 29
2222 701 29
1270 2239 29
1539 1303 29
1044 1767 295323
1905 1213 29
2273 2395 34
1877 2362 3930
392 1349 111755
277 197 309408
457 2438 136638
1123 1571 32
286 1020 42517
36 1766 386211
2254 986 17640
212 538 29
188 1567 32
1540 1921 36
221 10 29
1413 1943 33
795 2142 78963
1138 2000 29
58 2474 29
17 2007 32
1250 2126 46
283 190 16145
525 1402 3610
659 1505 29
551 615 58641
1313 1297 29
1122 357 33
1278 1619 162831
1004 298 33
250 1131 60889
2016 677 29
302 1461 29
2331 799 177949
1207 1348 50020
390 596 212291
841 1091 29
1974 2188 346658
575 1276 91969
1250 61 29
1084 2372 3603
1292 1179 33
2285 468 29
2297 67 196543
2078 1003 352236
1564 2188 29
273 1980 29
626 1654 90915
1982 509 32
1462 405 24569
882 2288 10568
693 1923 32
1841 1423 58124
1477 413 47801
95 1700 6155
2425 939 30
1952 1761 29
1825 1369 29
2291 2110 271258
805 1847 23942
845 521 5476
1483 1169 172191
942 41 29
2071 765 1837
1676 50 29
1958 1094 31929
1986 1234 369188
1897 1407 37
1881 2313 29
1195 954 130270
496 399 29
2207 1178 32
546 2304 19341
2354 2064 29
1081 1425 31
1019 1099 2494
2222 2405 26165
1564 878 361154
1309 2236 29
232 1558 29
701 1675 4281
959 1135 8498
2490 396 51663
1801 909 82998
1594 1665 29
474 1742 29
2413 537 45
608 1879 20232
2309 186 29
2009 434 304244
1596 1014 31
46 2260 44196
831 1936 29
133 1088 32
912 1659 80995
1924 656 29
1680 2442 29
2117 491 29
869 1537 29
1202 547 2884
1007 1848 29
1494 865 135531
815 729 19009
695 1803 29
1837 1233 15499
1292 504 29
234 898 29
2293 2233 29
1844 1510 74942
542 2269 588
386 1930 29
2287 1584 225263
1019 1389 65777
2177 2297 151408
1514 531 45
844 2036 35
2086 1812 46328
324 2222 37
1819 451 332649
2320 1935 101675
1612 1559 6965
416 1963 33
246 273 46
1576 429 32
2379 1110 167820
2385 1332 31
1505 1651 104505
254 2315 29
2424 480 199405
1927 357 29
1652 127 36696
1649 351 11553
2450 1905 137843
1855 333 32
923 1561 49
1749 1046 37
2355 1509 29
782 2487 29
790 2312 29
2473 190 292108
1997 1441 32
231 530 293963
1590 2348 114921
2456 1183 91528
248 1839 226859
1714 319 164637
2335 325 289632
2071 1327 132496
2449 161 29
1182 797 29
733 742 29
617 1812 93869
625 2093 233970
414 904 29
264 2394 29
2125 2270 29
2345 2492 9546
1842 1811 29
475 371 277979
246 716 23113
1218 430 4705
509 144 29
408 1215 29
1785 1162 53
1177 1101 38804
563 105 47000
361 2029 29
695 1838 29
808 2155 29
124 1921 29
119 1702 340964
501 132 306888
2041 1812 29
1987 486 35
1744 379 167525
151 2113 16220
2321 1077 29
2165 2116 128239
515 2448 35584
1132 266 29
1883 639 29
1494 463 29
2035 1710 29
1354 1007 234168
63 2404 38
1602 482 35
401 346 32
946 463 1015
619 538 368125
1230 1373 31
2271 179 29
1576 741 76644
1067 627 29
1724 1026 36
1204 1058 29
685 2193 29
639 2428 29
100 243 173407
2227 1493 37
600 822 29
1713 1274 29
2398 950 110424
1638 715 29
2415 1794 287
1019 803 29
1985 1883 105548
358 584 20996
1927 1835 44378
437 576 335822
597 2394 178928
2494 1528 32
816 1430 5094
1654 1310 49668
1460 2449 252472
1978 814 29
2442 388 50
1870 385 29
682 707 29
506 1010 2384
140 252 29
1528 2058 16963
880 1050 29
2258 1655 36
2492 1439 69681
974 1883 2094
1524 560 38799
548 251 253171
592 71 29
2054 1257 439
2202 1741 29
1878 170 32440
1453 1714 51520
148 757 29
1593 948 215771
432 288 32
2337 1518 29
919 2345 37
753 1224 25496
1132 1388 7235
11 1631 329681
2357 1717 68721
755 313 151084
2300 585 38
2300 1871 35767
2071 1054 9677
2063 407 11354
756 1739 184223
1867 545 1118
1958 1182 225252
1628 153 29
43 2101 29
1262 1959 97944
1001 2476 29
478 1321 35185
1387 2286 269738
2036 415 102054
1921 2071 67622
697 1448 31
883 1865 170
254 525 30404
603 653 32
333 2370 123377
943 206 32
2071 2060 29852
1855 955 280611
1279 1258 29
472 411 56080
615 170 83041
1462 1547 169420
1087 2434 393968
377 1351 148573
446 659 29
612 1833 139217
1548 172 233412
810 685 167120
1580 1965 343661
835 821 367490
940 796 32
630 265 32
2308 2104 13333
436 1993 269
1923 1828 36
468 1081 29
149 333 239600
2435 571 94277
2039 469 29
1004 1611 1481
2385 373 39
1555 1263 382452
1897 986 29
1534 1049 747
1811 1787 29
2379 204 24607
1293 1898 52637
37 2154 29
2091 2427 32
2248 475 309
1616 1014 29
2433 1307 29
626 2024 127507
1945 2270 29
1818 1986 35
185 1131 70577
2177 1174 29
1059 223 29
417 2402 132199
865 994 31
2028 1585 29
649 612 278266
167 192 29
2368 2099 29
1850 983 352911
1318 1751 29
156 1922 2300
1520 2486 29
1666 860 3749
457 1725 147150
1553 2201 373547
1160 1110 304324
2237 8 109522
2340 2284 5695
1553 2478 38776
1071 1392 29
1382 63 29
2074 1971 30036
1448 441 21745
2472 619 116519
2499 1032 29
1689 991 29
1424 168 8102
864 2308 29
2419 1336 82357
1645 1031 29
343 1895 257
343 1208 339358
2136 1533 29
1494 1901 31
1124 1756 29
25 1860 335678
2263 313 32
1788 1244 29
2078 3 294434
1925 1659 67404
909 2179 37
2330 243 167861
2146 1475 29
69 1694 127323
2183 870 16006
458 1827 202610
1063 1960 29
2301 460 29
1238 2343 41042
891 1349 29
1181 826 118946
1287 1437 29
1974 2459 75163
514 928 29
415 2387 262466
444 1036 29
816 554 30
1727 1450 32
2106 1015 46874
1299 1800 37
575 965 74858
1003 84 31
1217 960 29
1478 882 29
878 783 15565
2106 2006 40
34 451 29
469 166 44497
872 208 29
1390 1551 393274
13 1336 12182
947 2172 32
1662 58 48
233 1969 31
2332 2050 345305
1237 2149 368478
1287 659 2781
972 496 347497
829 619 29
1445 1703 29
1956 2479 29
394 526 33
739 2489 33
922 2420 32
1917 1175 30
777 1458 343445
1583 1769 312284
1474 1618 35486
133 1846 29
2249 589 33
543 375 33
1248 814 44
599 289 146563
345 1405 29
1675 669 40
688 513 37
962 2290 29
1859 129 29
251 1950 29
484 18 29
122 2112 29
1792 2244 29
2295 1214 29
836 2205 11485
1710 1013 32
1676 1704 29
390 979 2678
980 1807 2556
1003 1565 29
1404 32 32
2437 489 29
1515 380 32
965 1609 236230
2293 1073 15633
58 1053 43538
698 197 236975
1622 257 17121
2272 2231 29
1449 1496 39092
1061 366 33
1276 2129 29
912 1363 29
934 144 341405
2458 544 29
1424 2238 32
1695 1107 37
1315 92 15207
1642 991 201422
1113 841 32
1304 894 122492
1560 2462 29
2255 995 24515
435 537 28832
1455 519 32
1493 1056 390852
1286 1086 29
2061 1983 55
341 261 33
1088 1908 33
2298 1614 131204
1826 725 23341
1454 1820 96289
2457 1153 18733
621 2303 92164
316 1150 1773
1036 64 44977
1510 1128 29
358 576 299374
159 726 49
488 1017 196151
298 1440 111605
2464 1577 33
1839 1961 41620
470 2125 23537
1715 348 29
1013 146 32
1516 719 32
1807 337 128326
963 1069 311556
1718 989 29
491 2348 46887
2329 483 95325
502 1320 32
1498 1162 31771
7 183 31
520 1899 463
1988 688 2819
1237 403 37
974 1644 32
2100 783 278631
1156 526 32
1312 1078 29
1479 1132 29
2386 241 32
630 2160 12981
1015 728 42
1544 275 29
1730 1456 47631
2098 1077 4165
1142 968 57872
1159 1110 32
2429 1225 98
1660 2412 68
303 533 33
922 1509 29
1657 2060 10776
1162 305 109833
261 698 29
443 653 349882
455 2424 335629
2464 128 29
1175 121 139915
811 1868 29
1298 1830 29
1106 2415 32
963 2278 29
858 1900 34
1224 281 29
2140 1798 29
2243 2302 29
1008 1697 206759
293 2417 37
1955 229 199957
1429 1045 131499
789 1097 29
246 2292 29
1153 1954 288088
1200 1774 29
275 1623 71862
845 1995 53866
185 978 15814
1845 663 37
666 956 308263
454 1773 29
1789 520 244236
1126 1687 29
775 348 2137
758 737 61868
912 2283 32
2293 564 54
1438 2392 30164
1938 505 41948
1570 1777 275190
1299 1886 78874
2443 1753 171218
2360 2397 32
2325 203 29
658 309 376947
278 458 29
9 787 32
891 1849 50146
1435 297 134086
255 2454 29
1947 565 4040
112 1816 43214
2139 485 29
502 1666 36
1895 1599 335774
2030 1027 29
664 2096 29
1664 979 29
2109 822 29
680 1466 142265
1890 1085 38
77 2074 29
1371 507 29
1193 1963 29
86 649 40706
1690 1608 29
222 1262 29
854 302 29
2123 2391 32
1500 1812 29
646 609 33
751 110 376420
1390 1115 29
937 83 29
1842 1767 15876
1783 1649 29
2063 1380 67168
1801 1227 31
1232 1331 29
1775 2419 84450
2121 183 73124
1499 2216 206929
118 951 29
436 28 350172
625 1305 202078
105 1796 30
2086 2116 29
1898 1833 19760
2166 1359 53
1543 1591 29
632 216 34
1463 449 29
1596 140 29
781 719 33788
960 438 140131
2333 848 29
2193 1189 37
1610 1010 29
871 2264 244214
634 2128 35
315 1157 122965
1657 1888 4498
185 517 31
689 2405 196285
436 901 32
2166 1043 29
1945 764 16181
2006 1097 268351
126 133 47
2061 1274 4637
597 546 35
265 1870 29
1854 1251 29
1509 474 178053
655 2222 32
2036 2115 29
464 2186 33
251 366 334202
189 64 33
2479 1616 29
1501 1834 3323
336 784 29
1183 1974 35
1783 870 30
494 774 29
2097 673 29
2011 878 29
1667 793 29
1584 354 227551
1373 136 29
1306 418 6193
899 1777 32
455 6 363986
1511 1147 42267
680 1497 31
765 1921 91391
1166 8 29
26 1858 29
2353 1593 29
635 832 34
1493 1099 29
2123 84 29466
1227 2344 37
439 1555 131274
951 2327 162077
1116 158 29
390 1058 33
1480 942 308303
1639 2213 29
607 1496 34
1044 1445 29
595 285 33
2324 983 19634
455 1479 1605
1868 2047 140226
716 2128 29
1804 2169 29
1741 1416 175862
2275 528 29
1475 1381 1720
1636 1150 8337
2417 447 29
1052 385 201129
2310 1459 202454
1915 1810 159266
2113 2120 29
1331 319 11534
2366 509 29
1699 1297 29
256 425 29
1079 100 29
1924 1452 29
1737 2368 107400
658 861 29
1896 1163 130378
80 572 53
464 2050 153458
641 1230 32
1749 1507 36593
2048 1811 869
1594 1241 408
416 483 29
2385 1384 29
27 595 280
1198 307 8112
318 2362 29
84 779 339873
2235 2215 5640
2200 542 29
893 1042 29
2247 2330 29
848 2261 30
1450 2311 29
1 193 29
56 1583 30522
1382 2010 346386
1447 1662 29
743 1127 315189
1273 1329 29
2356 50 37
480 656 32784
819 1257 29
1385 2248 16412
1196 518 60038
872 798 8410
1112 1354 13523
663 343 477
1228 1643 325768
1080 1116 90505
1549 1729 3271
410 2089 252585
2263 1909 29
1928 1241 61370
1701 1562 29
2084 732 29
171 520 30
482 1225 29
2311 70 100106
1030 1244 62906
1024 718 29
62 2171 51
1606 863 185248
989 363 31
646 1547 29
2245 365 94383
151 1272 29
2418 2262 29
1135 269 29
1802 1260 29
2058 1939 94724
155 1630 29
1228 362 236321
1672 1105 31
230 1768 125928
982 2366 29
762 1487 29
1041 935 31948
2446 2065 273616
2052 1840 47056
1242 89 29
1037 79 991
1835 1657 33
1726 2305 83647
988 1107 232808
2032 642 207374
2399 103 29
1643 1864 78714
1140 2363 29
1740 349 34
1120 862 122
1916 2261 329635
1338 862 20785
878 2242 291974
1149 2222 187696
378 955 4898
1992 1042 62
1556 569 115192
272 2216 29
1076 382 203027
2457 1467 37
1090 667 289664
1484 249 73694
1154 1674 146615
308 394 34
2380 2229 29
1526 332 48
1114 800 29
1387 1805 5961
2471 303 31
1080 1301 35
2466 474 1554
641 2450 279184
1525 1117 133739
739 1351 32
1397 1611 32
2116 498 73281
1083 1278 53555
1835 276 32
2064 106 33
1472 700 211843
1069 666 29
47 2282 31
416 1365 34
566 2094 195540
89 1708 2930
874 1956 1664
570 2014 29
2010 25 2494
1385 1775 291091
2134 527 33
707 1487 29
1083 2354 29
883 1309 48177
1652 1802 29
643 606 29
701 2262 35606
2450 649 16294
1581 113 43
1775 2372 29
1028 2234 29
98 1978 36
125 2084 669
1552 2240 149756
2220 84 29
548 282 29
432 306 33
866 234 15130
2000 1440 35
926 278 21238
574 2033 29
911 503 29
1194 891 29
202 2374 120952
1416 530 256868
2046 2018 295315
1972 1889 29
192 1659 29
1951 1055 294816
2447 791 29
253 645 74618
1455 737 56
1891 1114 212
115 2 49
501 2042 29
30 452 29
1102 2053 29
779 2203 34
2343 493 29
668 943 180840
2359 1254 32
250 1837 29
1208 2170 6626
1746 2146 29
1483 758 34
2412 1404 58663
1884 1020 39
1424 2175 29
2197 2296 29
44 1853 29
392 1517 32
1704 682 191526
2405 1760 29
389 1192 29
180 1715 24561
114 731 46
945 1768 110992
1923 2232 18899
1177 2083 189250
1236 1550 29
1439 1635 326188
242 518 278613
2405 875 29
2062 1291 355429
1169 512 29
1049 1722 29
2101 826 134426
720 1853 36328
2456 764 29
2208 1840 104868
556 1837 29
2113 1186 29
2271 48 54
1246 2132 29
1080 2217 85909
167 519 213399
71 2355 430
49 404 29
374 499 266320
369 556 324963
480 2469 29
1768 581 255215
2118 219 43
1720 2298 29
1444 1824 1642
529 285 29
1659 2062 27000
1087 230 33
1393 1065 29
1163 2416 32
1003 993 82007
649 1554 29
1591 705 30
917 102 284001
1932 1134 29
797 1343 32
518 2111 61442
1697 1901 243093
708 869 29
1285 383 124984
161 877 32
2199 484 257563
818 1889 196983
205 1287 29
305 638 345737
2068 119 44
1113 433 89909
1862 198 33658
141 535 146805
850 641 379045
225 2172 29
74 2265 5260
2396 2051 37727
2448 405 176305
1717 2276 69256
248 1562 46536
1467 2497 29
881 814 29
704 1808 29
1932 1660 32
2222 1471 172158
26 651 25529
850 498 29
885 2448 21229
858 1892 29
2124 1732 29
739 1744 12500
2226 1370 112
1289 1640 29
2217 1289 27293
2037 1542 29
372 1681 29
1122 2418 298264
2379 77 18870
1078 624 214359
1185 1465 111173
958 2359 270857
1162 1720 53950
184 1943 31
1465 1703 23054
1285 810 29
255 388 29
2053 2341 195072
751 1018 29
1451 1894 12269
905 2084 29
1713 259 28167
452 1566 185376
1670 2156 216961
1441 1026 32
768 236 263381
879 366 32
801 2333 32
2221 852 31
669 390 143
228 550 29
199 108 29
1057 331 37
1395 349 64189
1941 1006 32
967 2319 29
2017 1729 356
697 387 29
2384 2033 62
1492 2184 9658
2254 985 383020
1604 214 29
2002 2418 327102
1417 2107 3685
2409 1844 101802
991 137 29
1299 1511 28420
1378 1661 32
2203 638 255376
676 2338 111917
942 2011 30
1035 2473 263658
1718 918 29
1406 681 29
480 730 209126
720 1414 115806
2184 599 305837
608 1923 46
743 1835 48775
1664 642 40084
489 792 32
2262 2378 279814
1357 2220 36947
484 445 205548
2301 758 8298
1084 2192 378104
2131 2500 29
1381 1640 5172
2149 1317 61689
149 98 232181
1536 362 34
1242 75 381185
317 1078 9869
321 724 29
385 131 2604
885 1468 37
1673 1598 32
2092 376 29
1402 1547 32
1600 2108 31
63 719 246300
1238 1489 757
1782 2402 29
416 1190 392521
317 1169 91243
2478 824 29
1058 2461 29
2106 809 29
2229 1849 29
2342 1509 37252
1071 440 4183
518 1316 37
1550 313 41
1855 2148 29
1864 920 29
296 2260 29
1612 1765 75642
549 1759 34
1090 889 32
1048 2462 32
1423 827 48
1331 2254 29
1386 900 32
2231 2042 101332
1869 1648 138091
146 803 29
1161 2218 318042
1882 1528 106669
755 864 33
1179 504 29
2406 611 29
968 1126 29
1055 983 29
599 174 71926
204 1299 37
2274 2134 29
847 2442 15748
807 2424 333251
1888 1126 31
94 1013 245277
969 1833 29
2409 1717 29
1473 2118 32
512 1969 33
495 1302 307776
1581 1955 37
1000 1027 29
45 2334 32
496 946 23882
1361 701 1436
1426 2458 36
1779 1991 52
844 1938 29
494 105 363582
1558 402 4343
447 2334 29
580 1334 32
1760 2249 183022
1375 743 327
1051 2338 31
447 1249 224528
562 1042 37
2490 2202 6026
501 1810 29
94 2472 157130
2421 687 32
1019 1889 21353
1273 2375 32
2008 635 164591
1898 1786 373295
2162 2085 40404
949 249 32
1388 623 39
90 2063 263371
2453 2361 6780
1330 786 24068
1008 2481 32
1940 1821 67824
305 801 29
236 1082 29
1457 1605 37
1166 1943 62316
1434 2379 29
329 460 18131
1472 411 35
1954 796 176446
1079 590 42540
1783 1756 12458
2036 14 198899
2239 1966 1553
962 474 29
1250 927 34
935 1821 29
2397 657 32
2173 2195 106203
366 1904 27975
2044 599 29
2497 1927 103700
717 2105 32
1689 1654 31
2320 1659 37
1317 1043 29
735 155 170648
1372 2449 63830
2159 369 12494
1034 77 32
167 1681 746
2051 1411 99496
980 169 9932
1176 487 328409
1127 1035 146361
2040 86 38
1105 523 29
242 1568 8252
1771 997 63
1997 690 374808
2349 537 29
31 845 397433
1674 359 103817
1624 1260 29
40 270 29
677 144 93919
1913 351 33
2220 90 397256
1158 686 7187
2407 1583 18551
1418 1395 29
1087 1214 3229
1536 798 29
757 1282 18400
928 262 29
1124 1111 38
617 671 29
1125 776 29
1878 1604 19065
1756 1944 28904
177 244 1709
433 1145 14975
30 1912 118619
2262 1321 154219
110 2221 29
841 745 29
1554 1534 211832
2482 1538 29
1741 1738 6551
830 495 32
2398 727 37
602 1944 29
1865 1486 29
926 1727 29
1943 403 1503
832 476 248127
1768 1141 29
1900 1827 50638
323 646 36162
808 575 60874
491 1217 29
432 584 324091
26 247 49356
961 764 29
1521 1387 29
2076 1929 733
903 533 177457
140 38 376910
923 245 29
2013 2182 34
1368 359 29
1397 347 29
91 1198 37
1632 754 29
648 994 209085
1213 1945 40695
1145 308 29
2107 635 110753
372 2070 47
1144 1555 29
9 1186 37
641 1318 345163
1892 43 29
895 2458 29
2058 1084 76986
437 2178 29
46 2122 115652
1424 445 138082
40 403 385471
1615 2439 279294
1015 2467 283009
97 1246 67439
1444 1170 244154
640 962 69
915 90 29
2089 1191 328161
1597 1689 29
1443 1157 29
2118 593 271708
85 2422 33
270 1249 29
2376 2453 385546
2448 1076 32
2248 2405 76613
1565 628 101560
426 948 53044
1657 476 29
2156 1615 29
1337 2030 96543
917 493 399110
1871 109 31
2326 627 27129
1053 2356 32
260 1397 29
356 1599 37
951 449 31
2024 1325 29
2033 1358 37174
1462 137 199741
361 2215 31
1587 1634 29
1424 2187 277961
693 560 116590
894 713 119869
2460 2070 26217
1976 2032 271091
896 629 32
1350 1947 29
856 154 37
925 1796 29
1159 1998 185278
2447 372 178738
1194 901 113512
520 903 176369
361 2362 200556
1542 2367 50
2372 1480 230037
1100 1714 33
287 1457 21917
2465 2197 29
142 1671 29
1017 455 29
2294 776 242188
2247 698 6305
892 1062 31
1859 2320 38543
696 289 16604
2152 2197 39
408 2027 114426
1293 880 29
75 2298 156909
884 1797 49558
499 1230 77007
2249 746 29
721 466 29
794 1264 29
959 541 32
1095 1358 52
2322 1395 75700
1121 1357 5696
93 577 29
979 1370 48
2451 419 2295
2246 129 37
1351 461 29
169 2492 115279
309 1123 29
1315 177 31
2171 1535 36
1552 461 20157
717 2445 125054
1564 1937 126670
979 1719 64629
896 589 210152
2467 405 29
2363 131 19103
599 2215 151550
1692 2478 29
1676 184 247021
8 1444 33
1494 1587 60975
1439 2223 29
7 858 189199
677 168 32
2269 2488 39741
1912 1522 33
38 2424 31
597 325 33
1098 475 29
1770 1926 29
1681 2440 64085
2063 702 186381
52 227 368739
1888 848 117726
1467 110 39
2253 1554 140471
124 888 40
834 1915 32
1084 1687 24356
334 2034 29
1388 2360 18540
139 1273 29
560 1244 7705
2230 956 29
2257 266 323611
1759 2033 5345
644 699 29
2336 822 32
2254 790 219583
1349 364 152901
1716 1876 29
842 1220 29
2119 411 3040
1791 816 43233
1518 2488 4571
1600 1636 11831
1095 180 226010
1809 1290 29
644 1038 32
93 1217 32
2413 577 168
716 523 159966
370 130 29
1746 1799 29
2008 1538 85477
2312 150 15213
86 551 234293
1247 70 32
2232 1421 198886
2206 1233 29
1453 1233 29
263 22 29
579 206 139818
790 1655 181418
2241 1691 26845
418 623 15920
614 1268 29
2053 1223 174592
1613 2130 29
1096 1577 29
780 1736 61188
1174 1036 32
1553 424 29
2453 558 171332
1391 333 29
255 292 74345
2400 2141 15315
1504 498 29
1219 381 310460
1160 95 29
1197 1387 249459
161 1587 936
2136 1730 32
2142 813 150143
1334 1257 32
224 1002 218832
4 955 4100
775 1711 29
526 197 29
784 1900 31
2243 2095 181775
468 606 138453
2028 1582 32
580 1311 29
742 1309 4215
2471 1650 29
852 2291 1559
409 1538 29
1592 135 142731
1407 1952 35818
1367 1389 29
821 590 32
2398 2031 83008
1586 2331 9041
1601 418 29
195 2493 29
2202 2465 383121
421 735 29
1604 296 29
795 381 29
500 1 326440
4 226 82199
224 379 29
325 1320 29
1827 738 185857
1381 734 44
1665 1405 201877
1484 505 24396
1430 1438 35
770 2138 127985
1728 813 29
1988 1121 29
207 2306 29
913 988 319745
217 2083 54956
1724 486 81178
1394 1502 59024
1243 2022 29
568 987 1355
1207 248 29
670 1593 177947
611 2063 264658
367 323 29
2490 976 33214
56 2470 32
2282 1580 32
2284 2411 36
1831 1503 29
982 1264 112738
457 198 29
419 577 232223
608 1961 198342
1443 2090 77127
2198 1051 34
326 374 93401
1837 1923 214571
1869 220 29
1289 689 31
1682 310 29
1300 1133 31
1094 402 29
1607 144 195235
1137 395 83853
2267 1393 29
2346 626 29
2011 1483 22865
2212 1979 360396
1313 1293 29
1637 1871 29
1070 899 1817
1067 184 155712
653 607 29
2320 14 3162
1663 973 29
2449 174 107079
1717 446 29
1056 2318 5333
2329 740 29
1676 1708 32
2291 492 29
1976 1412 29
912 2075 29
579 513 32
865 1797 142116
161 1852 84437
683 2187 340139
735 1454 123094
1138 1181 286986
2480 2224 53869
72 731 29
1486 2164 107886
921 215 31
284 781 173275
2270 1706 44
1555 2410 33
1639 531 37
82 488 29
1306 1009 29
289 1735 42
374 372 29
394 574 80203
52 886 29
2139 568 29
1309 1465 230714
2111 1421 4979
1133 1338 32
1723 1705 37
1171 2276 32
1335 919 16415
1308 1572 29
2413 1320 10202
2266 1367 17841
2436 1987 53055
1756 1673 176300
1655 1319 32
539 1011 261537
1021 1532 32
389 135 46359
675 1161 31
1451 2245 221025
2367 2295 144721
2227 168 29
2073 1083 41366
2260 2040 29
1284 986 37
1877 1654 29
162 25 40
395 1451 120665
213 1169 363415
1301 1824 103520
131 1451 37
1440 1586 30
1940 1183 246198
2053 1962 37
1060 714 90768
15 1280 29
1981 1537 29
1491 1327 37078
1737 211 30
766 2404 993
2338 2469 32
2454 263 315096
778 2252 32
510 62 112275
2331 3 29
25 840 641
60 1076 29
576 318 205693
78 2063 104210
2043 1520 29
2219 1272 96756
1548 604 76944
464 2021 37
1059 1332 193557
1731 2210 32
1485 2288 29
2436 1693 12094
1270 955 41300
1406 355 50634
1394 689 143962
202 2050 29
1778 575 32
1871 651 198564
693 685 81179
31 2137 29
226 592 211074
2306 58 29
368 1614 31
1155 1019 30303
66 1002 170657
2460 2099 48
837 1783 6143
1303 778 32
1595 555 29
1232 2217 24849
888 1389 341346
634 584 43
2209 2012 200757
2219 125 29
2087 1536 29
1852 1232 6443
105 2208 29
1071 1568 70853
1534 2201 29
2147 1410 29
347 798 241682
1913 2303 29
2024 1069 29
1431 646 16992
1188 1636 29
1056 173 32
2463 616 326290
2149 2273 61099
324 42 29
177 172 29
865 1211 93
80 1066 37400
1216 1145 9295
1750 1023 29
2056 2358 3117
1310 1078 4855
369 2030 29
667 730 29
1105 1932 71239
967 1079 146
1766 2137 36
831 1977 44
206 239 13110
445 2443 29
1128 1054 503
2122 966 333774
1721 1848 29
706 1498 29
2405 1659 40902
1390 2310 320428
1129 493 1013
1525 1168 32
1108 2091 34
2161 1651 29
489 1127 225625
1538 1902 32
1460 1874 32
2243 1104 186202
311 375 29
1606 2022 1315
1825 804 29
1925 2079 66
2475 1944 33
1885 2330 592
1810 1802 964
500 1533 29
1707 1085 29
1541 288 5954
407 2105 18466
2400 819 70055
1442 1935 29
974 2427 134193
1130 1194 136229
309 2343 46
1442 238 29
1018 2149 279672
1125 1183 249368
1352 698 227163
1474 1291 420
1289 780 29
923 190 304439
1650 373 29
1410 697 239
2028 1037 1817
441 385 29
2275 2214 919
1834 1035 29
239 200 3519
549 1786 21068
1869 1514 6517
77 1494 69619
1020 1643 45
539 114 24866
945 1747 53966
2205 1476 101478
