49 500 99
2 33 267
29 42 47
8 27 99
40 37 82
37 43 594
36 11 37
39 38 651
20 1 1026
37 46 2
15 5 1009
13 34 234
25 4 135
29 25 79
41 14 697
33 34 668
29 36 46
3 40 395
9 36 2
45 47 152
14 21 197
19 25 143
36 42 2
41 5 1196
5 9 774
31 15 321
33 31 8
7 11 922
47 18 2
33 44 508
7 21 338
18 31 254
4 9 36
35 12 5
2 5 2
10 47 7
45 1 718
23 17 587
1 11 23
31 35 12
13 37 31
42 40 17
42 4 89
49 24 24
27 45 169
5 35 123
4 22 329
37 29 42
2 13 61
40 25 50
38 43 1531
31 38 258
7 44 66
27 32 218
21 20 232
26 23 287
23 37 32
33 37 5
27 3 466
16 32 39
39 42 556
14 3 11
49 45 231
46 5 247
4 48 4
22 36 118
46 11 317
24 36 1265
29 45 107
20 47 47
7 31 126
20 40 320
11 29 152
5 38 850
44 2 37
36 35 298
11 21 175
22 16 1337
4 15 159
13 46 46
21 19 5
5 28 473
26 20 359
4 6 662
40 23 173
34 23 279
22 26 139
21 40 12
16 7 2
14 10 123
49 17 1500
17 14 858
5 32 64
40 12 105
48 28 20
26 33 83
18 23 131
12 20 45
38 4 77
13 41 537
15 26 32
9 37 168
14 16 25
37 49 325
49 30 1676
9 39 406
40 24 987
14 11 768
30 34 1887
36 14 436
23 41 523
14 20 2
11 12 452
5 43 60
6 19 625
1 8 11
28 39 317
44 30 1857
9 25 17
27 25 34
9 26 2
47 31 244
16 15 879
32 12 24
2 14 40
18 13 123
29 35 122
9 20 434
10 19 495
41 20 707
37 48 8
7 12 94
37 2 208
24 38 1361
49 9 898
37 38 199
15 35 540
18 28 637
15 1 47
45 9 238
2 11 1085
1 40 220
34 47 38
19 31 23
29 22 236
22 47 1448
14 44 152
28 4 10
5 17 1272
27 42 18
40 18 679
39 36 512
21 29 2
11 42 23
9 3 535
27 12 146
31 44 375
10 11 1336
47 8 1306
5 45 123
4 45 66
18 6 22
19 48 2
43 20 228
12 2 152
46 35 19
49 3 62
2 16 2
7 32 29
22 2 1340
17 2 1279
8 3 978
12 5 170
17 45 608
11 18 1295
26 8 72
4 23 121
16 21 346
33 39 146
41 15 2
46 48 7
47 43 68
19 26 51
31 25 288
49 47 5
13 23 2
12 25 339
28 31 77
30 40 177
31 6 394
6 28 880
49 8 1467
22 20 1055
17 8 2
38 15 7
5 29 499
1 6 2109
23 21 120
47 2 7
19 29 10
47 5 2
43 45 425
43 16 102
40 22 212
44 32 210
34 43 5
27 21 19
17 10 1585
29 33 24
42 7 680
19 42 97
17 13 766
16 4 354
39 13 15
4 49 568
19 41 192
34 20 162
46 47 340
37 1 568
32 21 178
42 38 2
45 28 101
35 17 636
9 6 1064
48 23 66
49 44 5
27 49 725
13 1 880
34 1 2102
41 27 74
42 15 10
7 1 1232
43 2 101
7 5 11
4 34 724
42 34 1336
42 31 184
48 6 553
44 5 27
30 28 197
3 36 570
30 18 1519
12 8 429
22 1 2
45 48 33
35 23 2
6 44 2
30 22 2
31 43 527
44 4 630
40 34 992
35 26 215
40 15 84
39 32 10
37 10 387
43 30 2103
20 35 24
11 34 1797
30 9 119
39 20 2
47 21 502
2 18 10
17 1 11
27 36 8
22 14 966
35 41 459
26 11 65
2 19 301
29 20 279
10 44 2
3 18 27
23 31 9
8 10 1456
24 20 180
6 38 1318
1 26 148
12 19 27
47 4 467
26 48 76
39 46 112
12 38 262
1 29 288
47 37 266
7 35 76
16 45 113
46 10 381
13 12 16
48 15 186
2 15 938
8 2 1160
4 41 153
8 35 578
19 38 122
26 10 953
1 49 1753
6 43 11
10 24 21
24 17 1910
2 39 15
11 24 1743
12 44 392
19 43 780
29 49 631
14 13 4
38 7 730
10 16 42
5 6 41
47 33 321
41 31 382
49 35 206
6 21 702
34 46 490
48 39 172
46 28 48
39 7 5
1 36 104
48 7 199
38 3 697
16 47 10
41 45 429
28 32 231
24 16 95
31 26 144
40 5 634
12 23 10
5 16 5
28 9 15
4 1 362
45 31 5
6 46 470
18 44 14
33 1 491
21 37 31
16 26 574
48 22 388
17 22 6
7 26 527
41 30 17
36 6 1135
32 24 251
10 32 140
48 2 268
24 12 465
27 7 508
23 15 468
36 25 7
14 42 415
35 32 9
26 5 673
13 5 80
32 37 28
30 36 85
32 22 914
6 47 16
14 30 877
48 34 660
11 13 626
36 13 355
12 45 2
33 35 35
24 33 694
18 19 442
49 13 139
32 14 2
11 16 1040
44 15 1422
27 16 471
23 49 168
24 7 149
3 43 164
39 40 378
3 34 111
23 28 166
43 7 145
26 47 666
33 18 357
43 39 210
46 31 3
25 30 40
25 8 16
27 40 2
23 36 356
43 11 1734
18 10 5
44 9 1050
24 39 164
46 16 191
21 4 2
27 17 148
28 33 37
13 25 460
27 26 2
38 25 2
44 40 803
47 32 98
27 31 119
13 4 140
41 17 9
38 30 42
12 39 67
34 5 51
15 7 717
27 47 680
40 19 27
44 46 436
10 1 1734
19 4 2
21 5 415
10 9 971
22 27 175
18 46 287
18 43 50
28 42 54
33 9 73
17 6 1800
23 7 42
48 49 447
42 20 547
15 43 1693
11 9 50
30 17 2
23 32 5
35 25 430
23 1 856
41 38 9
41 25 5
11 39 889
43 28 1075
20 3 6
32 13 2
11 32 652
8 40 114
43 35 392
14 46 97
17 43 1977
1 41 37
11 48 262
48 35 42
48 9 82
21 49 595
21 25 125
17 11 5
32 15 581
40 16 500
5 23 113
15 45 399
12 31 2
29 14 241
11 45 480
27 28 5
8 29 176
36 43 1365
45 30 666
8 43 1912
14 1 1038
46 9 129
22 44 1895
6 26 1027
25 34 1458
28 19 17
11 22 23
24 6 5
22 42 74
38 21 83
23 11 575
28 29 2
37 26 122
30 29 212
34 41 1602
3 44 80
19 47 401
42 46 170
26 41 42
2 28 486
14 12 38
31 29 65
41 12 386
7 45 85
11 8 2
38 48 133
25 3 703
24 42 1364
34 44 5
19 33 4
4 32 151
44 1 1947
7 8 1068
32 40 241
1 12 680
7 18 24
9 41 31
15 28 100
26 44 910
10 21 658
4 24 804
19 24 727
47 7 17
27 29 10
47 25 1008
18 27 731
11 41 2
