50 1225 100
37 45 318
4 11 6
40 48 15
36 1 670
19 1 918
26 17 20
16 44 113
28 37 516
37 43 46
23 10 396
11 6 1478
12 10 18
9 49 3
37 42 191
20 28 613
31 2 1681
5 26 255
32 9 789
37 23 604
7 46 19
30 16 539
1 9 210
35 34 180
35 47 201
1 40 1203
34 17 131
36 38 154
3 5 18
24 40 798
16 18 688
1 35 785
48 24 1018
4 50 1735
46 39 3
7 11 420
26 38 103
46 12 45
45 8 157
20 5 66
33 1 120
42 15 627
49 29 17
16 17 610
42 39 17
5 18 586
48 20 11
39 28 36
10 28 299
47 15 31
29 13 88
42 18 3
27 40 21
7 3 656
10 29 102
9 27 285
40 17 130
44 38 3
35 25 42
29 24 149
3 1 2336
17 6 368
16 15 3
16 39 901
13 1 103
1 39 323
42 33 88
15 21 211
5 35 291
16 4 6
39 12 70
44 30 220
10 40 36
44 48 5
25 28 529
43 41 1152
33 12 153
42 22 389
32 16 27
20 16 121
2 8 27
35 15 363
30 1 510
5 13 1160
50 34 112
48 14 1393
29 18 3
15 46 745
30 6 329
35 49 131
3 21 227
10 42 55
49 38 502
30 26 23
40 9 469
7 24 215
42 40 210
35 36 3
34 20 530
1 50 21
27 46 183
1 42 471
32 11 3
21 25 3
46 3 882
12 37 81
20 11 47
27 3 283
40 14 1142
12 31 609
25 40 5
21 43 62
39 4 742
2 24 3
4 6 1541
21 40 11
22 7 416
16 1 2096
18 3 822
1 18 377
29 41 167
50 42 299
49 13 27
32 44 27
13 41 25
5 9 895
17 23 232
14 9 154
2 21 547
23 42 130
38 47 16
42 25 135
34 18 49
43 39 569
19 48 102
37 24 742
44 49 425
38 12 171
10 47 173
41 36 396
46 41 144
50 29 222
27 36 27
7 26 40
21 8 874
4 14 1873
31 35 474
44 12 111
39 24 90
18 49 25
31 3 3
35 37 51
16 48 61
1 32 1698
17 50 395
48 50 1220
24 19 529
25 20 7
14 50 6
22 47 1616
10 43 121
23 33 11
35 10 8
30 41 302
23 16 1428
25 29 209
9 20 496
18 7 6
42 9 52
2 44 816
15 26 323
31 29 910
22 9 176
13 35 277
12 47 253
40 28 600
31 50 2003
6 8 6
46 21 192
25 22 960
28 50 54
22 33 128
22 35 720
29 22 334
3 28 1365
5 45 801
21 19 6
36 28 238
46 45 5
19 32 119
23 18 123
6 24 5
21 24 692
8 39 183
26 31 405
21 41 683
24 16 1578
11 29 619
1 11 1808
49 39 7
31 47 61
19 26 6
9 29 18
50 3 1941
50 22 6
37 32 77
9 17 112
43 48 3
48 9 695
13 17 198
40 32 47
21 10 11
18 32 501
1 43 1652
11 19 162
1 23 88
36 12 3
25 45 285
19 6 632
47 40 37
46 33 36
6 49 102
12 21 59
20 1 1287
26 9 186
38 9 568
23 45 54
24 17 280
28 14 66
42 27 95
41 4 1515
4 42 576
28 33 3
17 20 147
40 18 255
23 19 453
15 49 976
36 21 44
37 25 3
32 50 1445
31 48 93
49 40 392
50 26 596
7 25 125
31 33 1396
32 49 720
14 35 602
50 11 1549
43 14 1439
3 43 60
19 14 743
10 50 621
26 18 64
33 35 241
20 47 25
3 41 1784
28 45 30
44 15 86
5 34 934
32 25 84
5 41 1365
46 10 109
1 25 998
38 35 133
34 10 262
35 3 454
41 37 796
10 39 147
17 11 377
9 7 66
11 46 648
39 32 641
14 26 677
8 27 782
11 13 1064
42 13 132
10 24 489
41 44 926
14 45 182
42 14 385
27 26 11
43 13 953
38 6 1096
11 23 1083
5 28 1102
26 16 354
22 30 470
47 32 3
23 12 244
22 44 1377
21 11 122
21 50 746
3 29 865
19 18 91
6 18 239
43 8 1347
36 39 80
8 11 1585
8 24 14
35 2 356
15 3 6
46 29 3
28 24 19
3 42 710
22 46 291
50 9 99
11 27 150
5 16 8
13 34 10
49 1 188
28 21 415
44 45 472
41 12 348
44 13 658
7 34 96
14 46 257
16 13 1273
17 5 415
9 45 6
12 30 4
49 36 121
39 7 28
10 14 689
39 15 844
42 5 515
7 8 361
40 33 540
23 38 825
29 43 487
28 42 93
1 8 11
11 38 22
26 22 739
7 4 485
37 4 130
43 18 388
47 50 1309
26 40 53
2 45 76
50 38 1168
14 23 58
9 23 24
27 32 113
2 41 6
30 38 227
16 10 333
50 2 18
5 15 6
29 26 79
45 15 970
45 42 24
12 8 472
31 18 782
12 19 14
6 15 1733
26 49 167
10 25 24
48 10 97
10 20 48
33 29 51
1 17 636
8 41 9
5 50 1551
24 9 47
24 4 1512
30 8 408
2 9 38
27 7 90
40 44 6
31 30 690
34 45 11
28 1 129
42 32 470
30 50 375
49 43 633
23 32 1067
48 32 14
37 34 451
34 33 3
47 25 86
38 34 612
34 39 14
7 15 585
21 44 26
13 40 668
2 18 131
30 20 204
28 13 3
43 36 235
24 25 684
13 2 9
37 7 119
13 24 13
4 25 165
47 36 234
23 26 336
33 19 306
3 38 116
31 9 1287
5 48 27
38 4 55
17 25 82
2 25 613
11 25 93
16 36 382
42 24 198
49 16 997
48 3 69
41 6 3
4 49 903
8 3 2002
14 29 303
44 20 3
29 23 103
27 35 18
13 33 6
25 13 562
27 12 27
8 34 100
30 47 347
21 35 35
17 10 29
1 10 801
41 18 193
44 39 409
39 17 54
18 11 563
16 11 19
45 35 118
16 45 1000
27 37 10
27 5 159
49 22 192
8 29 287
4 34 1048
47 7 356
36 8 518
38 25 22
21 5 148
37 17 114
30 14 493
1 45 258
3 45 1144
8 9 129
38 42 308
31 6 1966
15 10 294
33 37 490
2 42 180
26 42 50
23 3 1480
41 35 450
31 10 398
1 6 30
1 12 618
47 4 26
31 14 2227
35 39 98
23 15 1360
12 3 544
6 20 990
6 2 11
13 9 18
22 6 15
37 44 11
10 45 144
32 17 341
9 10 241
14 8 3
19 38 53
9 18 36
38 37 22
7 30 3
35 20 74
5 47 15
12 7 11
14 16 1945
33 45 18
47 11 4
3 34 1438
32 4 5
19 46 157
28 32 963
6 47 1221
9 4 983
25 27 6
40 35 64
19 42 83
47 16 48
33 5 1064
19 37 18
43 46 509
36 10 12
17 21 67
18 46 6
39 3 946
26 13 325
30 49 70
48 28 822
2 34 24
30 28 135
43 44 11
11 26 245
35 18 49
29 7 11
25 16 169
14 17 477
49 21 307
31 37 225
35 12 7
4 45 729
43 20 22
46 49 13
37 16 190
40 12 117
19 27 3
45 39 3
30 42 5
18 21 217
17 3 563
10 3 363
2 38 954
44 10 66
34 22 145
43 33 805
21 22 994
5 6 1554
46 48 447
41 9 66
24 18 176
36 48 224
40 8 986
36 32 265
15 1 2134
6 50 3
41 42 241
34 27 329
14 5 1684
5 7 442
24 30 272
30 40 115
4 27 181
31 7 724
28 34 5
14 24 24
45 43 554
45 20 400
46 16 821
32 5 7
20 4 84
17 27 75
16 8 1888
35 9 180
1 7 511
48 37 29
20 22 1184
20 13 717
2 12 300
15 29 740
23 20 745
28 11 1030
38 21 37
6 32 1451
26 3 379
18 20 276
38 10 83
2 23 3
31 40 139
31 43 70
26 47 176
49 33 11
12 25 63
44 31 153
24 11 1269
10 5 223
11 14 1694
1 2 64
44 8 1042
31 1 2342
8 18 275
24 38 978
11 3 27
12 42 23
33 4 1112
28 27 395
28 49 16
15 25 159
35 48 157
31 41 1838
40 46 288
49 5 880
36 37 66
30 11 402
3 49 1017
37 30 123
9 15 1026
2 7 195
34 12 154
48 34 697
13 3 1452
20 46 337
2 40 732
1 26 786
35 28 263
28 8 66
12 15 434
23 22 66
38 14 1227
35 17 8
22 40 1160
35 32 227
42 31 765
39 26 108
29 40 248
39 50 176
22 12 570
9 25 369
6 12 381
35 29 73
48 1 1438
22 36 628
49 47 712
14 47 1509
38 43 6
21 9 337
45 36 96
27 21 3
32 12 296
26 20 68
17 49 71
10 30 34
45 49 3
29 28 66
6 27 677
20 31 169
41 28 27
15 4 3
39 25 271
34 23 11
50 43 1342
32 24 1202
9 44 528
37 49 367
50 20 1008
6 33 59
38 7 283
50 40 991
21 48 54
20 8 1094
44 25 21
21 34 389
19 39 203
28 26 287
44 36 148
25 19 11
14 37 1033
14 22 3
4 43 29
4 29 643
27 49 268
24 27 573
44 11 38
8 31 2132
49 41 81
8 38 1226
23 4 1294
33 30 100
21 6 733
48 42 326
5 38 34
42 44 264
14 39 249
21 7 94
44 26 81
13 10 370
44 1 1421
6 26 551
18 13 106
7 50 330
2 14 33
36 29 51
22 45 277
46 36 71
18 33 59
31 13 1465
2 49 50
41 40 846
18 28 70
29 37 243
13 37 574
14 49 186
3 33 1289
36 4 359
34 24 38
25 43 45
19 15 263
8 48 1274
13 8 61
25 23 578
35 23 324
48 11 18
38 39 436
16 31 6
21 32 113
2 36 363
21 33 447
48 27 66
32 34 797
2 4 1398
20 21 18
47 48 6
11 43 10
27 18 119
32 22 1731
25 6 804
33 8 80
16 41 1687
6 14 11
1 29 362
31 5 38
12 20 126
37 18 195
32 26 182
14 3 2155
49 20 478
11 12 346
26 25 27
48 2 924
48 13 878
3 37 204
12 45 66
8 49 137
33 48 740
34 26 225
48 18 361
36 17 6
6 46 179
5 40 79
46 44 346
28 22 126
27 22 861
13 22 84
37 9 402
2 30 261
13 21 480
13 46 73
19 36 19
3 4 11
40 34 488
47 13 959
47 23 1008
25 8 1004
22 17 559
32 20 38
33 10 297
46 5 660
42 17 12
30 18 11
5 44 42
47 1 1644
24 41 3
16 29 576
30 35 23
47 21 84
25 36 47
31 23 1691
14 21 902
34 1 196
44 23 861
23 24 6
49 31 1189
50 33 64
10 7 52
39 9 11
35 50 530
2 20 717
8 32 1511
6 13 23
46 32 561
35 43 176
21 16 235
24 31 1755
47 46 523
37 39 268
5 25 120
43 7 323
30 46 26
29 2 137
18 12 22
48 38 3
46 24 129
18 25 145
23 50 26
17 44 178
23 6 14
30 25 102
26 43 139
12 24 328
30 19 46
7 32 344
8 15 1793
38 15 57
29 27 123
14 25 932
10 4 257
7 28 119
10 22 896
40 20 3
36 7 21
17 38 188
34 31 1316
39 33 24
27 13 420
19 34 262
16 43 50
5 30 440
15 50 1811
41 48 1026
16 19 269
24 45 76
21 30 77
25 50 803
38 28 736
13 7 146
20 3 186
23 43 944
17 18 24
31 22 2275
32 3 44
8 10 648
23 41 11
12 14 484
15 32 23
48 7 298
2 39 79
11 36 298
31 45 1108
16 9 1110
14 27 770
40 36 82
41 20 902
27 33 380
32 2 1013
22 15 2021
7 19 67
30 45 59
6 28 37
32 29 518
27 20 24
47 29 476
39 20 318
46 42 11
50 12 439
13 45 41
7 23 168
21 4 167
12 4 390
38 27 48
50 18 237
26 41 533
3 2 1605
26 24 407
33 20 586
48 12 214
2 17 217
41 1 43
26 8 629
38 1 1420
3 47 47
21 29 191
24 15 1491
36 30 14
7 20 196
41 11 1350
24 20 847
3 6 1802
17 45 66
19 4 242
25 48 44
49 23 36
38 20 6
4 48 37
26 45 135
16 33 1220
48 6 1173
36 6 451
48 30 288
2 22 59
8 23 36
4 28 1165
45 38 486
47 17 297
47 9 731
35 4 333
37 40 3
1 5 1872
19 10 3
4 26 291
3 22 2135
19 29 123
14 20 1256
2 26 386
45 7 28
6 35 497
7 14 418
37 5 102
37 47 41
48 45 534
8 22 7
38 16 101
47 27 122
24 50 11
47 33 847
31 38 130
11 15 9
28 15 1222
23 40 701
41 27 657
21 31 297
35 7 32
39 22 266
47 8 1503
13 12 241
33 11 968
46 23 77
47 34 761
19 49 204
11 5 3
39 40 293
45 19 207
2 10 397
12 26 14
42 49 32
29 38 389
48 29 419
46 9 18
31 27 300
25 31 298
49 34 7
45 40 357
27 16 269
29 42 8
17 4 433
24 35 401
22 37 1094
21 39 238
20 42 207
32 33 979
48 15 53
45 6 125
34 6 52
30 15 506
47 45 632
46 35 85
30 3 668
17 19 41
2 43 1036
37 2 652
41 22 27
25 3 241
42 34 71
47 44 12
17 41 343
49 50 98
20 36 90
44 3 137
28 23 5
41 14 18
30 34 106
41 25 728
50 46 186
31 28 1396
44 24 1037
2 5 1307
19 3 317
6 39 136
11 42 506
17 43 262
34 46 31
12 43 249
35 11 253
44 33 612
8 42 311
39 27 203
40 43 27
18 44 291
49 12 107
11 49 791
37 11 90
4 22 2003
41 10 531
46 8 248
39 23 63
19 31 334
32 30 387
33 17 156
37 46 247
19 20 39
46 26 96
18 36 42
11 31 43
8 17 424
4 30 487
4 8 1733
49 10 201
27 43 83
18 45 22
18 4 597
33 26 264
40 11 65
18 39 12
22 19 857
1 22 3
43 19 107
33 2 14
1 21 1005
10 32 199
13 39 51
10 27 5
43 22 1496
9 12 117
5 23 1237
29 39 6
36 33 230
44 34 570
33 41 47
6 9 98
36 9 150
22 5 1820
28 46 38
19 2 476
19 41 608
8 19 740
37 1 1072
22 18 370
34 16 1165
22 48 1416
46 4 737
12 29 28
37 15 158
20 37 3
44 7 235
28 16 1263
43 15 29
40 15 116
3 40 172
1 46 326
15 2 1470
49 48 561
45 50 153
4 31 18
16 40 146
36 3 486
15 14 1976
17 30 3
43 5 16
28 2 9
44 14 1243
28 44 657
15 20 102
11 10 212
47 19 123
2 11 1232
28 9 12
19 50 683
45 29 11
45 27 242
46 31 991
27 15 209
23 36 286
15 34 1071
43 47 3
46 38 433
17 12 3
42 35 25
41 7 236
17 46 39
4 13 1219
13 23 3
33 38 683
24 22 44
16 50 1881
23 21 593
36 15 379
39 30 40
37 50 918
13 32 1010
39 41 118
16 7 655
40 38 13
6 42 257
13 15 1274
27 44 41
24 47 1052
36 34 200
16 12 472
34 11 947
18 14 369
42 16 677
46 25 232
31 36 536
36 5 310
23 27 444
49 25 326
37 26 41
43 32 6
13 50 48
13 30 182
14 1 5
50 41 6
5 4 3
27 2 531
10 18 113
19 40 28
16 6 1733
13 19 393
43 42 346
43 30 276
19 35 10
31 39 1046
35 26 3
19 9 278
44 50 1058
43 6 1322
8 50 3
9 30 80
26 48 119
48 17 234
13 38 784
17 28 153
31 17 630
26 36 6
2 46 100
5 29 610
42 21 118
50 27 707
39 48 478
32 38 19
9 11 818
33 14 104
5 8 1604
40 6 826
42 47 400
41 45 103
38 22 1446
6 44 994
12 5 364
22 16 2220
45 21 260
10 6 594
32 31 45
34 25 367
28 43 860
37 21 6
20 29 343
24 49 70
47 2 1134
27 30 66
30 23 200
15 41 1581
32 41 1314
49 7 51
44 35 87
7 42 3
28 19 347
16 35 422
7 33 77
24 33 13
29 30 15
6 29 193
44 4 80
29 17 31
50 36 494
18 15 678
4 40 106
9 3 1156
41 38 1093
26 10 3
11 22 1790
15 31 12
25 33 497
9 43 672
37 8 976
41 47 1309
14 13 58
19 44 50
18 38 315
36 42 23
39 5 690
15 33 1179
16 3 3
8 35 595
43 34 739
2 16 1497
34 29 38
14 36 570
24 1 54
36 24 364
28 47 885
47 39 573
3 24 1723
11 45 708
37 10 22
40 7 115
45 32 655
5 19 221
37 6 816
11 39 669
6 7 273
44 29 346
18 47 453
14 32 1552
34 9 3
24 5 1404
24 43 1105
28 12 160
15 17 475
23 48 859
21 26 24
7 17 7
34 41 52
33 9 6
1 27 968
36 13 258
4 1 2145
14 34 116
