50 500 998244353
40 36 114
23 2 750
49 20 974
31 4 680
30 28 37
31 26 48
43 37 91
35 21 29
12 45 558
25 46 98
39 9 1554
18 7 92
15 28 84
17 8 4
21 49 132
7 32 783
28 1 449
2 43 969
13 50 4
41 40 285
38 39 12
42 49 292
26 7 107
48 38 98
31 17 1219
22 34 731
25 28 61
10 6 554
44 12 74
20 25 346
8 5 332
41 44 28
8 2 4
44 26 210
46 14 232
28 17 206
28 9 188
28 11 117
43 6 12
45 48 134
13 16 1383
3 35 82
23 18 11
29 19 381
42 25 26
40 12 12
40 50 243
41 25 512
29 23 253
38 14 7
30 22 28
25 34 1290
41 10 387
28 26 780
14 8 1260
31 16 8
34 17 1760
4 10 4
10 46 66
30 13 568
33 2 1432
13 49 4
4 35 8
21 4 14
38 32 1078
23 44 4
30 46 7
27 49 732
15 21 4
12 13 447
30 36 10
38 22 485
48 14 48
34 11 1485
24 4 100
5 25 109
43 50 1037
15 33 942
47 1 4
8 11 23
6 45 65
24 49 573
5 12 4
42 50 200
17 43 791
37 13 1758
21 46 140
11 48 587
46 29 105
16 7 8
17 36 522
22 28 4
31 3 1057
30 7 149
22 4 42
27 19 39
45 8 1711
45 36 261
6 36 102
21 5 116
21 9 22
47 17 38
18 10 146
38 19 81
43 38 56
21 2 80
38 44 139
11 43 722
29 26 969
49 11 61
32 45 1219
40 42 4
15 22 111
30 11 313
41 43 4
43 20 12
39 47 2075
13 41 1212
28 45 618
6 15 715
35 11 91
19 3 676
3 11 4
13 8 12
48 9 648
26 24 486
16 42 448
13 29 140
26 34 4
33 31 4
5 22 7
4 13 137
17 3 6
25 24 156
9 3 4
4 16 539
17 11 12
33 38 4
31 18 206
35 13 220
12 31 383
17 33 1308
33 16 12
4 18 131
43 35 320
13 9 27
17 19 807
45 18 317
42 10 7
9 19 784
19 48 4
24 28 21
10 36 165
41 30 107
19 45 133
10 34 1001
19 43 4
24 30 4
30 14 198
11 29 28
7 2 1135
32 27 314
50 31 1422
1 7 1463
25 31 787
14 10 580
15 47 134
10 15 26
48 30 52
14 42 480
18 20 19
37 29 965
33 28 470
11 26 1438
42 38 603
23 47 903
30 29 138
25 39 1044
47 34 2304
20 42 195
32 15 4
50 15 88
21 25 4
19 30 54
36 15 311
22 1 483
33 4 737
42 8 191
14 16 4
26 14 48
35 25 19
18 9 376
36 46 22
22 7 257
38 9 1296
6 3 823
46 37 455
32 36 357
4 36 186
3 44 550
20 31 84
21 20 418
40 19 216
37 48 130
42 6 386
44 18 17
45 49 1925
30 17 403
27 30 6
31 21 806
31 5 340
10 21 20
17 48 766
36 20 10
1 9 71
22 42 12
29 16 680
36 35 164
46 48 81
43 7 7
40 43 231
6 44 50
26 10 958
40 8 203
7 25 609
8 32 29
13 36 697
2 22 300
9 41 815
35 47 336
20 23 7
22 21 102
33 35 627
41 45 78
39 7 80
41 19 8
5 47 536
4 17 84
28 42 7
44 36 8
44 2 732
40 44 135
39 26 4
5 46 4
48 27 29
35 28 12
41 21 604
24 8 403
2 47 19
1 8 40
42 47 336
26 48 196
29 25 4
28 32 115
8 28 260
27 41 64
1 18 803
42 37 680
31 40 490
4 12 66
5 38 405
23 46 51
9 8 8
32 44 476
36 34 370
47 10 252
44 11 486
18 13 596
41 7 4
3 26 1529
17 21 37
37 10 787
34 42 829
50 9 14
19 4 379
36 22 72
34 9 1661
38 13 1621
26 4 1080
17 26 1663
22 24 20
27 10 163
47 36 849
2 9 10
21 7 571
15 9 13
4 30 155
47 12 494
4 20 286
19 20 7
35 30 85
15 38 1047
14 40 391
43 25 503
34 48 182
17 10 114
12 46 7
41 33 35
17 37 1511
50 24 437
47 50 15
42 31 553
22 6 282
7 44 39
22 16 315
29 49 183
6 8 1040
19 14 43
32 10 46
8 37 1537
6 40 345
38 10 713
1 20 1061
27 20 20
50 27 627
15 41 648
18 27 4
46 31 270
33 20 100
32 50 59
6 4 520
12 25 79
3 15 10
22 12 4
30 6 138
42 9 124
9 47 45
3 23 429
29 27 211
2 42 205
15 39 1241
39 43 125
12 30 19
2 13 7
50 1 19
7 6 4
19 5 123
18 12 28
18 22 37
14 22 390
23 17 573
6 29 605
27 23 7
13 31 1535
13 46 470
31 2 1444
49 16 1438
47 31 1683
40 28 4
40 30 62
37 3 1295
16 19 28
16 45 38
17 22 228
48 7 12
24 11 287
43 9 701
23 21 314
2 41 1043
25 2 90
1 36 883
17 42 139
1 39 2136
48 33 85
13 17 20
14 44 108
43 4 403
9 27 442
21 14 794
4 25 7
39 45 4
34 49 2212
47 37 1938
25 6 579
4 39 910
25 38 898
11 42 82
5 11 204
13 28 331
40 7 355
16 32 863
14 47 1611
2 34 1951
40 1 366
16 21 687
11 6 869
50 6 1225
38 37 4
2 28 232
31 11 946
19 49 1078
37 28 593
35 23 172
30 50 562
4 42 12
24 5 8
13 32 66
37 23 202
17 16 1109
12 48 125
9 20 604
46 11 225
39 44 228
19 18 46
1 49 7
3 46 247
19 21 498
3 49 55
37 44 154
16 20 55
18 6 107
49 43 1153
40 15 66
18 50 647
39 28 685
15 1 141
7 5 199
24 46 4
6 20 30
14 25 729
22 20 102
42 7 359
41 37 67
2 39 1772
14 17 1155
21 43 570
45 24 398
36 9 497
44 5 45
2 32 36
12 32 178
20 8 598
44 42 202
40 24 39
35 45 789
7 29 543
41 18 93
7 33 35
5 16 246
38 8 1423
20 38 115
45 43 108
43 32 632
43 29 448
25 23 329
28 27 64
29 34 1195
16 35 487
48 24 49
23 8 586
32 11 4
29 4 4
22 26 674
14 27 155
48 20 4
16 44 64
30 18 4
47 43 1184
1 48 1199
46 7 181
18 16 158
37 45 4
49 35 248
28 44 159
48 28 180
31 32 965
19 42 261
27 8 563
28 3 145
12 27 37
12 24 10
16 43 19
38 23 191
8 29 87
27 36 4
17 9 4
39 29 991
29 42 14
16 8 1166
6 31 12
33 44 110
36 3 477
1 5 569
33 43 51
31 37 11
50 20 859
13 23 767
40 20 204
18 32 292
29 9 50
6 41 7
23 45 194
44 9 591
39 17 1620
21 36 288
36 19 28
49 18 671
20 39 207
8 35 155
25 27 221
