50 800 736594838
16 29 2080
44 9 555
45 23 132
31 25 5
18 20 628
43 44 5
34 35 40
1 12 1063
28 47 544
38 24 1192
22 38 124
19 25 8
48 15 8
44 1 600
43 1 636
8 34 565
30 25 85
12 38 402
33 25 14
38 37 51
2 30 926
22 13 23
37 5 905
25 44 367
49 19 568
44 47 9
3 4 101
20 22 1504
35 10 24
49 1 929
5 19 1669
35 14 7
10 48 357
14 44 126
47 10 34
34 10 5
34 17 638
4 31 1030
39 3 247
10 1 259
49 26 134
10 20 634
49 13 585
27 41 19
19 40 830
33 17 1300
45 33 1024
6 41 87
50 43 9
26 47 13
14 2 979
38 18 14
45 9 41
8 7 5
17 30 800
13 20 1277
48 31 853
2 11 260
46 15 159
6 43 339
12 47 140
45 46 434
3 44 9
1 14 171
39 22 80
5 11 391
16 48 972
42 50 180
29 30 1233
17 35 1047
12 7 31
6 4 55
24 7 75
43 13 385
35 22 87
13 29 1823
30 38 11
6 30 859
19 6 1311
37 17 551
43 3 5
3 41 30
12 6 110
30 41 296
8 18 571
22 44 479
23 50 44
46 37 8
42 14 19
23 18 179
2 50 457
29 41 329
30 11 207
44 26 29
35 36 285
35 23 346
7 36 145
43 42 266
14 27 484
11 14 229
1 26 365
12 9 170
21 4 1182
32 15 126
50 41 70
20 42 981
18 39 26
12 21 1075
10 12 290
38 34 37
14 31 85
31 49 636
20 49 104
25 2 1552
40 18 526
32 44 7
13 19 5
35 4 660
11 50 29
32 48 171
36 10 119
43 18 104
45 20 5
2 46 560
49 45 127
34 16 215
20 19 1084
12 25 688
37 47 20
25 40 1065
3 10 96
3 33 326
23 29 405
7 39 818
32 27 191
41 17 126
40 47 244
26 20 441
43 37 55
42 32 136
45 44 258
4 44 148
19 30 55
23 34 97
35 45 875
1 16 12
30 22 200
17 16 1613
37 28 719
16 31 5
29 4 162
18 21 139
12 29 287
4 24 103
27 46 215
44 33 259
4 46 257
48 17 70
25 47 345
32 19 188
14 34 20
2 8 35
38 42 13
7 1 1407
35 41 402
3 36 5
32 29 787
32 16 353
30 49 254
23 17 160
37 13 143
33 50 237
7 42 813
6 39 1210
32 18 57
2 23 218
27 18 412
16 10 173
42 15 545
46 50 15
34 18 9
38 43 176
36 4 87
10 23 185
7 3 151
48 37 259
9 5 5
36 49 13
10 30 8
19 17 1207
30 23 228
47 2 435
48 43 86
41 31 711
12 45 80
6 32 525
12 49 9
10 22 225
38 1 148
2 34 742
21 38 108
34 46 17
40 28 60
13 5 1715
41 32 110
21 43 548
6 26 495
5 7 103
6 45 10
16 4 1097
39 47 136
35 46 84
25 14 71
40 6 38
8 24 57
22 25 18
4 27 5
13 32 227
46 42 116
29 20 93
4 43 125
6 10 735
38 47 87
12 43 74
4 38 592
36 37 82
9 29 7
19 26 138
13 17 1280
16 15 867
12 18 304
33 8 941
10 8 578
22 9 2115
45 25 1358
34 49 189
11 43 13
37 27 298
50 26 20
18 30 5
37 33 100
45 42 1021
27 2 81
11 33 400
44 29 596
17 4 36
49 14 314
40 31 1062
23 9 337
2 10 724
16 41 800
16 46 271
25 13 5
3 6 272
31 45 1353
4 41 23
40 20 13
50 14 103
19 2 1358
19 43 317
19 44 287
32 28 558
35 9 1323
45 10 621
30 15 323
9 36 412
14 8 669
34 6 702
34 40 385
34 19 91
40 39 724
13 8 1088
8 30 626
1 11 765
13 47 265
37 16 225
1 20 1601
23 28 243
17 22 1667
37 32 10
47 34 33
18 14 6
10 19 85
2 32 494
39 43 221
10 27 374
17 5 39
27 12 7
40 38 632
7 18 577
31 18 134
29 7 102
11 42 367
32 5 717
15 24 194
22 2 1836
36 11 5
17 38 905
4 32 223
1 19 47
29 11 442
28 4 96
21 37 260
12 36 45
26 37 5
42 5 1585
47 45 356
40 27 8
27 11 57
2 36 313
30 46 35
50 4 185
48 36 53
17 3 264
21 31 8
34 42 66
11 21 717
11 44 16
25 34 147
16 26 245
30 16 126
45 19 1083
12 33 517
45 8 10
19 41 582
43 49 32
48 49 22
28 19 1459
46 17 458
15 40 22
41 22 908
29 24 15
11 6 223
14 48 455
35 20 816
38 23 279
20 27 37
37 25 174
20 12 56
42 35 8
21 28 1778
35 15 455
16 11 636
24 2 8
30 48 387
6 38 971
26 7 368
7 25 1117
30 47 65
49 50 53
40 23 86
19 16 23
41 9 258
44 5 580
35 3 265
22 4 1249
29 40 172
32 26 9
40 13 963
12 44 88
36 14 197
26 36 74
42 13 13
26 43 41
47 31 320
27 25 842
4 33 817
24 18 903
22 21 5
5 50 689
37 23 120
39 20 968
41 7 49
7 45 10
14 29 1283
3 30 151
46 12 173
7 32 273
38 10 26
45 32 416
31 26 237
23 11 5
32 12 158
35 25 41
44 42 245
16 22 9
6 14 902
13 50 283
43 45 263
28 25 1603
35 39 5
32 46 5
47 29 685
41 25 647
12 31 801
26 35 64
47 27 173
18 3 136
48 28 123
40 36 113
32 1 453
28 15 179
15 38 399
11 35 274
23 16 684
46 7 320
41 8 69
20 7 8
7 34 413
16 47 378
1 35 128
24 22 2016
28 17 16
17 9 32
2 39 1109
36 23 7
46 36 54
26 5 810
15 7 37
35 49 413
26 9 830
13 7 1144
31 10 174
47 22 425
22 1 5
27 48 5
16 21 5
11 18 168
41 48 11
27 28 110
16 39 56
12 17 85
46 43 30
28 49 230
1 18 257
21 25 15
23 22 762
46 23 82
46 40 295
15 12 5
40 32 258
32 14 65
37 30 21
22 26 329
41 49 5
6 42 1165
5 15 243
26 33 118
47 1 485
14 13 47
50 24 541
18 2 741
33 30 39
13 28 1608
50 9 612
38 28 1085
27 34 310
15 39 496
50 20 290
9 47 641
15 6 114
26 46 5
29 38 1415
33 9 1529
1 9 2253
24 9 5
30 20 674
21 1 9
2 6 5
42 40 795
33 13 8
49 33 465
31 2 1485
41 45 111
13 35 28
40 49 52
50 37 32
24 43 466
42 19 7
46 20 401
32 25 264
32 21 381
33 19 5
25 39 25
33 35 12
7 4 9
3 42 288
29 25 2021
33 15 565
27 23 39
19 46 167
28 26 668
19 27 773
11 9 366
28 35 1149
28 22 1950
22 32 402
12 13 776
36 8 122
28 30 929
7 40 5
8 1 1532
49 17 133
34 13 114
42 39 5
12 42 622
34 43 78
11 12 29
26 40 353
48 1 1156
20 16 1321
20 3 178
3 25 443
42 33 5
20 11 148
26 39 85
44 31 410
27 26 258
41 15 5
42 29 1595
49 29 384
27 9 132
11 24 336
29 3 532
45 38 833
13 23 505
29 27 199
12 50 107
1 25 29
38 32 105
15 8 35
17 10 694
26 24 754
20 47 293
24 36 358
50 18 69
38 2 1020
24 10 909
44 6 359
24 17 21
25 26 206
34 28 864
15 49 9
50 38 123
29 1 2393
11 3 7
16 18 130
32 23 73
26 14 37
8 43 202
29 46 838
46 13 217
46 48 203
23 49 5
30 13 67
47 5 670
38 9 1258
4 34 380
39 4 659
31 37 192
16 49 724
20 15 71
19 36 413
40 30 546
30 42 31
17 45 5
24 19 1563
15 2 138
6 17 5
27 42 677
34 21 248
12 39 495
24 23 324
23 12 22
49 46 82
29 43 524
49 44 40
14 15 372
19 38 29
5 14 1270
30 44 107
41 36 18
4 13 885
46 3 45
29 22 2254
14 38 5
39 1 120
36 5 462
5 31 1953
6 47 492
48 9 173
45 18 658
8 42 876
43 32 18
7 14 632
8 40 8
21 19 30
3 27 76
49 7 67
22 27 1166
3 50 13
6 48 85
20 25 1248
17 1 1704
38 46 81
7 17 21
18 47 51
24 34 823
37 9 878
31 30 99
5 24 6
49 21 851
12 16 920
15 34 224
24 14 1137
1 13 39
38 20 735
43 47 13
23 5 368
32 31 289
39 17 1063
10 4 402
14 39 13
33 32 151
28 44 509
26 42 103
1 46 443
23 6 213
4 1 1279
26 10 13
33 27 775
3 34 88
33 41 516
7 48 23
4 14 510
2 20 21
37 11 102
33 10 63
2 21 1745
9 18 1031
5 8 95
2 1 1935
18 4 402
30 12 342
17 50 371
50 44 5
28 31 1681
37 7 408
34 1 275
39 48 570
16 2 1588
48 50 119
44 10 66
10 32 26
31 35 65
41 24 215
21 27 1085
46 14 47
2 26 661
5 39 1465
47 42 187
50 30 85
20 6 16
25 24 1618
29 37 1001
44 20 193
34 22 258
43 23 27
37 14 28
42 23 390
15 4 21
50 28 519
21 29 2156
39 31 37
24 28 5
33 2 1284
21 9 2051
9 46 744
28 8 34
21 17 1629
33 6 1171
23 15 13
38 35 5
6 24 13
37 10 8
7 31 976
13 6 1441
3 8 187
26 12 200
8 35 757
49 47 61
37 41 190
39 11 329
47 19 227
36 13 457
50 40 199
26 8 379
15 37 180
19 4 841
33 40 927
28 2 5
24 49 261
43 17 309
30 1 195
41 43 49
6 29 38
43 30 118
41 47 86
26 29 923
3 24 351
50 6 398
18 33 58
45 36 200
1 45 1721
40 22 1284
11 49 10
35 16 65
15 50 94
37 22 305
31 36 561
42 16 47
34 11 103
44 24 503
14 21 115
48 45 74
35 32 97
13 44 336
39 19 11
44 36 13
40 9 118
5 29 5
12 22 1044
45 16 1550
42 37 95
15 27 13
26 15 174
17 32 406
19 14 35
8 31 1142
46 31 239
9 25 1708
35 47 103
48 23 41
21 26 274
8 22 1449
25 36 523
50 7 220
46 44 20
29 15 299
17 11 204
5 40 146
16 24 1863
13 31 6
31 38 66
35 30 13
14 16 104
48 38 515
31 19 16
29 31 2039
34 30 11
45 2 16
8 46 389
27 50 128
42 10 43
39 8 821
28 14 988
49 5 336
41 20 76
20 21 1538
10 49 248
9 42 1418
13 41 665
41 44 45
11 46 60
37 3 65
30 9 1082
17 8 13
7 22 1326
17 26 533
3 48 67
23 4 52
37 19 127
44 35 173
5 2 20
6 8 16
50 19 238
23 8 105
36 6 285
11 22 746
50 32 9
39 46 107
20 43 222
48 5 206
38 16 88
23 47 53
39 27 608
25 23 585
28 9 8
27 5 180
3 38 221
