50 1225 1000000000
41 15 294
42 13 166
16 30 1201
6 35 43
8 21 2295
2 15 497
19 1 206
4 9 214
39 24 324
22 30 39
7 34 150
9 42 23
10 41 201
31 11 147
24 2 206
7 42 47
7 2 6
27 11 1384
22 35 58
48 44 75
40 42 9
39 38 6
20 39 129
36 4 239
22 39 422
22 9 199
37 43 160
2 17 301
41 8 841
25 38 331
46 18 1297
33 21 995
17 49 16
40 16 729
16 34 96
20 34 14
16 41 328
32 39 9
6 20 999
12 8 1345
35 47 6
32 27 195
17 45 1354
3 42 38
39 46 464
22 15 1387
36 38 42
10 33 6
7 16 464
39 30 235
36 29 177
21 48 1376
37 28 527
50 31 43
6 27 1064
1 26 1795
23 46 767
25 11 1643
25 21 8
13 10 295
45 15 9
18 12 59
50 9 6
37 3 223
23 21 212
25 24 1217
17 5 630
13 16 264
10 8 247
17 50 250
44 17 143
47 50 436
50 33 58
34 47 1261
39 5 21
39 17 442
29 43 34
31 24 50
40 50 18
17 27 1287
37 39 8
29 26 77
20 25 29
49 6 29
18 33 669
1 13 1046
21 29 233
7 20 208
32 49 601
39 8 788
25 29 145
26 21 52
45 42 687
25 31 773
5 50 85
12 13 20
32 4 38
16 48 1264
44 36 11
19 29 407
17 10 65
2 22 255
16 11 1759
35 48 108
18 29 73
44 47 289
16 1 2312
11 5 758
19 44 46
24 6 6
24 41 349
49 41 617
28 34 1193
19 8 174
2 5 55
6 46 15
6 31 67
42 19 32
17 43 1024
4 10 413
49 39 580
1 29 1159
33 4 457
8 35 6
8 13 1002
39 4 69
4 3 582
4 41 62
30 48 14
47 15 1868
12 49 969
6 43 848
46 1 51
28 31 187
27 21 27
35 14 1463
48 31 33
13 35 876
43 38 134
15 4 100
6 5 541
23 25 118
43 26 15
33 24 41
27 35 1795
33 22 71
36 48 107
25 14 48
28 43 1212
42 23 231
29 33 319
10 12 403
29 11 798
50 37 12
25 49 1768
50 13 67
13 43 59
22 38 357
25 33 831
37 42 70
33 9 39
18 24 977
32 36 101
7 29 71
13 6 484
18 1 1881
7 6 253
9 30 64
38 45 301
1 37 719
44 5 178
20 28 1348
22 50 236
4 28 1091
44 37 52
29 46 677
15 13 232
48 23 526
15 40 679
39 33 139
33 41 174
4 31 359
4 7 115
29 2 99
4 38 52
33 32 206
35 15 1988
19 14 678
11 28 9
15 30 1065
38 46 414
45 26 14
30 28 143
36 34 239
2 40 22
50 28 429
49 36 291
35 17 44
6 18 1106
34 4 6
37 14 173
2 38 15
27 5 113
14 6 907
34 29 27
22 8 69
30 21 1131
48 49 54
33 26 653
17 1 77
17 38 379
49 23 909
46 45 1482
42 48 58
6 42 85
30 14 570
48 10 20
11 34 1059
4 20 23
30 2 106
34 14 9
34 48 669
31 34 416
46 34 908
17 3 32
23 35 1070
3 44 55
27 15 10
44 38 69
4 22 794
16 33 969
39 45 270
33 15 906
12 30 438
18 10 733
18 26 6
5 7 60
33 13 224
17 16 1540
8 40 466
32 24 499
27 4 54
15 9 620
43 34 6
33 40 29
38 24 291
45 1 2056
13 18 107
44 12 260
22 20 1031
6 25 1295
16 46 1680
12 14 28
29 31 235
27 41 242
34 8 1416
19 24 15
37 25 379
4 1 1352
10 16 1036
17 21 1683
50 8 516
29 24 444
8 1 6
40 20 379
8 26 1758
28 2 451
5 33 229
37 38 6
19 39 154
15 43 73
1 36 482
10 36 35
7 17 313
16 15 6
39 2 18
17 31 93
21 42 924
39 35 674
12 40 196
26 25 26
40 5 160
37 17 375
38 34 95
45 48 1102
11 50 310
1 38 787
47 24 84
47 17 38
27 20 19
37 41 14
28 13 723
46 8 33
40 18 464
16 3 1191
16 4 126
49 38 598
46 17 6
47 19 121
29 4 16
20 12 30
33 7 91
45 47 1784
14 17 1053
42 44 6
6 10 40
3 9 105
37 31 89
11 41 577
43 2 218
17 33 82
45 21 22
43 44 373
35 29 963
14 32 81
31 13 189
7 31 61
30 20 658
8 15 2099
36 39 58
31 22 81
5 25 183
4 46 931
39 1 931
38 28 565
23 22 672
46 47 30
47 18 1657
40 7 33
37 40 41
22 36 174
23 30 359
26 36 401
39 31 125
18 8 1836
4 2 148
22 42 104
16 8 2289
44 46 161
23 8 1170
13 27 150
50 26 387
22 6 6
50 38 19
3 48 6
7 18 300
9 29 126
4 24 651
33 47 197
42 31 6
20 29 53
5 41 12
37 10 127
3 39 282
18 50 313
15 19 1027
3 32 348
10 43 529
37 2 9
18 30 796
35 33 254
12 38 68
12 19 466
30 33 9
42 2 36
14 39 126
37 46 416
44 30 23
10 3 14
38 26 201
28 17 21
37 45 336
36 40 6
45 3 1098
14 27 21
26 39 171
43 47 1349
43 50 225
22 25 1385
12 50 159
50 10 62
44 21 837
18 48 977
18 5 96
12 4 6
13 29 9
33 43 487
25 41 255
43 30 565
13 9 96
23 44 231
11 43 1094
45 32 200
12 17 767
26 47 1427
39 28 580
15 32 250
39 23 40
16 2 578
49 30 105
36 7 20
3 38 217
30 24 21
27 16 20
14 11 1198
40 34 272
22 26 1101
26 19 786
18 19 854
38 11 489
28 19 86
40 4 269
44 49 225
49 18 1421
25 43 52
15 39 342
33 2 87
35 34 1286
4 17 813
10 9 52
22 28 31
31 15 907
6 11 26
27 44 544
21 6 1533
11 37 470
42 20 578
34 37 141
43 18 20
19 5 354
25 12 97
8 38 753
35 4 1368
5 47 855
50 1 591
16 32 282
19 21 1217
39 40 56
15 11 1735
21 40 804
7 19 146
2 48 176
44 1 359
3 46 26
11 1 50
45 34 52
50 20 299
23 20 40
17 23 730
29 27 113
21 49 2019
47 42 253
5 34 32
23 38 56
9 46 214
37 18 285
27 10 803
25 15 6
12 11 965
36 45 534
39 47 668
3 25 1123
42 30 23
48 39 308
28 14 1257
4 25 93
44 33 13
46 43 1038
39 11 534
7 8 648
1 48 145
48 41 313
3 43 682
46 48 29
25 19 1078
16 24 1389
41 1 895
38 20 168
17 40 165
46 14 1022
32 31 197
13 17 584
44 20 505
7 30 97
50 29 103
1 47 14
35 3 130
50 44 25
43 9 242
25 34 69
13 40 135
14 2 198
19 35 155
21 38 443
34 2 161
34 24 763
44 4 292
2 11 382
4 47 1212
42 26 533
36 6 148
18 3 846
31 27 662
46 41 536
21 13 310
48 27 1053
10 24 34
19 30 6
25 44 658
14 23 30
23 5 10
9 24 149
21 24 1447
6 41 380
46 42 182
6 48 7
35 24 80
12 26 45
5 20 67
29 45 128
47 29 969
6 38 348
4 43 11
29 32 13
44 10 21
49 34 1092
10 25 896
18 39 202
30 50 94
40 41 80
45 27 6
43 22 880
43 45 41
21 12 197
37 12 87
45 49 1599
30 34 585
15 18 27
38 30 174
37 35 548
36 15 623
30 32 260
9 2 8
22 44 134
27 36 473
26 4 30
26 44 447
6 50 193
12 23 6
11 49 6
16 50 566
49 37 506
10 11 106
28 48 61
19 23 415
1 32 967
41 35 771
45 6 1213
40 43 321
13 26 125
9 6 185
8 43 1276
31 2 54
15 50 490
21 14 95
20 8 1655
34 13 41
28 33 173
20 1 1758
21 4 128
27 7 366
31 46 124
37 23 64
24 7 252
46 26 1162
46 7 367
26 40 437
33 42 9
3 27 957
14 40 366
22 46 8
31 41 159
2 26 321
16 47 2075
15 12 124
2 47 480
5 15 226
11 36 259
7 10 105
18 25 16
11 30 82
4 11 998
32 43 67
8 49 20
27 24 1092
43 31 475
26 37 236
43 20 10
8 4 1301
34 1 1418
30 1 246
41 19 261
20 49 1305
6 26 1049
17 22 6
31 44 9
23 41 29
3 28 89
34 41 65
10 45 848
42 36 14
26 31 569
50 27 424
19 22 36
36 13 117
7 3 186
42 28 231
9 26 358
50 19 91
6 12 614
13 20 82
49 43 1150
3 5 393
14 20 6
2 8 572
45 2 397
43 27 27
23 15 149
14 16 58
12 36 193
34 9 238
14 49 1274
18 2 328
10 20 630
40 24 111
40 32 100
16 25 9
12 46 848
16 5 221
15 44 755
18 42 617
3 47 104
2 21 584
38 14 123
15 14 47
5 21 243
25 2 482
25 50 496
32 12 33
37 8 694
45 19 970
39 50 32
21 9 697
20 24 882
18 27 6
7 47 500
32 20 106
17 8 54
5 28 838
44 39 71
48 38 262
34 21 126
44 16 788
9 40 8
38 33 117
12 27 69
14 4 14
24 22 9
43 19 630
20 16 55
37 19 162
2 44 34
18 44 523
50 7 9
1 28 22
48 47 91
2 35 509
32 6 346
20 26 6
1 21 2291
28 25 1881
2 27 361
43 16 81
4 37 105
44 35 324
24 5 504
6 34 780
49 15 1822
30 13 334
35 12 1191
7 41 28
47 41 745
46 35 30
38 9 29
33 27 767
1 7 679
9 31 30
49 19 73
28 18 1508
30 25 984
33 14 523
1 14 1631
17 24 12
49 13 780
20 3 769
29 12 9
48 4 593
26 5 76
7 13 54
35 49 14
21 39 403
35 18 1685
47 13 890
5 29 6
2 1 676
47 49 9
41 32 6
11 40 230
28 29 907
13 41 10
31 49 168
8 48 123
32 2 41
8 45 2074
1 23 1241
39 10 168
7 49 433
29 6 576
6 40 145
31 30 14
20 21 63
10 42 12
21 43 107
39 12 35
47 31 235
3 26 854
5 14 66
43 42 413
9 35 446
37 33 117
35 25 1951
37 48 230
11 20 1229
24 26 902
14 48 822
45 16 14
22 48 14
32 44 118
23 34 15
36 33 33
46 20 1171
9 5 126
9 23 148
19 33 20
48 12 578
38 41 8
31 18 626
13 44 146
47 28 6
13 38 21
41 42 129
21 22 1516
37 20 180
34 22 846
31 33 6
41 12 48
12 9 163
18 11 1366
8 27 1830
40 44 6
36 47 375
37 36 26
42 50 26
14 10 576
47 40 333
10 29 332
29 38 52
3 33 18
19 4 601
28 35 8
20 17 1014
34 44 334
45 9 458
28 7 491
46 2 391
10 22 53
35 7 632
29 3 445
41 28 671
20 36 355
7 26 286
41 39 6
37 27 290
35 10 200
17 42 87
24 23 588
48 26 889
33 1 285
47 22 39
36 5 132
45 40 596
37 9 21
12 22 733
45 24 1117
41 30 234
35 45 1880
50 21 630
41 26 149
7 14 203
28 24 50
12 45 84
37 29 44
33 34 462
29 41 21
27 19 930
29 44 222
27 42 645
5 37 40
43 24 830
31 36 20
5 12 15
4 50 158
31 19 21
23 40 209
4 5 21
46 11 6
6 4 757
6 47 54
31 40 17
21 28 2025
6 44 92
8 3 146
3 36 63
31 5 239
25 39 279
11 21 1822
3 11 60
45 28 1676
31 10 9
42 12 278
31 14 515
16 22 1539
26 28 1449
6 15 1423
42 38 85
10 49 121
40 3 60
4 45 59
49 1 30
2 50 6
37 24 231
17 11 7
36 9 6
37 16 420
21 7 559
23 13 13
15 48 1178
9 32 69
27 47 1721
23 26 52
20 31 554
42 25 812
36 24 128
41 3 313
1 10 231
3 15 1167
1 25 2101
30 5 320
36 25 568
17 36 202
46 28 14
13 5 6
19 16 1117
14 45 21
50 34 195
38 32 14
26 34 17
1 6 105
42 32 137
10 47 179
13 37 37
43 35 1410
20 2 269
48 7 175
42 1 380
16 36 637
31 35 259
7 32 30
20 41 133
45 33 779
20 15 43
15 26 29
41 21 401
25 45 6
2 6 225
4 30 473
29 48 450
15 1 2300
32 11 637
46 10 88
50 3 128
26 14 9
22 41 433
32 34 51
9 44 14
39 9 41
44 7 35
13 11 676
3 6 14
44 28 270
48 25 1183
24 42 86
22 32 487
30 17 59
32 26 123
41 45 218
45 22 1316
10 2 109
6 37 301
9 49 346
38 35 751
41 14 123
17 25 1415
11 7 396
22 7 250
34 10 486
40 30 43
24 8 141
47 21 2113
15 21 8
27 1 2028
38 40 54
13 22 553
35 26 1609
39 29 30
25 46 1454
24 48 6
46 21 1832
26 27 9
18 41 174
42 11 184
27 28 1674
5 10 287
29 22 634
8 11 31
36 2 14
33 12 355
17 18 1150
1 43 1508
15 42 777
4 18 47
13 25 211
16 12 196
15 29 178
16 31 972
13 32 6
28 9 375
48 9 115
26 16 43
31 38 92
41 9 45
16 21 6
10 30 6
16 23 184
39 16 392
15 7 468
23 45 108
18 36 427
15 34 85
32 23 21
5 45 153
20 18 10
47 32 818
26 30 733
22 1 95
6 39 396
43 36 306
48 17 21
25 9 532
23 28 980
23 6 676
44 8 347
12 47 1095
23 33 325
19 48 12
44 14 407
21 32 335
14 8 1486
24 44 90
42 35 294
7 38 10
39 13 12
18 16 25
13 46 611
11 44 246
30 27 843
1 31 339
10 40 28
14 3 722
49 3 60
8 31 293
19 36 65
47 30 156
19 46 55
1 40 427
17 19 42
50 35 468
6 28 45
42 5 246
18 22 1107
30 45 885
10 38 152
13 24 419
3 1 180
14 22 970
32 19 278
24 1 135
28 40 285
49 24 41
6 19 21
46 24 21
10 26 656
50 49 357
23 31 270
32 46 581
37 7 6
18 21 44
28 10 141
37 32 26
8 42 329
21 31 924
5 22 548
10 23 362
26 17 1180
36 30 46
27 34 38
22 3 21
32 35 795
47 9 384
29 42 214
36 28 349
49 42 234
30 37 142
48 20 941
11 19 86
20 33 595
16 9 707
17 6 9
14 36 350
5 46 717
25 27 9
49 28 6
30 8 195
46 49 8
48 33 31
3 21 1310
6 16 1474
16 42 780
35 11 24
11 23 861
7 9 12
32 10 236
17 32 524
28 8 14
9 8 514
3 2 148
19 10 9
35 16 2163
42 34 403
17 9 219
7 12 111
47 25 1824
37 22 319
8 6 86
43 23 20
10 15 964
43 39 93
15 28 1749
32 18 152
27 46 1328
23 36 174
12 43 16
29 30 371
8 33 235
2 19 119
15 24 1287
49 16 1822
41 43 109
45 18 9
18 14 9
18 38 221
12 24 648
22 11 14
36 41 68
14 24 855
38 15 380
17 15 1548
44 41 112
4 13 27
23 4 9
46 33 106
20 19 719
49 5 763
5 32 9
43 7 170
35 1 9
14 50 267
13 14 70
34 3 658
17 41 479
37 47 598
18 9 404
49 33 156
44 45 620
47 20 1359
47 8 11
27 40 557
50 36 9
30 46 64
20 35 1496
50 46 284
5 43 30
14 43 6
50 32 56
38 27 285
3 24 9
32 48 361
40 19 59
9 1 531
40 29 189
39 34 84
37 21 484
13 3 365
14 29 46
5 35 951
16 29 235
7 25 426
8 25 2075
45 50 473
27 9 444
40 35 371
21 36 768
8 5 1040
37 15 409
38 47 616
12 3 511
18 34 28
26 49 1416
1 12 1284
7 45 363
41 2 35
45 20 18
19 13 323
11 47 14
48 13 413
12 28 1095
27 39 249
49 40 238
49 27 1440
48 5 444
49 22 21
6 30 43
23 18 69
33 6 58
2 12 118
3 31 30
23 29 6
3 23 495
21 10 1091
42 39 104
46 36 242
29 17 694
38 16 376
11 45 1553
23 47 997
8 29 951
19 34 582
36 8 484
3 30 8
50 24 163
35 36 404
15 46 1625
33 11 128
27 22 1215
8 32 885
2 49 404
16 28 1903
40 25 629
24 11 32
27 23 84
5 38 33
13 2 54
19 3 6
12 31 334
9 20 344
9 11 217
26 11 1354
5 1 1089
49 29 817
12 34 9
4 42 343
40 48 97
35 21 2240
7 23 85
32 28 797
14 47 1355
39 7 16
32 25 252
11 48 42
9 14 246
45 31 733
48 43 748
9 19 90
30 35 182
50 41 46
19 38 199
46 40 234
4 49 1075
42 14 416
17 34 872
2 23 107
48 50 157
50 23 132
40 22 140
13 45 193
