2500 5000 100000
1140 1789 146252
2309 435 69
2217 351 72
2172 1428 69
1890 1175 69
849 1344 217592
1170 687 260979
479 524 199625
1046 1172 69
802 183 69
571 810 266410
1908 1596 70
226 482 69
1549 2360 69
1446 913 16043
326 1483 69
1518 45 82
584 2022 69
1920 1592 393155
203 1645 2681
1951 165 878
829 458 27049
1660 1927 69
1923 1697 274125
290 1236 66098
77 2082 909
1747 1624 48602
2053 603 69
1817 794 72
2174 2044 100
1910 2174 200750
866 870 72
570 1810 69
1393 806 71
411 2312 76880
1508 424 69
2305 225 77
945 753 48010
1377 930 10212
2294 629 69
2448 675 69
674 130 41664
611 1907 163824
1515 1976 82416
328 972 69
1761 1133 62050
2108 2470 79
105 440 69
563 2206 324333
1392 779 69
157 2102 107106
266 547 19695
1944 2133 364613
1422 412 69
2266 711 69
2299 1345 10318
1210 1568 6674
1513 1968 74
677 2035 5774
1286 877 325524
670 1528 102744
1835 420 75
2278 656 123214
2466 1768 52151
1981 2171 50925
2173 1384 69
2050 1241 128461
1092 1091 69
303 990 69
2009 2042 88071
166 2312 114736
1557 1942 53644
966 1307 69
1840 2095 69
425 226 71482
1766 2159 212058
880 134 72
333 1357 117329
1777 1107 92933
2438 1690 69
341 2119 69
677 1882 72
1967 1024 329680
1797 1532 5891
2436 1343 48082
978 681 237056
1092 463 237522
705 1654 71
931 2296 44372
1807 1425 69
1119 1610 25344
578 1447 69
1895 701 93089
1546 80 84046
1672 2447 105
89 1664 136685
402 1285 84
199 2446 69
549 886 79
1698 725 33717
811 1876 72
1599 2244 72
2397 2284 78
1014 783 1571
1633 1946 32888
878 839 69
1748 876 78
1727 2182 69
151 45 69
357 2200 69
2490 1726 375183
2215 498 69
850 1503 73
1235 1017 72
1255 1090 84
1728 734 69
2281 2047 800
2187 2132 69
2317 1194 3375
2158 2310 180154
741 2020 160809
300 2325 69
280 1819 25886
1440 1494 69
284 1756 69
2023 679 69
2348 240 87598
1557 106 85
248 150 372903
214 2325 78
423 62 77
245 2397 77
820 522 285286
310 1054 116922
1144 43 69
2262 744 69
1864 1595 230037
1321 898 69
2170 792 104508
1689 2428 69
716 1171 69
2403 461 69
736 2313 69
1555 2279 107628
1600 679 219262
2087 665 101756
395 197 59699
1492 1002 72
212 666 72
1667 1338 72
98 583 69
679 929 36984
1463 749 2549
2261 566 72
872 2451 72
2200 433 344575
1697 746 143432
1590 827 190076
591 229 69
684 2242 69
1364 413 139903
374 2013 52521
1239 2413 56499
805 842 69
297 2062 84
2117 676 15829
382 717 77
2018 2080 63455
2102 745 69
2137 2486 147570
1267 965 23332
1186 1342 69
948 128 101363
16 1645 69
294 2047 78
779 244 7962
931 1053 344066
1318 2307 118272
1988 1715 72
382 1692 5954
1184 1581 69
1456 2242 8197
280 1761 66606
602 1559 69
2170 1275 91
2176 2373 141277
2095 2070 72
636 1443 69
2107 1153 69
747 119 72
1029 448 221577
1535 288 71
2474 244 69
808 1358 39063
210 179 63775
1515 1493 270081
1679 1757 211693
886 2084 69
2191 820 2086
1348 571 69
187 1247 982
2131 463 277686
1417 81 69
788 1253 152260
450 1101 11868
1722 1035 69
1949 1211 72
876 732 86690
1428 1522 69
1350 234 72
690 2341 69
1893 272 69
2070 1798 69
539 1757 69
2247 700 95987
2281 903 69
290 1583 69
187 194 69
1668 1018 71
57 2373 245121
1509 937 69
1650 487 319203
1046 678 69
1444 280 132725
687 2017 185093
1322 156 1710
1896 956 285176
2304 362 69
983 73 80189
980 98 233940
1093 69 69
91 2353 98346
2150 704 96
771 153 72
1720 449 218039
1059 1397 17654
468 1642 69
519 2053 69
896 1734 69
1884 2189 84
829 2321 69
248 220 367379
1440 545 69
2327 1956 69
1410 1579 340045
2190 413 72
2046 1602 74
2475 1632 69
1511 79 69
1286 2055 86
2284 512 389986
2011 2337 295509
797 1089 395322
623 240 22091
94 651 30540
1273 1633 322053
1085 962 72470
838 10 72
735 337 1377
729 1751 69
406 2256 179835
1786 38 73
1656 312 347873
1985 1901 121891
487 721 521
2389 304 83064
2301 669 310351
425 1295 149170
1954 1023 69
1064 515 44175
2075 1567 172394
296 2302 332287
1258 1635 118498
461 615 71
1291 481 58749
264 591 69
2314 1214 71
1687 2029 221213
1600 2373 72
470 745 69
197 1589 69
1121 1896 90
315 1351 72
1660 1721 126641
2277 891 69
1801 1411 68654
373 911 161071
2411 2329 274134
1721 466 133629
2029 405 69
2405 1973 177979
1147 1728 3920
781 2235 69
816 129 8753
660 656 160045
2391 555 69
2196 893 69
636 872 5716
772 1168 148538
1075 879 1774
736 2039 69
1948 1951 69
196 236 84
1860 2466 61627
884 893 87
978 1669 72
1508 70 351462
747 1812 69
2449 1032 69
1400 350 72
2139 1702 72
27 2024 69
1320 1172 100164
649 2114 7599
598 271 130402
1416 1164 13733
1925 879 64986
2007 1555 126245
2400 615 1012
2182 2266 303899
399 1326 399180
2393 1000 37953
1548 158 77
642 521 183826
951 563 69942
464 1068 6970
259 2217 72
1719 384 4143
2027 1535 69
555 864 71
581 1550 133627
1263 548 197020
1379 1412 69
1615 1811 380655
721 1360 72
1496 433 128657
1683 769 30101
1594 238 54850
913 726 36628
2413 1003 69
2255 1486 69
2054 1175 101559
1292 189 69
312 2360 259312
1658 2120 69
1893 2066 268951
1985 530 69
220 208 288266
299 2019 50770
2193 1117 2182
2132 1005 72
1946 2024 302396
1230 2105 69
1026 2460 69
2487 89 69
1148 1594 262831
1656 1052 72
869 908 227448
2264 1856 69
436 1818 12863
81 846 6144
191 2037 72
790 1383 241110
1733 676 14872
268 37 69
215 2274 143210
993 2322 296334
529 1657 72
1697 1392 73
1473 485 75
1230 666 84
1762 830 1555
1717 232 252546
483 804 69
2217 1160 69
2134 727 69
1679 793 16991
1820 2029 12295
54 1124 69
959 368 69
512 2441 69
1151 2230 14937
2246 432 69
1567 751 37479
1388 1571 69
1331 1791 6190
2292 965 17963
2381 23 69
1497 801 78000
1281 222 79
642 1224 69
1816 2486 385652
896 2413 70
1244 495 325998
504 2365 69
2066 1773 69
1853 427 148537
949 1707 69
2137 612 73
2447 938 282028
378 2388 264064
1196 1315 153350
1938 977 72
2235 1430 72
1206 54 78153
2299 435 271004
1979 1113 69
2099 1914 72
799 1913 72
2001 1884 3432
305 192 69
1582 1890 26198
2012 1731 12925
2426 326 69
1254 2196 69
2156 586 138264
1759 501 130690
1074 1275 69
234 1695 69
1942 124 71
2206 298 72
2452 1498 69
1081 205 69
564 717 69
2237 1143 69
1949 595 69
2023 44 69
127 1583 74
2225 543 69
1114 399 74
1168 1910 69
2375 1799 69
14 1472 69
1249 676 9558
679 627 151396
418 920 362884
2293 1973 380590
1863 2406 153022
1617 1062 158774
2238 922 69
1616 2418 69
2125 39 157723
1785 2094 33599
1979 6 104076
2412 1162 72
1681 1029 53452
2372 464 78
1313 2068 36473
1287 1821 69
1189 2433 111602
2007 1552 77
598 2485 77
223 586 74
1465 35 40583
165 1098 69
371 2344 69
1523 2423 69
1485 856 55112
1561 2308 16012
193 2383 9571
2146 58 69
2419 2487 137918
1419 1010 69
396 2367 166150
164 154 69
1092 133 78445
2071 1318 69
1789 456 304718
8 614 72
1921 1841 55712
415 893 385486
362 2078 77
855 219 73
1723 2018 69
450 1903 69
50 753 69
1073 2436 19414
966 174 109567
854 2169 76
2316 517 69
448 2359 311875
1206 1960 69
2081 1005 69
730 1679 263431
1927 1913 80785
1394 556 77
329 1610 72
67 540 69
2360 1329 40217
206 1886 69
741 915 69
327 664 72
1980 771 72
1542 1405 344781
1107 1162 850
756 457 72
505 2417 330170
483 589 15264
1321 1091 207373
1363 1769 126
53 1938 178983
1261 2029 74
443 2021 195170
2470 2154 88088
1698 1703 69
2256 2417 78
193 2329 72
1499 848 69
962 1825 69
775 1339 69
612 1866 29176
1146 1099 69
1215 401 77
964 2096 84
2344 519 69
601 962 57609
382 22 120420
2088 1757 15713
172 379 69
1536 209 14670
301 277 72
44 1205 69
1494 474 78
1169 723 77
2027 81 199013
845 1539 324158
9 1121 175226
1919 1491 36900
911 2493 78
787 540 318225
121 2206 197
340 1832 69
1413 45 86
2095 2481 49683
1349 250 72
2125 92 69
2020 676 72
2231 1402 113447
1102 287 85
750 1813 72
1020 17 69
2011 2469 16080
2427 19 69
724 1163 127506
1604 179 345374
993 1859 305156
844 1140 297
2309 2009 69
715 842 125341
1216 398 130804
298 733 86
2194 2348 80
1102 1949 69
2068 2439 161514
824 314 69
2453 400 69
1381 1603 18033
960 55 14138
1490 2160 73
2296 531 69
1600 1173 69
1325 1976 72
629 1554 22487
2000 1122 22901
1439 1321 70
21 1951 69
478 852 73
1171 1893 75
102 1922 69
2296 790 69
133 197 75
934 2202 234543
787 1064 69
250 2452 68199
662 1847 4505
2431 413 69
2285 811 69
2012 190 69
2396 757 69
1580 1491 72
518 1230 314722
1655 717 97904
571 1362 69
118 1863 69
913 374 314479
2086 805 69
631 1560 69
2488 2174 69
1973 1680 78
2350 934 72
1849 245 26523
2043 2282 17132
2101 1261 94411
706 1201 69
2115 1921 69
2104 1681 69
697 1092 72
1655 113 188
1942 663 61276
2050 147 261701
1492 1527 48538
1309 2251 141096
1691 406 69
1511 2346 4186
90 207 29149
175 979 106307
675 716 69
301 106 103615
2380 1077 69
1552 743 197679
2189 1609 69
2470 462 69
1144 2334 27607
1466 2368 69
2165 1007 73
1890 283 302520
1446 2367 112
914 1812 12801
479 549 69
569 1701 69
2100 562 69
697 322 294414
1674 2354 55065
489 2231 69
43 1121 376248
1241 2249 259913
2043 2079 69
2350 356 72
1670 1071 662
475 2150 168070
1694 1626 503
610 646 69
317 628 72
2368 2116 69
2131 1415 69
2005 1896 100172
343 1642 136855
1647 134 154483
506 1969 39813
64 761 71
464 1296 69
740 1937 69
1015 1760 105205
1599 1623 128070
123 1667 590
742 1059 69
2444 2224 39308
352 621 69
711 2316 73352
1066 2456 72
131 1289 336009
1433 1951 194408
2029 882 69
9 97 276679
2263 496 344771
2326 2470 95
421 2371 114679
99 772 9942
2491 274 149530
2123 1560 41346
1326 1217 17483
705 1071 76
1812 1229 238366
2474 2007 53404
1956 116 196290
845 1547 69
241 1784 368356
395 594 76
1286 1667 116937
2464 1774 195723
1187 2341 76
647 2453 143723
964 848 388646
2169 1317 5972
1684 658 69
1803 808 69
822 35 69
834 1043 69
33 217 69
993 1678 69
926 42 35804
1271 939 181231
2010 791 69
838 1569 33648
1999 385 69
201 672 69
75 2318 3470
1974 2454 72
2402 778 369211
1097 585 37476
404 2496 39825
1881 33 379117
844 1518 265
451 514 1686
2349 858 47840
491 1649 57410
1307 7 76352
1843 1126 36110
2195 1758 264
756 864 301435
1815 1341 263666
391 1532 69
1875 1249 37432
1522 1898 154478
2449 389 232584
1466 97 78
112 64 69
115 1135 342861
235 2286 3220
1123 1650 168288
1889 507 2808
83 1261 69
2264 2298 740
308 2156 69
2421 2461 69
1468 1404 69
1978 297 72
2126 1673 69
2324 1880 77
704 517 38809
2013 528 69
746 1830 69
300 1864 52298
627 1797 16738
2267 245 176884
1846 1761 69
1177 1551 81
1148 293 69
519 1168 329851
2064 489 146828
935 1033 107322
1292 686 69
1015 941 26294
558 1232 69
965 343 69
1018 1125 72
2329 350 69
1774 1201 79
957 961 71
707 1839 679
2021 1722 248108
356 85 930
1673 1540 4943
1567 1575 69
1699 588 69
827 169 29725
1301 2320 8752
2489 232 73
106 308 34360
1909 385 69
1737 1919 69
440 1163 69
458 990 55378
2046 2362 71
34 1119 69
1446 898 104291
2212 684 13706
2308 1055 69
40 1214 83
1545 2065 69
809 1396 93393
839 627 69
1496 1970 756
1147 1692 69
1977 1551 67231
1408 143 69
504 396 42719
2384 168 76
24 1044 92024
629 236 69
1264 2312 69
557 520 69
184 1586 69
2145 135 69
1769 81 77
2348 1145 71
302 1957 73
1531 223 3396
550 2264 77
2484 906 69
119 1004 174319
865 464 69
1109 432 69
761 1437 69
2348 693 72
56 915 69
1661 747 38183
1785 1703 335208
2442 1932 69
1851 1301 69
1847 887 733
2424 1928 52770
1265 488 106530
2054 1138 69
41 1359 91979
612 906 357150
2115 124 14917
2094 2253 762
1082 1282 71
646 1188 135396
2307 2249 69
1299 1741 32307
656 1923 69
1278 1094 69
1477 29 69
2153 2260 238677
1812 1747 69
1484 2244 83
772 2499 387286
1918 669 76
982 1542 69
478 670 20932
1375 1276 57222
148 1509 69
226 1618 69
1448 974 69
1369 297 69
1250 76 154550
424 215 147028
1331 1349 69
2408 458 23081
2082 1195 69
65 311 78
404 1787 69
1203 1162 301272
1071 2287 102
825 521 72
299 940 69
1215 2254 69
1810 1687 69
1231 2061 8939
425 416 305690
1287 2091 69
1840 25 40269
742 2300 69
417 2375 397730
455 878 69
445 2122 72
518 970 69
449 1854 323834
126 858 76
1755 2348 912
703 1425 115307
1909 603 73
1425 264 49519
918 1629 72
841 732 80265
1994 364 17756
1539 1625 77442
1099 392 78034
1138 2269 101352
1846 368 145935
1454 2131 15451
2012 55 65972
721 1242 69
540 161 69
164 2201 69
2160 1666 1895
1149 1735 151837
817 1344 69
2114 1061 69
2054 2476 72
1428 316 1741
1258 1401 69
1861 895 19111
1782 182 80
572 835 2816
1606 1961 69
2099 1335 1568
410 1328 69
1588 2014 69
2016 698 137805
1937 2202 69
1299 1928 72
746 1729 211745
1145 1112 69
1259 227 20284
1433 452 79
1196 879 69
1732 1558 78713
2316 596 1516
2039 214 73
476 1395 90805
2035 2056 69
1577 2127 73
402 1230 136582
2228 2040 364
947 1220 9212
1768 243 84
1485 1132 69
1250 2125 350824
79 1477 302102
1083 1220 24772
1797 293 764
1070 1895 77
2407 1959 69
489 148 70
1805 360 76
1094 1011 141046
848 44 58708
1878 328 210419
386 1383 67172
2153 2058 72
1617 704 420
355 1310 69
80 77 205138
197 830 38018
1887 2210 72
1093 1802 251234
2189 2221 185064
2347 3 69
581 612 40781
53 1118 72
2286 2098 375480
656 953 15534
2006 2214 69589
80 1832 42266
251 1526 139984
1451 987 68452
1842 1766 11211
177 1492 123323
86 1979 72
215 328 7107
953 807 69
610 2231 2095
1523 629 71
175 1375 69
1687 1140 69
1761 2473 217085
1224 57 37391
343 981 223428
2051 892 277570
840 1707 31387
830 1925 69
485 1237 105175
1137 294 328342
2461 135 93
1123 2147 57647
538 1935 69
438 2305 69
1019 2179 69
478 1438 69
1318 647 69
1105 605 72
1698 877 71
710 480 148607
2282 647 71
530 931 69
1399 2005 69
214 2183 370916
832 1362 1495
1622 406 72
2407 424 72
1058 2223 69
2408 1858 72
792 1261 47096
471 313 104
2168 1370 54277
1446 1483 10304
620 1623 77
457 1479 69
2041 2277 69
2071 2133 14234
2257 999 72
914 1445 69
2457 91 48373
1504 641 899
259 336 69
1448 2335 31859
2472 2073 143333
1953 933 69
1552 839 46595
1336 945 84
2232 391 133841
1538 2423 69
583 1325 35297
1690 367 64792
501 2487 6738
200 969 382
1396 1940 309086
2055 1908 36698
1762 1939 69
86 286 193859
1119 1595 71
1361 767 69
611 230 39046
834 36 69
2009 2064 69
1355 2445 214042
2450 1073 161753
814 489 189296
2436 2375 76
1159 296 8761
1148 1357 69
2127 217 52984
1462 637 72
1915 1598 69
14 2044 4975
843 1989 72
2167 1675 72
109 921 69
1263 211 69264
2297 640 69
1837 1864 344055
1511 468 233449
1531 2321 383360
2301 2055 22325
98 2498 12942
1579 2234 69
1857 2149 266
883 1273 69
459 523 26866
1121 57 77
1123 1598 23776
838 139 69
2039 247 298385
1407 1028 72
2491 795 94
659 1987 78
249 317 17591
367 273 71
2407 1072 132644
1364 2254 132723
488 84 207487
857 1731 2657
2157 758 74
1538 2398 72
1804 436 74
516 2171 86083
739 1405 71
1535 758 113158
1613 2260 79
1807 1076 367992
2299 1646 145711
327 1100 79
2499 2115 234387
1157 1113 231930
38 1841 69
506 183 69
1929 1234 69
2348 1782 300161
1858 2401 69
965 2289 359770
1290 1021 300873
653 154 69
1690 604 85288
2015 1978 71
1303 36 232862
1955 1933 69
1790 2342 170867
2125 673 69
393 1948 69
125 2321 14705
85 2498 69
400 2124 259952
317 207 69
12 2007 69
913 83 69
546 1716 131
370 2142 100296
44 1926 6155
965 2436 375854
1800 291 107693
1673 487 18059
2203 1394 364949
653 1714 151149
1426 358 69
2410 612 14212
1920 1790 69
2351 1992 69
975 1257 81741
2158 1241 70
63 1946 69
1463 2254 6120
763 617 69
788 962 69
601 1345 72
1351 848 168197
568 2247 304169
1905 2171 69
1813 1672 6586
1119 489 344
1071 1528 2863
958 1546 75
185 251 71
1232 1002 104335
41 1831 69
1381 1924 53416
858 956 69
2452 1250 69
1280 2077 84
774 985 52521
1741 1373 75
1324 1089 312066
858 867 351431
2378 328 98909
258 1593 71
2223 683 69
444 624 114200
813 1207 69
1265 130 69
590 1562 122878
2492 510 201697
264 496 176338
1018 2102 131243
438 2349 69
203 2404 69
1373 985 143007
290 2080 4979
1987 1484 69
1077 2408 69
1404 1826 72
920 1971 309093
2302 43 69
503 1920 69
1294 834 5409
1672 2364 69
449 62 69
502 320 69
174 1248 526
92 1194 163109
785 2372 69
2125 2106 156081
234 74 6941
1851 432 4960
1880 441 69
2381 1512 5004
616 1134 77
1894 929 73
303 2174 69
1480 2015 69
446 914 29864
1571 434 79
2124 1754 69144
474 2118 83031
1332 789 69
1272 298 55617
1894 92 32106
793 940 69
402 720 227954
927 1609 55799
717 1121 69
938 2348 69
1905 2089 222993
466 280 71514
628 477 69
1730 1541 69
1112 1317 77
1088 1724 69
169 1615 69
1589 1790 177057
1585 2447 77
2024 1644 73
99 969 72
1542 1983 96
477 1711 58487
1505 1779 8584
2113 486 343335
1836 157 79227
741 1228 69
111 1619 350682
1133 1695 74
1223 2280 83
409 1551 69
40 2164 72
918 577 77
1011 783 69
1973 1653 11711
1092 341 32320
2134 2214 77
1487 359 33916
2138 2067 69
1285 916 372215
731 1869 345697
1944 119 73
688 18 72
788 869 69
1794 191 3740
1799 695 83
1095 1799 76
220 1239 72
1234 520 61988
792 296 69
1032 1438 69
1534 1207 234808
388 862 69
2304 1908 342567
1078 2073 69
1606 2087 162789
814 1915 263518
190 1271 366385
23 2291 225867
1442 1986 69
22 2301 94462
661 620 231
2173 1024 1509
1516 1598 37386
1246 1954 74
357 848 230
2155 2482 94851
1892 1489 76
795 1618 204077
265 2166 69
1004 1891 170592
36 2213 69
1468 1497 77
1541 2242 136491
1787 1789 302864
134 1743 120550
739 1351 25651
1474 1424 69
1937 1557 383169
1697 1123 240586
1280 174 24264
167 2396 69
2478 216 69
2127 1177 121413
1982 254 70
1496 2383 72
1576 799 72
1443 269 69
781 2064 370902
523 1109 69
1622 205 69
1028 1696 69
179 623 73
1168 210 69
2202 1237 216862
1576 588 308428
344 643 72
178 1884 100625
44 1637 178630
1451 1730 257013
2085 1893 72
1778 1992 70
1919 1498 56091
896 192 71
1578 4 136660
1177 1300 59962
1454 947 69
1025 1532 390354
676 2229 69
1248 856 72
2409 1673 299256
408 390 77
1040 2318 46715
1474 686 22899
522 736 22570
1371 2071 69
1189 720 69
1934 1929 73
2288 611 69
2469 2428 73
816 665 69
674 128 62196
1616 1874 227300
1097 2201 93288
1929 2296 6791
2420 1324 69
1777 1587 69
1116 1226 69
2375 15 69
889 1128 69
2427 90 69
2152 15 32035
1798 491 15404
857 1209 69
2389 436 69
1276 304 64768
1351 683 69
1812 2235 99988
1164 1987 69
875 496 201148
1582 133 16340
2498 1963 75098
51 81 361893
1559 2034 6503
2053 1277 103592
705 732 69
1242 523 72
257 1626 69
2249 217 16521
245 557 76253
1534 1823 72
2297 245 186780
7 1531 9417
1716 1206 72
1683 1336 63613
1099 906 139396
570 500 69
1973 334 69
1136 1530 73
2064 862 277566
2043 1800 69
1082 936 77966
577 970 69
1849 1005 143836
78 774 69
860 624 69
618 1243 69
2081 657 369821
1316 1281 69
1621 726 69
1030 2319 69
1514 2010 69
691 1248 6668
2318 657 69
1870 23 108620
1007 1989 63400
1358 389 69
1653 369 69
1654 286 69
624 191 69
1862 2149 83
1610 1310 176114
601 2243 24486
1414 1098 69
973 2428 13506
1303 435 43669
1865 973 16416
1376 261 90
2289 2291 116084
862 1943 69
849 51 69
527 2044 69
1699 1436 80
817 2081 63170
1248 924 1619
1096 723 377863
287 1398 34631
630 1386 235761
2372 644 368262
837 1569 69
575 2117 71
2320 1355 69
1396 256 351077
1040 165 163318
650 887 25086
486 1016 117022
1304 1558 204995
2358 70 260327
1961 2103 102068
421 1986 72
1554 1916 203979
122 1546 35412
2357 2173 10478
1058 2464 69
901 1329 83
1194 986 72
2326 1839 77
2320 1212 193251
236 857 325694
1344 199 57212
2446 1159 69
1185 329 69
409 154 11325
1641 998 180694
475 1598 27938
25 1325 53359
524 213 208277
1283 1257 71
2263 780 63319
714 1165 97605
618 1000 73
2472 1853 23037
873 1252 72
1589 1647 69
347 152 72
1840 2263 72
688 869 122
2046 1351 4492
1027 2394 69
2071 1376 183188
1285 2444 86
1872 880 69
415 226 329276
2092 1189 256776
91 2349 90
249 898 69
689 2191 69
2195 240 69
432 228 1102
1477 124 961
726 1534 115070
2356 221 69
2129 822 72
1288 435 84
1285 729 43297
755 233 69
1086 1177 69
602 1212 147960
1002 871 152895
1259 548 69
444 1138 73
69 21 255076
281 2107 10045
409 1977 66343
2057 833 81
1820 2248 39183
480 276 28428
1885 2251 72
2345 281 24325
2036 13 69
578 383 393147
339 2206 69
2427 289 72
1381 1874 70
1431 2294 250253
761 1586 64591
1878 1892 179664
2097 1741 72
681 1198 69
1215 1016 72
1111 1130 69
684 943 69
1363 1435 22422
1365 424 73
394 1261 15026
1442 1398 48573
1752 2050 72850
2152 887 69
1838 546 69
1267 179 69
1852 1796 69
1301 165 71
691 238 69
149 2315 6955
247 1443 110
1217 2135 69
1557 80 26575
2483 803 72
2485 652 69
1818 1106 69
498 2331 336489
2303 2417 69
684 2236 72
921 1055 77
1382 149 91
314 942 69
1216 1635 69
1009 49 1998
196 347 72
1066 2315 77
1680 873 9084
1966 1640 262465
2318 1397 232806
2138 253 147591
2170 1820 69
502 465 69
2440 742 162641
1396 2331 387906
1373 2479 69
960 2333 69
1451 2462 69
935 1346 69
1518 2111 47404
366 2212 89779
575 1933 117
662 2416 277429
385 1464 52855
1799 113 69
1805 1089 112965
1187 2386 71
976 802 206127
587 649 69
1201 2002 122012
1615 62 69
1980 1603 58210
924 992 232206
1031 359 69
2289 785 87
2158 1282 69
2176 1528 72
112 1790 78827
1672 276 4693
2466 172 69
111 1002 15490
2299 1336 1664
85 146 73
409 104 69
724 2463 69
14 1445 351191
514 2199 11432
2460 1768 246125
2427 560 190790
1653 553 69
825 568 69
890 1759 69
1379 1921 69
22 1510 69
1293 650 73
406 1327 71
2028 1627 69
1622 2158 1006
2305 1063 69
1016 2343 3380
104 1979 152739
2306 1985 29812
1076 58 133208
1333 2369 69
206 921 72
1434 1274 69
1068 2077 20608
1073 781 333308
1552 1353 71
1519 848 69
1399 2495 266151
147 2127 72
2398 2369 5647
611 346 72
2257 140 69
1154 2225 69
925 2001 73
2084 1735 69
2370 1836 69
1356 1540 85203
1565 246 69
1746 11 10084
1407 955 69
1094 1180 69
759 770 84
701 2314 397
2441 1080 234090
70 2131 69
1564 2153 69
2443 310 69
998 51 104
380 1724 69
908 1495 46173
1682 647 312454
721 1172 213
584 1108 265625
1236 525 23154
415 692 69
398 1318 249
1427 2148 90955
1021 2184 130406
525 2288 1589
266 1921 125566
418 1295 69
2261 1078 2317
1264 2320 72
1513 2339 69
2086 671 69
2328 2045 6224
995 1683 69
2376 1708 69
2495 2185 72
1322 130 69
1853 1892 9636
943 1561 69
1441 630 69
2137 2275 69
254 104 69
2432 2006 75
452 924 69
1182 1844 65105
2130 702 77
1808 2312 72
331 672 69
673 1760 192954
288 1395 69
503 2482 69
652 2096 45932
2075 74 72
1536 1617 69
54 1024 40486
1684 171 22243
1874 1876 111789
1083 1020 44975
1182 1810 220557
1400 1860 84
2310 1831 44228
275 139 412
2490 201 12367
129 1588 648
28 24 59420
2313 152 344852
2478 671 69
1052 251 69
717 1900 363889
78 635 69
1415 1231 119334
657 1343 129727
689 1770 69
1874 1082 69
1953 138 69
1948 2203 105767
778 1485 309200
2235 2064 370141
1765 1907 69
2331 2490 86
1325 2183 315229
9 1593 69
817 496 72
1520 1103 69
1105 1431 69
1566 2121 315208
2289 484 72
1445 695 200
509 1109 41948
2270 1226 69
2153 1445 255322
2046 341 255267
2180 477 208944
53 533 80036
2411 592 69
629 1301 31930
1571 2260 72
753 646 69
2005 1096 21882
1378 957 73
13 2500 77
1810 1829 99939
1277 411 322080
1584 999 69
1177 902 106
276 500 219086
166 782 73
653 414 69
774 618 73
1776 1370 69
1731 155 394465
1701 1099 224267
1894 1113 72960
185 1498 69
1644 1940 69
278 1259 207
1297 323 85
2075 1334 69
2336 937 89
1752 612 38428
2243 2485 142671
1197 2367 108171
1461 641 69
2158 1301 277810
2006 1441 48786
1848 805 256408
1796 705 28390
250 590 34682
79 524 241773
97 766 374888
218 326 302661
1126 808 3933
2243 773 17923
2333 2212 72
1435 508 121942
2460 1916 78
2170 657 32611
952 1189 69
1815 314 258703
1400 2393 88892
759 1051 4793
143 2441 83430
1327 807 112175
1634 1040 290692
1926 1972 69
894 1965 72
2210 810 69
2478 1986 77910
1892 1063 69
71 1326 44012
2450 835 161
559 363 41165
942 2246 69
2403 705 370150
1692 349 69
2406 1462 256584
1656 76 157716
1635 516 1947
660 949 78
716 755 6216
1313 1273 13277
1125 2072 50833
470 1482 668
1902 1279 46938
1039 1493 69
313 1520 69
509 317 69
1514 1202 77
1846 37 73
1315 1227 69
735 1628 69
670 328 211124
1899 2216 72
2054 2086 38549
1893 1756 359984
651 1699 9446
188 1426 268518
1878 1908 333003
2350 1646 4934
2431 199 1853
283 102 78
1636 1034 69
1899 2311 69
202 2021 69
2353 1007 69
510 1543 71
2223 2154 340684
1886 2031 100715
1357 1425 79048
1993 2205 69
966 349 70
1045 1657 82
1347 1248 346759
150 1596 77
996 1562 69
1468 2106 22353
1394 776 14767
2428 553 69
1664 791 336752
1392 682 266336
969 1943 69
2276 2184 287336
987 1218 85
1970 639 69
1790 816 69
2177 2416 69
2090 1073 107574
1209 1364 69
335 188 69
1115 1578 69
1915 1079 355398
2427 908 202802
619 1024 76
1831 2273 300626
1829 2415 69
213 553 134303
1744 1321 244978
52 1641 5310
1242 1877 106
692 1057 118254
505 2337 69
272 1955 73772
112 2397 197075
1778 86 72
1301 2423 33036
610 2059 95
1220 929 69
1270 1792 69
12 637 390589
1269 525 69
230 1640 69
1841 99 74
2454 2080 69
1249 68 69
1938 2306 77177
230 1188 74
363 1651 72
505 2320 248614
1554 894 132543
347 1813 77
2036 1706 34260
730 2148 72
1567 497 73
2154 2193 8523
1280 410 60858
1330 170 312106
795 1032 137899
1881 1507 279463
1179 7 180498
726 2437 69
2125 175 89432
985 1752 71
1816 823 72
1267 1277 72
189 1332 69
329 2473 166451
188 2366 179521
1503 1817 69
2416 1210 69
707 93 308807
2070 2271 69
1851 17 69
908 2445 77
599 1328 312783
132 554 77
736 1025 336201
595 767 51865
1842 1434 72
1244 541 108738
2294 608 69
1027 1071 69
2475 2448 117029
2299 533 69
959 2074 69
1288 1858 162891
1643 1669 69
1862 66 69
502 1353 14031
353 1497 77
185 1995 313066
1430 613 69
141 295 69
403 775 87
611 329 88350
1313 210 160997
2494 2476 69
401 899 79111
2090 752 363193
1465 1284 1319
335 1911 72
1997 646 356501
146 2487 78
885 2097 72
775 1312 7631
334 123 69
1441 2149 105713
2080 454 69
1337 2399 69
1324 114 17224
415 1046 208734
1254 1499 72
1705 1912 113263
2455 1160 113411
479 1706 69
299 807 34880
1812 925 201513
1093 1482 69
2471 2167 28287
704 1202 47149
2373 1953 73
795 1627 72
1255 1712 4159
455 540 300954
443 1156 132953
2438 281 143610
1117 1195 69
622 1730 71
2142 1495 52044
1388 1764 69
1630 830 315132
1161 263 69
1748 559 32872
426 1164 114686
939 1087 69
1990 1266 218257
1922 1391 324302
441 1639 69
2278 1782 69
2110 853 69
1350 1819 115930
1105 2159 79
1117 2271 69
473 1292 617
117 852 5121
1384 556 72
316 884 75
606 2393 4589
2067 821 167422
1797 280 102
1830 2194 69
2129 598 347493
1241 1036 69
1891 541 398061
1988 1830 270792
1145 2420 78984
1067 1540 69
1480 1266 184974
2063 1583 157110
1040 485 72
1244 2370 2882
662 284 72
113 1346 223841
1843 2385 69
2003 1265 69
1953 1098 117784
996 443 72
2321 2481 69
725 1263 69
12 2189 69
437 1625 216347
1592 864 69
1285 1370 353655
936 1582 116700
1506 1981 69
2185 1494 22848
2153 2435 98177
1441 1683 73
2055 2049 71
605 378 73
32 128 156381
1201 325 259150
1648 1184 69
1975 501 69
283 1018 77
1528 1286 3905
1291 1091 234072
1676 1638 147862
2453 1159 69
1911 583 69
2330 1716 77
1644 852 74
1480 1965 356555
544 347 388265
438 2333 9984
792 840 72
1146 1769 1182
1169 194 69
296 1594 78
2108 604 7990
371 601 69
1956 814 72
756 1780 69
1042 818 69
2090 2042 69
1444 1578 481
1203 748 189935
922 400 56156
1841 359 69
1705 314 74
1431 994 260781
532 2420 335945
1427 2115 163815
1359 6 70
1436 1858 69
208 885 72
2369 1958 210645
443 2037 18809
2486 1026 72
279 1791 373461
1080 1402 69
1325 828 133645
1443 237 67767
2401 1942 59581
2244 755 105072
629 1460 28526
283 469 69
940 1220 126782
1089 1486 69
496 1976 310512
1450 1378 69
1174 463 66425
1524 1194 69
79 1219 69
834 1085 137762
2030 2167 69
1968 2331 69
1318 1400 344868
2055 2442 132560
2223 934 167272
2394 275 69
1623 1019 69
2157 1487 195428
1555 2093 165547
61 262 104658
1592 515 69
1678 1877 74
1837 1664 73
1917 1525 31014
1135 2040 69
252 1374 69
1588 1161 69
2483 1296 112174
599 395 40450
2297 1923 50332
2386 390 96
1149 2285 69
1518 2440 69
1303 2170 71
1876 545 69
2434 976 82
998 1129 69
1295 1901 69886
105 1018 215956
2234 1126 69
2368 542 77
1375 162 1232
761 2014 120973
1956 810 77
1093 1409 78
1578 2216 72812
1262 1838 69
100 1936 143334
359 35 22844
1557 382 178149
912 1301 69
1731 767 69
514 1910 171406
1331 972 69
1633 2051 72
1037 1771 69
411 589 69
460 1769 69
967 2434 69
2317 1319 93179
2277 1704 20815
1768 397 69
2304 1303 94106
52 322 72
786 1319 69
319 2192 69
1936 1527 69
1649 211 354886
1958 2143 69
1785 828 2427
1434 681 304981
65 1011 69
777 154 276399
951 2276 304203
471 760 71
34 719 69
1187 777 69
1439 2325 397282
1001 1438 35257
739 1530 84211
338 660 69
441 1763 22483
2403 1045 289938
239 681 72
573 700 69
1766 494 195604
1804 1647 130249
1868 435 17251
1783 228 69
1967 1800 14349
201 1975 73011
2489 2370 69
1416 2100 69
169 1411 70
1576 483 69
1961 970 5640
2362 2186 109
2463 2290 12619
934 2228 319388
956 436 24172
1603 373 100935
1371 1009 79
414 1752 69
511 721 308081
355 2228 72
2025 122 163532
182 504 166778
1218 1759 69
487 734 4728
1776 2126 69
1694 2440 64806
222 1511 72
2425 2201 51738
718 1149 75
2407 2089 72
266 430 65378
899 1553 159353
1183 281 71
51 2046 131256
2204 1272 222261
394 1754 338311
879 202 69
2165 243 69
2005 1655 74
1266 444 69
1442 1853 72
1528 2347 83575
429 37 71
1548 673 64067
1060 1951 209553
1662 1594 69
839 721 210790
1527 1560 87
1682 114 32372
2168 1170 69
2169 2120 38841
433 968 69
1528 2261 70231
178 1455 72
1389 595 69
2127 930 69
437 166 81
1676 1552 69
2334 1231 72
1213 2005 69
951 934 69
331 1611 71
1190 658 101780
1111 508 13600
1372 1560 283655
883 1068 69
203 377 73
19 1808 69
809 1785 283844
217 559 254784
1214 1836 25307
1186 2183 69
525 356 228257
1684 346 72
1182 1857 72
1107 285 180491
521 1004 72
1203 1977 6336
1124 213 760
986 1136 69
875 1950 69
638 2168 70
1790 729 165665
2081 209 44517
1387 267 69
1191 184 69
282 1908 72
2119 1924 26677
590 1549 69
1621 809 311341
2330 2166 69
1525 1809 91078
1086 1374 125067
1251 633 69
1661 1637 69
1093 101 45551
1466 1470 69
1111 605 227223
624 2457 345769
2312 2068 69
568 1197 69
2081 218 69
2301 585 72
1683 1249 53425
652 1353 78
1748 1628 136397
901 1886 72
897 845 127602
709 108 69
2461 985 13176
1850 2172 222182
2364 660 734
2126 640 9615
584 2391 72
550 1378 72
1694 1284 69
1977 2302 69
1751 2002 9546
802 2347 179078
727 2374 58103
292 396 69
1975 1502 69
2267 1599 69
232 1174 69
2226 2118 313426
16 1610 229940
1491 744 69
2253 1637 70694
1432 891 9597
1804 1489 144833
1151 224 69
2307 702 69
2221 1264 48216
2056 376 202877
267 31 76
1380 1813 69
2489 1935 119159
426 569 115
579 998 69
1102 1054 426
2224 1458 146781
1516 494 147438
1038 1932 33912
1927 2379 72
2475 239 69
272 688 37699
1779 2459 3905
784 689 2166
383 2285 82
2471 592 73
1980 1794 69
1821 1648 69
1020 1903 164914
2297 810 227024
1279 1519 69
220 1541 72
342 1601 69
724 2034 69
1475 1665 69
312 2014 69
1159 1255 94316
53 1305 73541
1127 1410 80
27 1206 14874
2089 46 72
2350 1235 69
512 34 27367
761 2362 68966
917 2307 72
116 1294 1896
1453 740 69
1997 660 8359
1431 1694 167102
1228 483 5350
737 441 323982
2138 2491 49303
874 286 22450
993 896 79708
100 2497 57441
2128 1897 69
1398 1800 69
1737 48 69
1128 312 37967
2335 510 335095
2086 1429 155509
1403 591 72
28 1133 122821
2348 772 79368
1477 1646 69
2469 2091 69
1569 1276 24636
1038 1748 69
554 1969 72
1563 118 1639
1328 413 773
1446 1628 314465
1907 146 69
2333 2477 95997
683 966 51056
156 32 152124
803 58 45099
1457 2301 72
1286 2227 69
2380 1658 69
1801 2482 275652
904 1320 65678
1440 1389 221049
1159 1072 276756
580 1656 3826
1926 1451 69
2063 2070 3670
218 1042 72
2124 1319 69
1289 1327 332055
1522 1553 69
473 224 235
1068 1795 240866
1703 1263 32467
363 540 179958
1710 2036 12873
793 1607 144550
161 1307 10206
1893 1521 69
1493 2204 71
2066 1402 69
913 1021 73
2465 1981 115194
2435 1459 957
1357 522 70
2272 589 56173
1739 1953 674
138 1361 11104
1006 694 163
410 2372 231266
1368 462 69
1495 1473 124014
1777 1389 316
2232 1901 239717
1993 607 135103
1497 1208 69
1197 1952 359628
634 2113 72
1352 1740 69
903 1457 3366
548 1529 69
1673 2048 69
1608 896 363325
1190 332 69
2285 2410 245260
1040 227 69
660 847 259439
24 12 29589
1655 924 69
2221 1766 9259
1494 177 4968
812 1613 62050
1054 516 69
62 1516 35640
328 1981 2429
1914 1515 26589
1301 395 123710
2254 1070 140398
2269 1215 36480
76 842 69
318 2208 69
1533 1738 70
1377 1771 21529
798 1041 71
392 1303 69
59 260 69
2012 847 13847
2337 576 59969
1280 277 69
2112 2030 14422
1772 1666 69
400 818 84
512 388 69
2103 1113 150661
1090 1108 69
1941 1190 78
2229 1040 175148
1617 249 39638
495 161 73
1812 922 10157
2482 485 333452
1049 1517 77
785 954 148427
785 302 4909
1407 1140 204027
705 2373 184786
1015 2479 71
7 1030 97598
1660 425 75
2335 1883 6154
640 1792 333705
2060 1192 69
106 1251 69
2177 426 251816
1401 858 71
606 1751 69
1671 844 69
1845 663 69
91 903 26587
285 169 391439
937 579 97214
1535 1223 62612
1280 1757 6176
459 308 279879
1152 446 69
1378 412 331142
514 1397 69
2429 1591 69
513 1397 245459
782 856 69
1212 1712 69
423 1263 192
1236 1322 69
1131 532 69
2225 931 374870
1067 393 66655
1404 1822 99995
958 989 78
2427 71 51515
562 1761 31185
2458 2064 178448
2247 504 180679
370 1943 17277
158 1859 69
2303 1216 61779
1856 773 69
2158 1167 92752
2395 2404 78731
1236 2336 69
398 930 76
1884 2029 173855
2068 2009 306189
2118 511 69
2317 209 69
387 2497 69
1488 386 78
1197 1074 115868
2489 503 139662
125 1674 78
1905 2477 69
582 2379 69
69 899 69
1012 3 341341
1347 1119 79
1245 1224 69
2087 2133 147579
1943 1110 370713
1214 1174 24546
1343 2238 69
1908 1466 116560
2025 100 72
546 265 77
1627 2140 181022
498 1098 88951
904 1524 206002
1719 707 77
2024 1394 69
1518 1323 93
794 592 20893
398 252 69
87 190 69
1200 99 69
1582 669 339748
1602 411 72
1337 488 72
963 1840 69
2182 933 1604
221 77 69
381 941 69
1295 489 198611
2076 1744 90
347 2119 102996
572 2435 69
415 244 69
2405 599 72
1512 56 69
1624 190 218111
2162 890 69
270 610 69
1910 779 73120
593 737 88
2066 1441 70195
609 341 83053
1362 689 70
1367 2290 69
627 2316 94
2304 1673 7800
2018 1348 69
214 1039 34721
1862 1198 168149
536 884 38115
393 1924 110056
488 1517 69
904 1247 113284
878 2223 47880
900 2462 167160
2259 600 77
1789 302 69
1711 1783 69
946 596 77
819 569 69
1779 1528 62450
420 1187 273463
2314 1708 31090
2467 1753 72
2080 1609 390671
321 2177 20479
1546 2430 33102
506 2290 180224
1922 2201 59011
621 308 204175
1753 2247 69
661 738 69
1432 473 69
522 419 196657
1632 548 110485
2248 826 69
2027 106 69
857 2495 114805
257 419 69
852 538 69
1324 1136 117602
2163 45 416
1096 2485 172351
1544 1350 69
1444 859 69
2150 1485 16208
2269 299 286423
1170 445 125447
1178 1009 69
1305 2272 71
1314 934 257973
1611 948 138614
617 2087 69
2298 371 72
1244 696 69
667 669 69
2385 895 73
2230 260 95382
1053 284 76
1632 2332 223
1746 1 69
1317 198 69
1890 2000 69
2148 2282 341726
1974 1195 275819
2070 1343 341036
467 1408 69
137 1738 69
1960 1748 299724
985 2160 219025
52 1314 464
1018 1936 427
989 710 69
2207 801 69
1 581 248070
1069 1923 72
1822 2025 69
898 1883 77211
1932 215 42028
2224 1361 14510
989 2297 69
57 1233 73
1208 555 875
1550 1680 69
806 1035 73
941 1214 17627
978 788 114609
2433 2452 95474
791 1655 5722
2368 2393 22373
2128 665 69
245 1912 20709
269 977 70
394 508 11314
1199 843 69
738 593 303111
1679 285 62304
1289 2081 73
1095 832 358769
144 279 72
2110 2021 69
1934 2377 70
2266 1782 69
1817 177 73
8 2046 69
1365 1872 12864
1736 503 72
519 1525 345797
2482 1392 347666
1598 487 72
2489 1916 15172
1405 1004 100397
1105 1525 69
1333 2005 127678
962 789 112402
2249 444 377973
2156 832 101329
68 1341 136046
886 1706 69
2209 1425 72
496 2468 429
1091 48 74626
823 1500 2824
535 1758 69
2197 1420 69
516 101 69
1440 2464 257132
1917 1901 72
2470 2416 2014
2363 1671 69
1326 1147 69
2261 1680 69
504 1226 59574
626 363 24814
1061 2016 2204
312 1736 5580
1191 323 69
2026 1855 69
2288 2139 202840
2198 412 51965
1128 2255 73
85 2420 55331
1669 1139 69
2217 1567 118122
262 1151 117949
308 1495 73
1932 684 290741
1991 1218 69
1937 520 137959
174 1912 69
2267 1464 3193
2130 691 129106
1865 2072 72
330 1842 72
1096 1819 252141
2240 1547 34844
973 595 85358
1255 2465 79
1542 733 73
1246 1918 69
645 2459 69
1168 2 5268
609 558 205322
849 1133 188116
105 2126 380019
1601 1330 52626
747 1820 6736
1056 1324 877
1263 2093 14963
782 918 386032
2371 841 73
1890 2023 195443
1611 447 72
2389 953 69
1717 2464 122807
1811 1153 69
67 374 40828
2133 2014 77
1479 319 69
2016 2207 113
1157 729 53173
964 2316 69
83 2447 5096
619 1796 69
1541 898 349718
261 97 69
2038 2330 70
1889 1474 72
1167 903 45130
736 1133 153155
597 1633 288123
2184 1590 69
897 1127 70
1485 1615 11805
899 1003 66309
2065 1307 72
2427 2340 33653
2012 2393 100857
601 1857 86
1203 1692 215461
1013 567 4828
849 2348 4070
954 476 69
1709 1156 69
1652 1184 72
1359 981 391674
2159 1461 174659
1481 2276 316072
2207 1918 69
1193 1804 69
2110 1527 32229
151 345 103599
2434 1803 187785
2418 639 69
1688 1051 69
743 512 77
1244 1806 71
1930 72 72
1302 2318 29982
650 804 69
516 159 167705
1578 171 69
1336 458 92286
1152 648 69
66 859 70032
270 565 69
1623 358 33441
269 651 26044
1976 782 150532
193 1024 69
1767 1457 69
192 807 93
1172 846 69
1452 1704 39629
1949 55 6809
47 1699 69
226 1932 47599
159 699 69
1838 879 135713
318 1881 1509
1874 1996 94
1717 851 69
1001 2314 69
162 2224 69
319 845 4010
697 1172 134327
1391 1679 69
875 934 81
1158 732 69
1224 7 77
1053 981 69
2346 2409 351037
1630 2037 69
509 1503 296643
1424 1240 21870
1900 1385 252015
1792 2108 237451
304 855 269698
1611 1745 69
1134 858 92433
130 1306 148303
38 332 113579
2354 1105 261161
1591 1366 114
2434 855 69
2283 1864 73
1721 1095 6390
497 1322 141349
156 1639 67690
1263 761 74
658 96 74
1163 1945 72
1482 2155 69
1062 1220 72
1516 477 73
1717 1089 69
1157 2113 88514
2322 281 72
1476 711 269822
1437 412 320551
1765 932 22217
598 2053 277420
2415 1465 69
1495 1927 310928
1128 2185 69
2017 690 72
475 1742 72
490 2173 77
1469 300 273569
1054 745 34959
98 4 69
2130 1170 69
459 725 16022
1482 2034 188472
1263 2478 283261
2421 470 69
2425 2166 34226
2490 2211 1668
375 347 388942
1505 1309 69
1257 2044 399378
1285 2093 125007
2381 596 39129
1721 1483 72
1473 1311 69
672 1068 71
1250 1429 69
6 2390 2932
214 1514 52080
2317 1317 317048
1230 2072 117299
1226 80 77
2273 926 5101
915 2239 20759
450 498 12933
2209 722 69
474 1711 56628
1793 1649 69
238 1254 208889
1032 2050 74
1050 1275 98400
459 730 77
282 1239 69
876 1582 69
315 1513 293
1004 1179 69
719 336 69
686 2298 8203
1398 2037 228108
2409 1168 5749
824 1202 217172
1219 1106 334214
2410 379 69
564 420 77422
2083 545 71
1859 215 69
2227 1791 76
2026 2141 301434
1566 1879 136140
2338 532 69
871 1641 281649
2322 384 386113
330 2094 72
593 1048 328
1702 115 69
1221 1299 69
448 1877 69
1568 231 69
585 1767 76
1854 1650 72
210 1141 69
2203 1827 73
2164 1279 350097
1041 1960 69
2239 2468 69
157 1429 69
1467 1594 69
2100 1148 220515
1393 1313 207263
1796 2069 72
2063 2121 73
1789 1411 106797
550 332 169874
163 2045 77
764 1456 69
2385 1176 69
921 858 323587
2177 358 78
990 1152 246099
1569 1078 69
1772 2424 69
1948 858 173576
1244 133 69
84 934 41580
2022 1592 124
1948 602 88
790 391 70478
1158 1457 73478
1033 221 168711
1061 486 69
831 940 72
2178 2360 79
2438 659 69
1467 1718 397332
2145 1272 385551
409 1738 131945
748 578 69
2265 1748 73
1737 2259 1909
272 621 72
602 645 314436
2443 546 69
2476 2249 370832
1295 1154 72
593 1405 96885
2403 730 150773
1359 2235 2682
1268 1365 72
1951 1481 183896
1466 919 560
2431 2249 69
2246 1297 45294
1338 2355 115333
507 1943 6798
2008 1222 69
891 742 73
1142 2034 3896
919 1449 69
1452 30 53875
932 1387 69
1971 1905 30332
2118 597 43825
989 1780 137855
253 1712 69
2032 932 181908
1725 141 2858
765 1250 19813
132 397 21099
644 298 69
1302 2345 69
191 1994 69
1884 939 2090
2074 2467 89165
1345 2099 69
335 1357 79
1175 2147 69
596 1370 110187
566 1423 69
2158 443 328407
55 787 69
1374 2112 69
681 785 151260
618 1196 35494
2446 2270 150485
201 1020 161858
884 2281 103348
1275 2345 69
914 1386 72
1017 141 55457
644 698 310140
1139 25 98262
2493 2188 146215
1831 236 241456
1073 2211 84047
452 5 93
1085 266 93
181 1715 69
23 2475 273955
847 906 69
1306 1405 39750
210 629 262003
505 294 69
2473 1302 71
2338 956 100721
1282 1751 2452
1749 885 69
1071 1035 363622
1675 1258 19535
239 1368 92974
1592 2116 71
2390 1034 70
82 1616 69
226 1877 15419
1000 2079 130445
45 278 71185
138 811 21417
1127 2281 227832
2072 275 106354
1216 2138 69
1280 1904 123857
593 214 69
1126 1996 69
2095 1357 49872
2210 1183 69
1604 1931 72
737 2095 5277
2173 2069 1082
585 1072 106
542 1572 34366
2094 1096 69
660 1104 134068
983 432 24045
803 1896 69
794 1377 69
437 1611 1840
1997 1726 263651
413 792 18573
1933 1733 74
669 1689 581
2496 751 95409
1855 796 72
2193 693 69
421 2050 30070
2318 648 589
818 1956 336497
766 2180 74
1459 2278 69
198 1302 116556
103 495 69
600 2197 69
2220 1335 71
1253 569 72
1159 1802 75
128 1284 69
1827 626 69
2299 1786 69
216 1580 124808
2207 2226 94
356 1197 4404
1931 642 69
1577 1070 87
1003 1083 69
420 782 69
1416 1495 111565
2281 1818 8939
200 2007 203286
285 1083 102581
1311 201 201
2435 292 341094
405 493 69
408 2002 162043
650 1283 69
1701 4 69
2371 361 72
1316 817 586
981 722 86506
725 315 38826
1140 2194 82
651 1426 69
615 987 224546
1601 21 107652
469 2479 19842
1279 656 72
2310 2430 2669
2455 1336 286817
945 1474 69
857 1264 234960
2381 1311 3139
1912 1218 9758
1995 850 69
1919 1992 72007
689 1464 6944
2142 270 72
1656 2188 16540
873 442 208080
1037 592 69
1704 343 73
1549 60 75
1776 2048 78
534 1335 69
1172 2323 83618
522 2318 69
1273 1143 69
284 1305 69
818 1142 80
1661 596 69
1008 1897 69
2115 1110 136223
345 1812 21497
1050 1478 69
239 1725 16518
2263 1661 86268
95 494 11791
2442 1781 353699
405 980 33844
2152 1797 72
1793 1690 506
631 261 2112
998 1040 100457
2060 396 128279
1102 139 5705
828 2499 69
2306 1512 364115
1272 1480 100701
2211 882 69
897 1559 69
11 2357 69
1228 1697 69
1748 250 9867
574 6 69
660 394 7439
2221 654 73
2119 1849 278196
916 79 73
1272 1594 72
597 2333 78
363 309 69
472 2258 69
1012 2471 69
1651 1268 185708
1020 6 80
1283 2279 45671
807 374 69
561 2225 80
799 2280 27161
434 1405 69
2381 176 374
1725 262 69
1454 800 336934
174 2010 17993
2069 2411 265568
2295 2482 72
1101 304 69
1255 79 270028
1088 2123 17612
1214 858 100551
373 1070 361959
1322 1095 316763
2274 926 6043
1341 1704 69
1681 2049 69
1071 1120 12381
458 2063 69
364 1990 69
942 112 1437
28 188 33850
680 2382 349204
709 1433 346007
1778 555 227931
1369 474 72
290 110 72
860 1144 258787
494 1567 97
132 930 162118
710 2335 32614
2442 898 179080
1025 230 69
1309 1081 69
2199 365 26127
988 2052 69
1753 970 173238
897 1068 131043
954 2326 101093
2178 1442 1762
1890 1540 358769
2293 594 69
1794 538 309
113 2400 367265
142 2499 34346
403 37 224236
1824 1274 335713
878 1898 41736
2433 687 69
1847 1079 69
871 1524 161292
1729 913 76
1815 1557 69
415 357 363076
2286 275 138066
534 2230 69
1273 2232 1711
1439 672 69296
1993 1327 72
1060 989 135699
979 847 84
1524 1802 20520
1199 205 12128
1012 816 58078
1402 1378 302756
1356 664 69
714 1074 73
920 917 69
1711 297 58212
2267 241 70456
2275 1709 5252
1566 176 69
615 1606 10181
1053 689 247144
1594 1363 93
2090 2117 69
1875 1893 88655
2234 1494 114105
1522 155 66869
511 1 378733
137 369 69
1285 1523 305919
1293 81 137700
132 991 15032
2323 974 69
249 763 69
117 1107 71
242 506 18280
980 2402 74
1956 780 69
2292 907 72
1193 979 535
2299 36 59234
2423 2103 14522
155 1707 11927
220 2421 2449
1045 2419 69
306 2430 69
1555 180 69
731 897 69
2244 2328 69
1118 1632 69
309 1361 74
1837 2174 275
1116 2482 341803
989 460 80
1952 1339 72
174 2237 84
1867 633 69
1401 1964 69
1496 294 398414
2426 993 252150
1076 1629 238817
1042 1817 84351
498 2385 187533
522 359 303408
1547 2349 81363
1139 789 69
1938 1265 68253
1146 1233 69
1471 698 69
1334 1570 70
2047 1081 21382
1101 1718 69
2448 231 69
1197 1646 69
1826 132 69
1660 1925 368568
1620 297 94573
2395 262 69
2180 518 69
2175 1399 69
674 365 69
2018 1829 73
1526 282 69
2422 1412 69
1886 972 148983
795 297 95014
13 1045 69
2272 513 69
1241 55 3733
978 1974 72
83 152 21809
2292 2230 75
1136 2346 69
1469 66 70
2023 564 557
796 1471 42089
1612 1202 69
1075 2378 128988
1279 2104 288728
2473 882 14647
1796 1309 144820
1096 508 69
1547 49 69
161 1492 355527
1484 1436 5916
714 1820 69
1313 1201 176245
1004 1204 77
1973 1211 92493
1564 809 74
548 908 72
2000 1097 69
1395 1459 105016
1855 2261 8912
1309 830 23254
1704 110 43753
2311 355 73
1839 951 225039
877 1134 69
2380 1402 132634
1447 919 69
1458 82 3669
1461 1474 11656
2076 950 69
949 1805 69
1647 1919 69
466 1558 73
455 1390 332432
1688 1625 78
713 1510 116194
344 1490 82
1846 2280 346026
7 2249 136798
1883 341 69
543 131 69
1070 956 79
2029 2245 94402
263 1675 69
235 87 69
95 2397 69
170 1833 72
1257 608 105797
1342 2395 138322
2374 367 69
232 1869 69
1346 1674 69
860 123 69
2338 482 69
1711 1557 297713
368 2283 69
1841 2401 13032
467 1477 10918
860 287 87477
323 668 69
1276 255 69
835 52 69
466 1043 69
1958 1808 222593
688 2429 209
2382 523 244099
2279 1192 42515
1825 18 79
823 2269 10196
1106 63 69
2322 1047 69
422 888 50740
1218 1781 71
836 2055 69
1243 2026 1610
954 1775 79
1565 1938 69
1961 2192 72
1427 1319 72
826 1452 65094
1309 2472 74
431 1189 72
77 1823 73
426 762 69
895 2161 69
585 2359 69
2113 1451 321768
1330 490 137729
354 49 307102
1161 2268 187128
248 1954 69
2306 2429 69
118 957 69
1161 2127 17048
555 353 860
1458 2269 69
1457 2017 160575
2122 1733 358693
156 1694 69
599 1114 69
2209 637 210264
442 840 294458
1008 766 71
2500 114 69
1969 841 77427
2370 602 337502
2271 241 18028
1328 1460 69
152 1920 128293
713 2033 72
780 569 1407
1837 2004 69
1435 2305 329976
1457 2400 134411
2212 1442 69
738 94 69
416 1165 69
1433 762 29259
1315 9 69
1735 644 98584
2221 508 77
457 1824 69
1542 71 69
2180 1885 69
1877 1172 138
772 1934 69
1624 1439 69
1353 611 174305
1045 986 43770
1969 1654 81
903 2207 385239
1159 1356 313510
970 2442 9832
1632 997 72
954 2356 69
13 2111 54342
933 1628 58481
751 1280 367493
17 549 37382
1617 238 96
2066 822 395291
525 30 285116
1414 585 251998
1528 421 69
1033 625 69
2198 804 2858
549 1380 72
1866 2031 69
2240 2173 156255
2240 1959 132088
682 759 69
500 1033 229273
35 1112 283286
1979 2012 69
1366 151 44785
743 815 127
422 2343 72
1223 1842 69
2213 1875 75
2139 741 80221
1896 609 72
800 56 72
1990 1500 69
1531 1074 82
845 2393 107792
1081 3 197182
891 416 229451
1342 1397 74812
108 1218 180658
1836 2463 252043
1597 1108 71
430 98 162742
1009 206 350456
721 993 69
831 2047 72
1026 2478 79
1320 2362 69
2054 1254 267974
444 2106 69
522 314 303776
1168 1501 72
128 1292 71919
269 1487 2123
579 1249 69
1137 994 69
1282 1330 72
775 1834 328875
1256 67 69
1400 2011 84
1814 106 159968
1174 164 4509
923 1562 72
697 1547 83
406 220 11479
1266 1573 69
1981 1231 73
848 2310 77
2265 3 285106
2013 544 195865
1608 1180 339925
1176 902 69
2382 2478 70
1122 1167 4693
2451 2082 301395
25 237 72
2479 197 163681
1413 2004 92058
1870 21 77
1097 2421 38516
1446 2175 72
1891 1511 16618
337 1634 69
1956 623 119125
2063 313 52517
108 2370 184787
749 2054 69
989 322 11218
1166 567 112
819 1690 121244
1415 794 69
1516 1732 137032
1601 1404 232672
1768 888 69
1354 1579 69
2034 1991 125563
448 2103 69
1883 1222 69
701 433 69
1515 417 69
334 1124 54133
1772 2387 634
2265 1448 51550
929 2335 69
1068 2270 216
111 838 70
777 1742 76
520 2291 84
393 1711 69
1038 2025 72
1551 1634 343653
2132 2162 88867
1108 2104 125184
1558 1169 69
120 2061 72
2 1073 69
719 1295 180471
884 339 69
696 581 161
308 1478 69
1500 923 70
2389 1396 11959
1473 2153 198253
667 173 69
1864 1202 69
1977 2025 84
552 1303 72
1060 1710 69
1963 2316 254331
264 1877 391342
616 1742 69
2246 1109 74
347 1621 116394
453 291 69
1280 256 71
1409 1561 123825
2225 2354 354244
2390 1045 109384
412 1975 72
2014 2109 71
2435 319 285938
1406 1849 76
1640 813 72
779 839 10428
1352 1529 69
590 1016 72
1323 2218 69
1880 311 69
428 72 69
76 2136 69
1471 797 69
781 5 186666
1466 1582 106447
333 404 72
1057 465 73
2178 111 69
2105 60 74
1057 2263 72
468 356 72
271 411 74
1928 936 69
326 1958 93
42 566 69
634 135 69
481 1631 72
1404 1984 72
1397 1758 69
851 2034 69
833 417 69
1766 2048 69
778 89 69
937 116 70
1576 280 26966
1480 768 137934
87 848 50222
372 1461 72
367 2108 2557
2052 2420 71
463 584 69
1439 946 177801
342 54 194221
734 1780 72011
1881 275 73
1085 1135 69
892 422 69
1795 1072 171328
171 2214 69
2255 1633 13692
939 2107 71
1148 2264 378098
1575 116 138839
10 1874 44601
1383 1785 69
1271 1613 30930
1361 1939 77
828 2367 71
1072 1953 27109
1070 1720 69
1173 861 72
448 971 39212
1012 1242 230854
1039 1410 292088
784 1269 1540
497 2004 209513
568 2367 108666
2156 517 59743
845 2105 183223
108 338 169918
2118 158 73
905 1603 223436
831 612 157251
1622 1969 45836
1408 2260 189668
608 1530 75
274 1022 69
1563 1889 73
1446 1405 69
66 783 2674
144 724 70
1972 1411 1446
1312 2090 121946
2004 760 69
632 1213 458
804 295 211204
333 1469 104929
1545 1895 206527
2040 755 69
629 1383 105525
1224 1225 287217
290 755 72
2056 2149 160002
1685 2151 235069
176 1021 72
1744 2145 22637
1365 2233 69
2080 1858 98260
1464 869 69
585 1822 1214
2193 1171 177554
1376 2262 69
2303 867 69
945 1153 249136
1138 1423 119629
281 1904 69
668 913 231398
1962 1297 69
1714 366 77
2464 182 3282
93 527 275274
1693 498 69
2051 399 147568
985 795 10523
472 697 69
632 1060 75
2058 1663 73
1347 688 69
1033 377 69
872 403 69
1183 1811 10925
2084 2094 15979
1946 1475 335042
1040 2223 10285
1312 1418 69
2322 689 257363
4 1735 190075
636 1750 69
497 1502 69
315 1275 20644
1164 1740 189689
1760 1471 72
2385 1150 21147
1196 1587 69
918 1510 72
1381 274 166228
1385 256 69
1220 1760 377884
484 924 670
1147 1598 70
2484 92 516
1453 1985 69
167 701 69
928 1586 69
141 935 69
587 366 69
1925 389 72
192 2235 69921
1727 2452 277604
122 2146 69
1572 581 69
135 1191 129607
2430 1390 70
416 2279 2020
2239 1493 93091
1572 2201 72
1292 268 196534
1229 1546 66062
241 321 334521
1067 378 150743
2392 1379 76
988 1344 62067
2111 165 371788
1125 2274 76
1685 165 341533
1049 1342 69
486 364 69
266 66 69
759 108 363
1462 978 69
854 292 69
2449 481 24078
2064 804 23754
1710 1913 69
1466 905 362761
1242 922 37186
135 1605 76
516 765 72
1814 2328 69
612 936 69
1009 1739 69
2001 965 81711
455 1621 69
2064 1004 16004
572 1271 71
563 2499 71
42 2417 78
935 2027 143864
524 319 69
1129 356 94
1847 834 59315
1340 762 125593
1075 985 69
1653 1231 208485
964 2052 72
905 383 72
2189 1907 104
222 1488 72
673 1290 650
1079 1172 397365
1942 1719 121118
1963 1347 74
1240 1188 69
1805 416 215625
2082 674 69
572 475 130339
1489 444 486
2241 1527 69
1620 795 69
2134 2064 121431
1350 1719 69
1605 1072 69
2458 2481 80
1124 2102 57124
873 186 69
803 2033 83
2248 426 72
1572 1508 68200
171 278 194833
1685 1614 69
760 2384 69
1050 1900 69
49 242 152460
609 402 278796
2119 1774 69
1713 1173 388056
898 1051 28492
2339 1386 35381
351 1788 69
1599 1304 167937
2154 467 69
1240 849 389574
1487 68 395234
317 1109 41850
2377 829 69
561 2327 69
38 2277 4483
1609 2498 69
2314 1492 6307
1721 75 69
2094 704 77
1455 632 3310
1925 1945 72
1640 1294 126158
676 1413 69
2182 1372 69
488 1899 9249
23 1801 69
625 1190 199875
2258 1831 69
917 142 79213
791 131 2542
276 887 101865
1562 1746 69
1150 55 73
2133 1448 69
802 2493 69
1215 10 293
1091 1951 120743
175 1092 47204
2002 2079 72
729 1861 80862
198 608 376345
1657 1608 69
1089 2450 68712
2388 231 918
1499 1372 38744
1491 275 532
2065 1072 335769
1654 973 37022
1501 32 69
2451 2063 235734
927 1987 72
1615 1522 26332
1417 2465 169331
951 521 4274
2323 92 69
2406 751 69
799 2018 390795
786 1621 77
420 1701 40270
1597 1391 69
2043 840 362153
790 2059 69
2084 1827 236196
693 727 41388
288 1958 83
1455 1879 208599
15 5 69
831 1029 69
2169 2367 168068
510 517 69
2160 2418 5848
285 175 69
1304 2456 76
1895 279 116439
31 1726 69
1430 1482 271526
524 892 193574
488 454 69
1762 1505 12883
91 808 69
556 991 69
1659 1664 265818
682 357 69
487 449 69
2390 846 70
721 2172 18394
567 2166 71
1507 871 69
1028 2498 259551
1202 1056 72
1656 1616 31848
73 2210 163482
768 2128 157371
1515 1537 69
668 217 69
2062 1290 69
59 1875 69
2292 426 340013
2207 2067 102972
1117 119 230546
1726 2121 69
2342 1430 397456
1695 1514 386652
218 656 13862
938 2464 237680
378 870 46911
2298 1558 114720
2186 2232 70
322 2317 84
514 833 69
2495 1390 69
1714 2098 69
1727 1949 133822
631 381 69
2336 2120 521
666 1670 69
1528 242 72
2188 973 71
2484 631 386347
446 2101 77
410 528 69
2252 2495 69
1589 433 7780
2426 663 69
429 758 69
72 2315 72
213 120 72
1428 696 277288
769 527 71
700 1553 72
3 2360 61928
1045 184 278493
440 2171 72
1382 2213 150495
432 1842 64763
1414 1321 18316
659 520 23914
1581 2387 72
1033 412 372328
1692 577 70944
2183 1014 69
2114 624 16165
2272 2111 69
1745 2045 248234
1461 2100 72
1784 2321 60692
1583 246 74
62 2079 324078
1162 2069 69
1893 2202 353
2357 2479 93
1016 389 123564
1036 2190 254916
1218 2221 77
1513 1062 116606
1332 2454 142
915 739 1490
1496 1631 69
635 1713 12070
2322 1659 78
1652 1327 255972
2188 1713 69
1334 224 70320
2390 2088 69
574 551 69
1192 1087 38643
1816 1666 69
26 2071 12148
1879 1051 69
187 789 183515
2286 1364 79
44 2170 93549
1542 712 183127
845 285 47133
1731 777 125457
2365 887 69
2094 633 67298
983 316 814
294 2190 149212
686 118 11561
3 2098 69
2493 1131 258080
1761 376 176334
949 1264 39486
629 2162 16950
31 1658 25683
2139 241 69
1539 182 69
494 36 68681
28 1942 69
465 1556 1924
2415 1638 76
1847 378 69
2156 47 84989
692 1192 69
2126 2282 332228
2429 1133 17968
1849 169 90748
1652 2303 7821
2005 1830 110731
2325 2409 69
1081 481 234557
1418 454 6149
1349 1971 69
1552 204 72
1465 1664 69
1929 74 75
1874 1260 150732
1906 1797 69
32 1773 69
629 294 342797
541 1227 69
910 1269 69
793 291 66775
455 2035 129916
360 854 320447
2129 2032 69
1252 2102 146288
1736 680 111363
1163 2078 276706
1477 2451 364437
1574 94 75
740 829 16692
2335 2146 72
2291 332 69
276 83 72
1805 2253 69
2240 2145 69
1090 582 246053
423 574 9345
1783 761 4980
1712 2092 72
1613 563 69
2151 999 69
652 1789 99325
1921 1267 77
91 490 89386
1295 2204 69
632 535 379543
1746 1291 92181
1023 2257 70
1811 875 93
1902 750 6351
374 1167 69
911 729 69
1156 54 69
2028 1451 324309
33 2265 105723
945 931 69
724 1663 77
2294 564 526
928 1454 79
632 865 69
1171 937 32284
1911 1896 230682
163 2181 105
2296 1340 77
51 1383 51554
503 1393 83
461 2238 177333
300 1829 125028
863 1315 77
2346 539 72
105 1888 258220
741 459 37154
427 643 69
461 1722 69
2490 326 75776
2194 2296 38968
1268 1708 69
520 151 69
1315 765 177550
1326 1076 48171
948 2325 74
2067 54 73
703 773 72
967 670 69
1621 292 113398
2315 189 960
1240 723 178746
1510 645 110903
1264 249 2184
1381 1802 309605
921 91 125266
1828 1165 221555
759 1302 301602
1216 253 145913
599 1309 80
1336 352 73
195 2116 66273
2199 672 361207
2402 1849 59335
1565 1348 35425
2031 2104 72
677 2001 84
736 839 62991
958 2322 232413
1844 1119 69
1966 1941 69
2167 1824 76
138 1396 72
1990 2405 302685
1859 1816 309939
960 1214 69
1188 1487 72
480 2060 73
11 2407 18233
843 1603 69
734 818 69
1914 1552 282509
649 82 69
1313 2331 75
2303 135 223117
926 1238 69
1904 971 120371
2324 224 69
1108 626 69
1468 801 75095
1974 1019 1396
1802 1870 69
774 1282 101232
1298 2441 69
1720 2457 69
952 635 72
1592 926 178
547 1426 72
2082 1407 169924
737 1677 69
642 917 132630
2402 2483 69
25 526 69
1504 257 71
2292 1828 69
433 324 71
1344 1966 327754
70 2255 53438
187 604 119879
1503 1002 122719
1276 1969 69
2400 121 69
391 179 45351
1132 1932 232775
464 689 395937
679 2304 69
174 485 69
1159 608 23431
1064 1833 245102
778 1319 50222
1967 1587 83901
150 2442 28025
2109 1003 693
1809 2217 1211
597 101 217
1306 280 69
386 520 339964
2463 1440 26024
2193 1604 196458
1496 1550 4230
1214 771 41136
2400 2227 272159
1034 613 69
1016 2083 311363
670 1878 69
1556 1942 71
1970 798 69
894 223 69
1030 2060 25630
2270 1311 69
1674 1179 30892
1932 1255 69
1661 2168 319150
245 650 3228
1487 686 69
1661 1283 3435
1860 2477 299471
2153 877 2261
1475 694 69
445 1536 69
770 1923 69
1906 2001 23179
1165 1048 69
1120 2355 69
1082 1458 174286
1871 549 34112
730 300 291952
1548 1398 69
238 1245 74
1795 2341 72
904 657 78
2078 1546 69
1537 2191 78
1445 638 227763
1871 1997 227
514 995 21639
39 2276 69
2022 2137 74
494 2423 229576
898 734 14948
1247 561 134175
456 1787 69
769 471 69
1901 954 434
104 2173 33717
1237 849 69
2475 2095 1136
347 602 22372
716 2063 97701
2225 1607 393155
1062 87 75697
2256 595 97778
492 1458 72
2118 2103 306400
961 1407 69
39 1099 69
1832 394 69
308 1476 79
1277 1965 298408
2250 1914 80
2354 1028 5037
1994 117 74
583 2280 91456
1475 397 72
2405 1869 72
2190 1285 124398
1597 942 128789
1804 1507 69
469 145 69
1980 1724 72
2396 205 16208
1115 2395 69
240 151 68951
294 2180 51006
612 1157 69
749 2405 6068
2141 1396 77
2051 1393 69
596 245 72
499 2377 104
2134 1340 69
23 426 81831
1029 1903 72
521 1407 223981
1096 803 28532
1145 583 26022
1863 866 126838
1669 1998 190674
496 2282 382354
842 107 334681
903 2136 69
1879 2249 206
2360 1873 69
1972 894 113170
2132 1460 69
950 1009 72
2226 841 69
1789 987 10919
2450 1766 69
2319 358 233038
1035 453 94
1073 989 248039
2149 377 69
698 1463 72
542 1666 63005
1300 2219 69
419 605 151440
2279 875 73
1012 793 69
1351 1097 369151
50 1690 69
1275 788 337426
384 231 80
937 962 223
1389 287 69
2194 1100 44557
391 1461 137224
1384 153 69
1805 1887 96088
1556 677 69
1481 830 72
2016 841 69
939 1270 69
1946 2092 69
84 513 94903
285 1996 69
1278 1793 69
368 2346 131867
1547 953 8610
2102 1982 46861
1000 1936 69
1601 1924 69
133 325 2055
897 1693 111849
397 1260 77
2301 88 79
373 2256 72
2061 254 69
823 841 78
947 845 26377
1666 1752 183641
975 2379 120
1090 710 166634
1406 1997 69
504 1445 35238
2307 1618 2451
1092 845 69
2032 1010 69
175 2389 93699
1619 947 69
861 1454 32329
744 117 31528
563 2473 69
181 1784 69
552 1835 69
115 2372 49286
2327 1830 41199
509 1417 20603
2000 1007 369501
537 1137 69
964 2130 277218
533 2063 68312
1686 1828 78
294 1705 231407
1315 2290 13048
136 2433 69
1047 93 69
464 2245 23803
2455 1422 69
342 1693 69
1460 2276 23921
1882 489 49376
776 2038 72
1528 506 18808
452 1445 69
986 2014 170463
1612 270 202524
1125 2273 79
944 2340 77
1778 407 69
95 329 92911
1527 2368 2089
826 2245 69
1097 2439 69
2239 2045 378106
1317 29 69
435 1732 69
1838 1918 1072
1671 1849 183057
2252 423 20301
1708 354 71
2008 1962 69
1850 2370 73
1878 2137 50278
1671 1325 72
1803 225 69
255 157 2932
2039 980 389789
2232 1891 72
308 2350 1868
1741 1338 69
292 1514 103338
483 870 160971
377 2243 29504
1057 1399 149708
235 861 69
1585 1757 8433
481 2424 69
2186 747 69
139 1258 128036
1548 470 292
141 1683 72
181 1476 304714
880 2414 69
155 196 76
2028 2113 69
1818 1479 7788
558 528 94323
910 2202 69
1591 351 625
222 307 69
380 1456 69
370 1938 69
1879 495 72
994 1306 245020
1698 121 2537
11 82 86
2422 187 72
2356 762 52338
69 1510 80525
443 1260 32666
40 1667 86378
784 611 75
933 1106 71
1866 2196 278851
2069 2233 3885
2164 2466 80
1575 2162 129258
1323 909 89801
544 2281 69
2102 585 69
2467 1219 69
893 1128 4039
207 1672 72
1631 1960 540
1706 974 185874
797 2182 137404
1136 1084 1489
725 1109 1373
163 1793 4954
178 1096 13048
1432 620 69
1253 2244 113646
1444 18 69
2350 38 206139
1122 1619 69
1928 1252 4847
991 2141 320844
218 2143 308809
1145 828 114305
716 1312 5679
328 768 69
117 1691 163051
832 499 71
966 536 69
1491 1984 69
2002 1948 262599
1796 2268 66508
2169 1534 69
1218 221 313662
208 2414 69
1606 2378 70
712 1641 69
125 992 72
740 1792 249912
690 914 319344
2444 1739 71
1455 800 69
1677 1179 69
1604 1634 238390
441 311 72
1554 2310 17474
2026 2050 69
1452 866 69
1287 973 12267
2209 758 72
2011 1458 69
1993 2224 69
1052 941 69
2058 1331 285731
1624 1692 3311
665 86 22954
1220 2430 77
1853 1241 32091
1959 2011 6657
16 65 69
1273 1425 252712
2262 1869 56176
660 1067 88
1379 1350 50790
2050 1874 123788
2352 156 70
2149 1534 174530
1247 813 150714
1103 2488 69
1463 968 70
541 1199 158948
2131 1494 5901
2358 159 258172
2491 956 16031
1797 1288 69
1064 48 69
209 1145 322050
1927 1314 69
1061 1250 72199
149 1565 69
300 1694 101099
1148 2187 377688
2433 1718 72
1289 2445 289633
1572 1979 79170
1251 614 42810
1326 495 11838
68 391 69
29 655 79
380 1082 143730
2490 1540 69
1310 2395 75333
410 2497 52622
33 2403 362
843 853 79
2126 209 78
252 1034 174324
1060 688 281968
1406 1555 69
14 1626 72
422 1712 120992
976 310 69
1252 1855 69
267 870 69
14 948 87538
990 1210 69
1463 2268 69
1762 375 69
989 2402 755
2258 777 50798
1194 537 69
289 1263 69
1253 2245 69
2353 764 69
1781 598 178929
1944 113 13212
124 844 69
1792 1590 72
1392 1615 108739
1427 2074 69
1276 1157 1631
1229 706 69
1868 1004 69
2433 1748 2797
257 646 5921
171 2169 18772
1124 1670 72
203 321 72
1971 853 8865
1232 1924 69
2321 1504 69
1291 555 69
2238 1153 197558
657 2 69
2318 679 239786
2432 652 69
1436 997 29626
708 594 69
535 20 69
2430 407 71502
2083 942 71849
287 797 73
2052 1532 46222
230 233 3095
280 1127 382836
2036 1871 69
2272 1148 251
147 1220 100651
1968 501 149612
1771 442 72
2494 2334 69
1418 881 69
942 1851 5225
757 765 69
2103 1273 117189
1902 1333 72
787 2176 16120
1799 1725 279861
329 143 1294
714 2198 69
944 2435 69
1664 2039 123254
327 1039 69
529 180 69
1073 981 69
2365 30 88
727 1531 301372
1533 170 69
1123 1131 69
572 677 282482
649 1215 62551
2253 1067 69
909 2044 69
1271 628 72
673 871 69
2354 2470 69
240 343 69
1599 1787 73
2101 826 72
769 329 74640
125 2090 72
2220 2300 69
55 2342 69
360 1870 72747
1988 661 69
1125 2480 69
2112 2000 3847
601 311 5855
1775 1515 53666
2488 839 378877
2444 1967 69
1435 1173 91277
1145 1754 69
496 2447 69
648 1732 69
2425 1700 69
84 1761 69
111 54 165
52 730 69
1239 44 348718
298 1603 296355
1755 1914 255973
2276 680 69
2210 1145 36588
1809 1642 65512
384 1687 179614
1957 1116 69
2035 887 52361
1549 2188 42880
541 1762 29875
45 1074 146362
195 1354 69
1215 2287 69
1439 2210 215380
1888 1794 72
3 805 322752
2379 1084 72
381 1036 96398
1659 307 136449
724 523 12122
527 1225 59623
1686 1517 20044
1604 1801 69
1755 2409 69
1756 476 67296
286 2069 27235
507 1909 69
237 588 69
2032 1623 78
1492 1494 175515
1132 108 98538
2008 73 113579
894 447 69
1142 1693 99563
2326 1763 76
1217 975 69
1217 2450 70
749 558 105197
494 1306 69
2459 1241 70
2435 2239 72
2319 2276 251183
1383 480 69
1083 2484 69
1417 883 74556
1785 1283 76
1725 351 69
439 643 69
490 1007 347
1435 1607 79
1351 1076 69
1572 2493 1066
1527 1700 72
1724 796 853
1959 2274 72
2378 2254 249343
1199 1211 69
1205 1439 69
827 496 69
837 694 69
200 2108 76
2470 1839 74
1806 1364 41079
625 2228 69
626 792 166592
2211 1434 84
554 1744 175094
378 1598 355308
2307 258 60338
55 1285 45875
5 1197 95709
718 1549 312296
581 2439 91539
1848 1024 69
1182 2216 69
664 1867 75
1467 1902 69
89 1048 72
1367 1454 69
857 1964 73
2199 727 69
1286 559 69
980 1871 51635
1550 1155 69
1743 1866 69
934 98 6882
88 2118 69
1247 630 69
983 2386 69
2177 260 50196
100 457 43955
820 96 77
348 1554 69
53 1225 78
371 519 71
54 1876 289895
2255 1602 174751
1104 504 102
348 1870 69
329 465 81
416 1900 69
1248 1512 80
271 1871 69
580 1730 195576
2180 539 126950
1764 2001 119776
2005 1915 145456
1832 2317 250
239 2237 226279
2410 101 69
2139 1153 72
1331 1651 15718
1637 271 33707
1333 64 69
708 900 69
1454 1577 50187
21 504 393689
1122 291 69
2326 1154 359870
871 1232 4595
1924 1953 1731
1296 695 69
547 2426 342900
442 2460 72
632 2027 8080
1143 267 243616
2227 576 69
711 386 69
107 2402 69
1300 1854 74
600 1743 69
30 2319 74
1705 2065 69
12 1846 29814
430 2231 73
2367 122 266593
1585 142 69
1628 1069 69
905 1149 69
1684 1426 77
170 2160 69
1739 1172 174009
2129 1829 42969
2406 854 69
458 1395 110846
176 1617 73
544 1949 52917
17 1766 47724
1845 1110 69
2477 1364 69
2041 367 69
1123 2172 69
15 1386 69
2082 335 45286
1513 1736 207298
1906 1413 28096
162 972 91
1487 1050 357143
1308 1534 69
228 1391 103977
979 1660 170485
2361 2002 214470
1746 1114 306806
1093 1678 288156
937 1421 78
1843 2112 128305
2274 715 6410
1652 2151 72
756 2119 13226
733 274 69
1525 1422 73
161 483 270982
676 1521 154796
445 752 69
889 1601 62534
49 2351 69
2256 567 1512
23 2492 372846
2079 1854 69
1065 2256 69
2363 2142 29865
1842 998 160634
1407 1079 326542
402 1577 69
2468 1968 71
511 397 185160
1413 1819 73
24 2354 380310
916 112 17008
672 1659 44237
2312 147 219880
1301 863 68406
1827 1748 31270
1645 473 70
1324 1951 232241
1733 2191 27891
1727 558 69
1597 1644 370674
637 1857 9925
589 2278 15530
1721 278 69
1579 27 127784
3 2166 605
2251 1594 85137
1104 238 100220
2038 1101 252416
559 1001 2526
521 1298 163046
1547 1111 270273
1591 2231 69
1111 1682 69
1838 1614 195837
2089 1861 79
24 2143 69
1469 881 69
451 1210 77
1609 1195 9327
1720 1808 228577
1850 195 69
580 1940 69
595 33 277780
1151 813 69
2237 1040 69
1624 1731 336427
399 1231 5530
146 1337 391955
1299 1449 69
211 582 24689
43 1526 70
994 680 69
2063 1425 72
328 2178 31425
265 2452 38883
1998 466 69
68 1882 7218
2305 1359 355742
2197 2287 15054
120 2176 69
766 1817 8708
751 329 73
8 2403 280591
1848 2140 69
1610 1224 259329
2337 2054 49863
293 2135 170420
1013 1865 69
1385 971 72
559 1507 174019
376 473 69
1963 1427 239446
1304 775 69
1232 2495 61800
1792 2470 236238
2486 1231 39150
1089 1785 297326
264 61 69
927 1151 135274
748 2236 69
2119 1883 74
1856 1556 186578
2293 2282 69
961 611 9294
1568 907 69
933 450 4492
1009 286 163019
365 1941 72
2219 2155 69
774 160 69
261 1238 69
425 1111 72
2094 1898 69
690 682 81
971 922 69
565 244 232664
121 1229 69
2154 2181 69
2458 746 75014
678 1328 2128
1495 1044 12691
1131 1149 15611
1212 132 183895
2343 389 86004
1987 674 19292
586 1555 79
720 102 71
903 1541 323
337 2119 72
1731 33 89429
1364 408 98148
513 1659 69
2077 827 89
1429 1561 72
531 742 57163
980 1459 10020
2308 2305 119022
2135 1693 260184
2232 954 261400
2419 572 10621
70 699 69
741 1452 220942
781 731 72
2246 1538 12528
821 86 69
338 1641 69
1227 1063 114678
1891 211 69
1586 2224 172611
728 451 69
1199 1440 216997
617 460 393
820 2344 11544
1376 926 80
1354 656 190867
253 900 71
1761 1875 72
2203 2215 69
2263 1917 69
1614 1150 69
114 1657 69
1435 985 343593
86 748 243293
1809 1814 69
2400 1967 56889
18 1478 69209
1849 1494 349636
232 1995 77410
1866 192 174795
1236 1484 4316
962 1943 22771
1917 1534 320
1607 2255 217
447 1170 163314
2390 2474 213157
24 1672 90764
394 1084 69
1258 1962 59920
1997 1084 32077
2358 1238 72
973 2037 78
1103 1900 144096
1441 1525 81107
1255 159 86
504 2415 214387
1763 525 69
893 1181 79
1544 784 69
2030 1321 149726
292 1257 131115
343 36 28295
2222 498 77
1247 1649 69
2107 18 101002
672 2497 386038
2355 1777 69
868 1290 69
2397 908 69
47 2366 69
2451 2306 129389
944 1467 28656
468 491 72
1186 1304 78
1641 1076 76
1696 1999 69
387 886 173588
1886 1713 69
476 1044 69
53 2056 69
313 909 69
80 425 45882
1313 1913 41367
1778 1624 213409
1289 1602 127381
71 706 84
1275 1141 58600
2063 465 2793
858 2389 24295
275 984 69
1761 2441 70065
1510 718 72
985 1506 69
1053 1321 228913
610 641 12509
806 1149 908
2269 481 8915
2446 1879 2723
149 604 978
1995 129 69
745 2200 164633
849 2485 72
1630 318 58514
187 610 3477
710 1363 72
242 1681 4437
2264 2374 72
1165 2492 45020
309 48 20678
14 2120 69
623 1933 69
2439 1372 69
1089 2282 96458
1810 1226 151402
1330 1580 64314
977 2336 71457
1789 1392 69
1765 1512 105776
1740 791 69
2339 1283 45381
1910 1696 319028
972 1108 80217
492 2361 72
834 786 156356
1203 956 69
9 2002 47427
1688 809 69
1981 1438 71600
2458 24 252814
315 1641 72
2414 2256 84
1784 1443 77
2185 987 133532
2261 299 316998
640 1370 10065
700 1703 69
1847 954 36910
2087 107 69
1906 303 235419
1162 607 69
2243 2057 69
34 434 307452
1768 1006 105
344 1013 69
128 2195 69
1495 1755 72
1573 2259 69
130 25 79
2352 1334 69
544 375 69
345 1383 72
541 129 69
1847 61 70
761 1255 151326
1359 2168 69
286 1006 21547
2308 2302 238876
26 1582 69
1896 713 69
108 564 72243
2334 1002 69
1072 1460 262533
681 1044 72
316 2036 240137
1120 576 69
389 1688 140128
327 1245 55142
2308 2011 69
962 2306 82
1294 2059 85
724 856 224506
1483 751 88581
1132 1130 69
2013 1414 69
2144 687 69
299 408 112265
1607 279 72
2284 278 98
1993 1221 62361
1819 1325 69
2332 2169 84
1563 547 3770
2121 1947 69
1635 902 69
1363 498 170927
2087 306 39333
2209 1323 5568
1651 2130 188076
1094 333 71
1834 925 69
1489 154 80
1080 1590 69
564 223 54457
363 1730 76
94 35 69
956 1208 152772
2056 1422 45196
1441 2216 99123
219 1631 73
1779 100 69
2190 1256 69
2037 186 7455
1753 459 69
2162 2223 75
352 685 72
911 1614 70
272 866 102097
2492 333 69
2104 325 69
1735 1827 237054
336 2272 161141
2222 544 21318
505 389 73
2135 340 69
1804 253 13798
1735 1485 71
73 1735 69
1274 494 112602
576 811 207913
277 1539 69
1051 1812 151329
1084 86 286471
2147 41 69
1393 1506 204567
1042 1851 397
225 682 256857
2073 2412 69
874 888 72
948 1431 8552
1826 2418 54014
1747 2381 69
1606 863 73
2093 2190 69
1452 143 71
2204 1355 244148
2388 2326 71
671 2076 4836
415 2420 77
2489 406 304
372 20 69
58 226 72
1551 2200 391267
602 2283 249230
126 1791 70936
1742 1473 246239
1225 2181 69
677 1930 340777
2062 847 69
918 2019 69
402 626 7482
1435 2252 433
562 1341 69
1934 786 297437
461 19 67469
2001 570 72
678 1972 69
812 425 69
533 707 72
844 4 33674
768 506 69
2346 1455 66529
439 1061 71
788 1265 457
1143 1742 239511
560 2283 69
220 912 205860
876 1409 69
2001 2163 69
2208 1086 69
2069 2038 7658
1915 2009 319673
2042 1733 69
2343 40 69
1133 2496 83
743 1368 69
1853 1980 40893
2224 754 93
1761 1910 51222
481 2123 69
2311 604 69
2227 2393 79
2320 1411 69
304 795 69
1492 836 692
396 1829 65361
1141 264 88
2144 2459 71
387 1167 69
759 1877 24537
1340 630 1436
1559 900 151838
715 2358 69
709 884 69
2376 186 69
