2500 5000 1000000
1686 2341 7519
462 1562 209750
2429 2011 129721
479 1841 214617
2201 907 157509
324 701 74
1657 1783 11675
1327 149 94997
1863 1067 74
2136 2172 74
1276 14 20769
1731 1851 383024
1388 1410 21622
2259 1504 73451
1841 2022 173495
2253 81 19971
2472 1856 74
1859 426 36672
594 1670 46127
2339 45 74
1790 735 255968
1224 369 34389
294 1968 153146
1450 2164 56162
882 1597 39325
683 2500 7813
1975 200 62572
1046 1228 95
1882 600 74
1999 374 74
1298 1904 154513
1179 747 77
1549 314 311050
1109 1645 74
1137 51 192869
96 2335 93
77 1216 141923
1492 630 17509
2321 511 44926
2388 2484 15516
1202 1809 91797
147 1857 74
144 2150 255691
1641 257 74
154 2137 4001
1943 1265 135389
1667 691 82
2052 1508 256380
1340 493 74
67 1887 64491
1345 1303 149775
2064 48 87160
1559 307 75
911 1036 74
1430 1860 82
1600 990 74
455 95 200508
1017 339 74
1939 604 74
2038 1112 77
1588 2046 135443
1496 651 82
1942 238 22473
738 610 78
1537 1361 74
1521 2128 337
1501 2363 97638
2170 46 77
1360 2050 74
1472 891 28837
871 1795 88
597 429 79961
1992 2320 74
163 2465 2884
2251 2039 249188
135 1328 74
1038 1689 77
957 85 10575
1243 201 74
2314 1036 13321
2383 1775 211345
2093 574 82
814 1183 77681
1901 2196 220973
255 636 77721
479 2275 338534
2451 287 80209
184 540 168408
2215 1876 74
152 1879 82
1563 995 273942
1883 1421 74
1531 1166 74
758 1608 248
34 1268 78
517 1039 74
2482 1713 334199
608 1014 74
520 1359 112469
1895 1997 78
1926 639 102
389 1183 74
1036 760 74
935 1050 74
1123 1459 74
1953 2465 74
1978 1097 14551
317 158 74
69 639 4469
2072 2279 41851
998 616 74
1981 414 76
2030 1908 74
277 2431 184007
1936 376 86
1165 2062 31497
633 1033 74
699 2275 54621
322 657 77
1876 2240 144398
1686 1775 1179
57 202 198532
2185 1293 74
1682 1416 77
1065 241 136963
2385 1718 74
1768 1011 22427
1914 2380 74
1734 2360 74
464 835 74
842 2346 74
2057 1269 74
2049 419 74
1359 715 14606
2451 670 2153
1699 794 77
537 436 159598
1359 945 20075
1226 515 14569
1913 962 309287
515 2160 812
2181 2309 82
1311 105 25637
2349 1036 327949
791 1092 74
1056 1446 74
2030 236 80
2031 2345 74
557 376 603
1479 1359 82
1928 2094 315520
680 323 98
2354 241 37724
305 2366 74
1363 610 11448
319 1708 74
1228 1114 78816
1270 1680 89
1669 415 255499
674 1518 74
1812 120 18176
1937 940 74
2121 1301 74
1331 1156 77
1873 129 74
441 308 79
2487 797 108
905 692 74
563 1027 90
1106 491 364900
1398 1225 74
2001 1116 195514
2283 19 74
97 372 89
723 1388 79
1105 2487 74
723 390 342834
1146 2145 145748
1871 1029 74
1911 970 361
436 187 288231
372 2245 173
1962 1472 149781
176 774 74
1365 2193 36724
81 416 74
2365 737 74
1026 2433 77
213 204 74
1242 85 74
2282 1909 3031
2201 924 76
2056 141 81333
429 1083 269
1740 743 298830
2352 361 72933
396 734 101857
1963 1312 142554
551 2316 74
2103 2319 78
590 2332 75
1968 653 311392
175 1048 340367
1403 552 74
1836 318 351955
843 2416 144825
72 1226 302261
177 2096 206069
1612 831 208906
281 2338 74
2362 856 62483
2423 1455 81160
1082 1831 74
485 1290 74
326 2065 43485
1591 2256 74
920 1306 82898
605 864 89
198 306 358118
1162 1332 362410
2437 1696 372727
2307 808 30222
1612 65 271531
1983 211 77
575 2260 342806
562 2069 288789
1031 515 6748
2158 2054 25331
1925 551 74
2478 707 74
113 1692 341640
1237 1820 231520
323 404 75
1734 248 318760
395 528 98
1785 815 312452
1159 475 74
994 1252 74
1141 235 1960
1898 2146 74
301 567 74
518 114 74
2172 1467 74
705 1431 366822
27 1637 1058
1921 1808 150426
1083 2226 106298
790 1127 74
2233 1568 74
1188 1849 2183
1631 704 9770
1064 567 330499
2185 1153 67942
2407 10 74
1252 139 77
863 306 74
1033 150 33431
2293 972 385661
1132 893 76
2296 1717 74
1518 876 10641
1348 2424 121745
1012 1341 103328
1205 218 243768
1790 990 229932
830 274 170106
476 954 74
9 1337 314
1050 254 74
2238 1572 1011
2154 231 74
1291 1303 74836
927 183 74
678 2029 74
2264 1805 99
334 2123 276542
177 1746 77
885 2291 4740
339 604 76
2426 53 240522
2141 1330 197089
689 388 74
262 1277 74
1440 2187 78723
1502 857 102543
1214 929 74
1153 356 82
1541 60 74
1419 2301 98903
2424 2249 74
317 177 95993
2220 2078 35167
731 2436 88436
127 1849 75
591 2127 7865
541 1985 74
261 2219 74
867 832 10119
1856 2083 74
1653 1473 77
122 665 347917
524 1959 354684
1738 890 124030
400 587 8796
1458 1634 6221
1074 1483 1201
1010 1995 74
903 1587 1461
2382 245 74
719 1920 74
1200 2369 74
370 48 150323
1797 2139 77
736 729 282900
731 1296 84
982 399 7987
1023 1672 77
63 1198 47052
1783 221 5401
1802 387 68370
66 1652 5163
1735 185 54349
1107 272 74
1863 1639 50204
2115 1580 78
1138 2264 74
2465 1675 74
361 1719 157069
1517 161 191354
1526 1915 74
1559 583 74
2099 237 78
2123 1613 74
1041 1771 74
1899 1066 74
1006 2491 30626
81 256 76
2287 1113 33194
708 294 122291
348 1750 74
1124 538 324
641 422 2374
445 2055 74
2227 2286 74
1296 610 330088
767 1181 74
2198 722 74
2051 540 74
2343 1165 95161
2095 1505 66718
1785 300 124338
957 880 205705
2371 2138 80
2467 1116 36925
504 995 70522
2236 2313 74546
2304 1162 139394
2482 537 74
480 2038 74
978 399 64299
819 210 74
595 279 99731
2336 110 74
643 2013 1332
1961 761 94
1861 707 267800
686 30 74
1170 2464 74
1858 1066 74
2467 985 77
1210 291 74
963 361 320497
2471 2428 81
1316 1643 32280
855 1714 76
1613 1466 156920
183 451 74
1759 1959 347895
58 790 15670
1368 1117 76
1608 2268 74
693 1708 170968
1401 866 170464
1236 1817 349562
1855 371 77
2211 710 74
1739 1263 24077
225 1714 44273
2413 2434 69928
81 2399 85
2166 1234 74
1108 1146 74
883 856 107831
570 1906 131661
2295 2255 36924
966 443 210568
1508 2251 74
628 1415 74
2375 1475 74
557 1626 76
767 1978 141018
1823 1542 74
2467 2345 74
49 1427 74
1465 1451 74
2241 479 160
2314 234 21548
1665 845 77
1062 1661 51283
828 727 78
2378 1668 53083
1050 273 80
1421 1099 126026
1810 623 260538
2301 1275 181614
1388 1249 305021
24 125 74
721 2150 74
1466 2321 74
728 1497 74
1295 1655 42404
866 2364 84
1511 1079 74
1835 416 384975
2263 141 77
833 681 255333
1564 978 16389
67 1463 74
2278 269 74
988 997 89
500 1130 77
1351 621 74
2408 1574 74
292 2404 367457
223 472 76
516 1412 229555
408 1652 74
1467 38 42345
1878 2265 273422
876 889 13125
2477 2177 74
442 1878 77
1213 2057 165366
2427 1063 77
1458 951 74
463 1698 113541
857 263 74
2485 433 86
1554 2148 83
304 1264 77
1759 2461 74
706 949 74
2128 2054 78
9 841 245937
2498 1211 82441
2451 503 308358
921 1153 74
1263 548 50199
130 927 96845
554 2281 11109
1148 1781 111
173 124 74
1212 804 66515
1835 1209 74
1676 1702 77
266 1584 87256
685 837 74
1225 1436 17512
1084 1910 89
2024 1332 77
2007 1057 1348
1843 1557 380242
1402 2311 77
1512 1337 74
531 2395 143165
646 419 195085
999 1174 98
2219 1411 171068
2394 2362 74
740 29 77
789 1056 89
1583 113 74
2053 2431 388269
1771 757 74
1419 2029 74
1289 1698 339830
745 1310 81
2142 1945 74
2378 280 96
2453 1814 77
684 61 277703
955 556 74
1624 33 14483
900 793 74
1073 1063 1139
2375 1487 45499
2167 1558 102777
1099 357 74
1064 1949 100894
529 1533 74
622 2077 74
812 591 74
360 1705 123030
2492 636 74
117 2364 19495
714 1955 78320
1088 566 74
482 1222 77
635 2447 261154
2005 1657 77
2027 1898 74
1717 1124 346139
1293 348 82
832 531 245756
112 15 992
642 303 75933
575 1126 245754
1645 1029 199196
956 2071 87
614 1417 74
737 1776 74
1033 824 83
626 265 191641
2160 373 39142
76 1315 4041
471 1903 163954
2459 535 204469
1959 803 74
1666 2002 182324
559 1182 85
1693 517 82
1464 445 76
870 1855 32937
821 1369 24947
1277 1613 2173
2186 1700 100223
2088 428 76
56 194 10578
1968 2248 74
838 918 74
314 2184 77
1548 298 37255
2434 983 6168
2083 1913 74
1147 465 161669
143 2242 82
1337 1354 41134
2015 7 74
1073 1625 74
1704 178 173874
1116 1731 11057
1270 576 277631
2269 1248 89
710 2096 149529
1056 646 299666
1805 1914 8699
1004 717 74
1102 1164 79
2500 363 89
261 2168 74
1152 1119 57962
564 826 74
773 1638 74
1571 785 286243
28 2264 77
1585 1205 7325
2228 1964 74
308 15 6937
548 1265 2385
2452 1430 77
739 2047 77
1238 1141 78
694 1356 82
2330 1794 94482
2182 809 74
2091 1714 77
2306 2198 66489
1557 1065 74
2435 1359 806
1566 1867 74
1022 1640 74
1779 783 74
1192 2252 82
742 86 74
2378 2223 74
759 711 76
1917 2412 74
1345 938 176179
1891 1750 165117
527 732 74
1096 1049 1664
410 1819 74
2281 2159 74
854 212 74
1478 520 74
1849 1840 43631
2443 1611 365685
2461 1012 77
1639 1697 74
897 2384 74
466 1076 51751
1511 1426 4182
2221 194 16202
581 1862 74
2432 510 280824
32 57 74
734 2198 78
949 1736 77
597 409 7471
797 1414 375016
1176 799 119154
359 695 84
6 1653 74
2048 2229 258054
1665 873 838
25 1595 74
2154 1791 44924
555 991 74
2187 590 77
2406 2248 74
1437 378 75
2107 1299 45406
1784 902 335508
424 2106 74
1834 690 74
2090 2116 77
1780 1524 74
1577 21 78
1018 276 74
2090 1678 276589
229 1923 74
944 1679 77
534 1176 82
695 2097 193
626 368 270140
1338 1278 23492
1733 1048 113729
752 1122 74
1892 1803 158642
122 1970 65425
940 1525 208498
1244 888 76
1368 646 74
1212 1050 77
1550 914 110664
2173 1104 74
2075 1536 234961
1280 81 29111
1810 1293 681
858 529 74
1342 2233 74
165 1749 3402
797 2109 74
1633 330 74
556 1518 73312
2246 1203 163349
1998 1201 74
1521 1935 74
1695 1137 6504
2018 1650 82
348 2222 239946
240 1532 1285
402 1834 79
2139 750 74
507 2257 10341
1027 2240 4326
1431 879 77
60 2202 897
1632 522 2866
1097 1748 163922
160 2095 20012
2061 1167 75
1152 987 374120
1553 993 77
610 729 166612
1377 336 50037
2456 2216 74
1587 2354 74
1546 984 177201
2452 2239 74
1759 32 174686
986 845 361752
265 2290 74
2343 327 74
285 2456 74
767 2332 79
2341 471 235540
980 711 74
1224 822 235656
2052 25 77
528 1113 94
1855 1249 74
2189 914 223001
1826 191 78
609 2009 74
116 795 82
4 68 76
2137 1562 186280
1734 1646 77
878 2474 248987
527 2484 2972
1429 1358 76
112 896 74
588 1807 79
129 1360 165162
1083 1766 74
1421 2144 78
1575 2339 74
1391 891 137178
2017 1519 74
2282 2430 74
65 1002 281674
1256 1715 82
1763 2032 74
1865 351 77477
1576 2117 233198
1019 1093 131841
1446 1159 77
892 717 77
1849 567 325446
368 240 93331
1541 2497 81
53 1295 74
770 1808 74
2394 2429 304896
1458 2136 74
1003 401 13425
1288 527 74
1829 1604 41673
1951 1541 43872
1391 288 74
1452 1215 74
2279 613 185374
1871 1698 204165
1697 1819 1100
215 2481 74
979 1530 328782
1999 2184 82
1207 174 74
1357 304 1172
863 276 30041
1882 80 53591
728 989 8181
148 2074 74
821 502 103623
89 409 74
2396 854 253175
940 88 12579
1679 1619 7907
2315 42 312697
1332 105 74
444 85 147406
464 1439 5787
834 1962 74
420 181 54770
1921 1483 74
1550 2355 77
2447 78 133837
2080 2088 74
1040 1391 74
1621 1155 74
907 1476 78
1051 362 74
1255 2229 74
874 2342 74
2326 171 77
1379 265 77
1786 1989 47273
461 2137 78
1432 1002 16685
569 2428 74
188 2167 74634
48 194 88
2433 926 36159
1084 550 372745
772 575 74
343 1402 74
711 873 26892
724 1971 74
335 1806 74
1150 1134 72002
1734 2361 142711
1593 436 77
1590 886 74
42 134 390373
1497 1799 74
205 380 95996
1615 1757 74
2226 1534 60394
2149 421 78
2081 1685 77
876 853 65227
2484 827 91065
1265 2366 86
1328 578 77
2353 1453 1141
895 290 74
842 2394 158621
1445 502 7475
1822 638 154994
407 1832 50374
138 1489 74
821 457 75
2329 1622 74
734 294 74
2287 1320 74
814 1655 14978
1176 2136 151428
2187 910 30331
2152 731 111753
1571 32 77
1517 708 190253
2357 2003 74
2046 2302 778
356 1406 78
825 245 30038
1578 1186 74
741 432 79913
215 1047 344190
722 931 57858
775 2053 5414
2396 310 322350
1331 1722 5684
1666 1102 116768
148 748 144508
539 833 161061
1649 2136 82
1350 768 77
1277 686 1382
627 2151 43742
73 531 9867
1261 489 79
2306 1894 76
225 1860 55660
1439 1807 74
2120 1230 383946
1379 2351 81481
633 2419 390142
1415 207 74
440 942 74
691 1436 74
1011 2219 10410
2306 1716 883
44 1433 84
669 1372 334177
1040 1337 3458
673 382 74
1352 588 74
2437 882 345347
1048 505 74
1034 2054 118556
172 1702 220481
1745 115 5335
1786 571 144487
2445 496 74
1061 611 210705
1743 2044 122
1625 656 7528
1246 2416 74
1111 871 68162
165 2367 74
2107 1634 74
2252 726 27750
1685 292 74
1137 742 139610
782 2378 77
1239 1662 74
1339 630 76
1705 1824 188431
2368 2161 359893
352 559 278231
2199 2286 319539
993 1351 77
1999 15 325235
268 574 36076
1656 1333 259940
544 2468 74
800 755 389128
714 1465 5364
307 2313 1118
1447 195 77
2190 812 99
1805 797 11786
1689 1930 270401
1439 1934 77
775 1923 74
376 463 75
979 1368 87760
901 1082 52639
2189 2020 74
1553 1439 74
762 198 12857
2334 1338 74
2457 2400 216136
2457 1255 78
1847 63 74
2181 538 44922
2241 346 31260
1286 153 74
582 1357 74
531 22 6521
934 1414 74
1709 535 53897
2043 2119 74
642 2445 77
2195 1754 201574
2317 673 74
1013 2213 73479
1883 2144 86
138 538 24270
73 819 76
268 2377 74
896 1113 74
1141 1580 74
705 1138 99
1262 1812 74
740 106 6339
2222 2064 74
1413 2375 90
1165 1085 74
1970 364 193740
544 845 17108
1085 156 190691
176 2283 61074
1334 514 20654
2225 60 74
19 1080 48048
1437 2287 155278
1461 2164 77
681 1978 379241
1454 1591 74
419 1198 82
1925 1264 72683
2497 2426 58073
820 2188 1828
2417 2103 202090
313 2131 36139
851 2300 74
1491 383 74
286 444 74
164 1926 167667
1610 1788 198482
1195 11 77
1805 728 74
1385 1746 88767
1764 1296 74
2052 1706 290394
1947 1156 74
205 1479 328351
393 1921 79
1983 455 121071
441 905 74
241 986 10421
628 1340 258082
2325 1794 355566
1296 1661 373108
1312 1220 112
1704 643 74
972 473 288259
1815 321 77
2167 1588 74
9 214 79
1961 1174 341896
2493 404 74
1344 486 76
172 943 31024
1746 13 6572
466 1963 74
2163 2184 19413
2196 1968 41532
1812 2285 43716
2397 799 228664
1461 537 224125
1833 102 97994
1164 1268 76
1128 1563 74
1257 1235 74
1548 95 74
1804 2298 74
2015 2176 322183
2221 1295 359688
1070 1927 74
63 2236 109051
1338 1860 74
2283 2235 77
1819 72 74751
587 1128 74
93 1531 397360
2114 1126 275077
1254 866 74
1894 371 95511
1285 1899 397975
1180 2089 74
1557 533 74
720 1411 104735
1780 670 13532
2486 922 90
226 384 102987
1921 1314 191681
699 1294 74
458 1729 16543
1433 1701 74
2359 2033 74
2480 2160 46209
2043 1264 285601
1609 1514 6269
962 490 95332
1475 1589 74
744 2300 296799
473 868 74
1918 2021 202822
2141 2007 74
2185 253 74
2217 1307 15355
1454 1496 100506
2040 136 207279
826 455 74
1905 131 74
2 188 74
2117 590 388163
425 1045 59996
509 2017 74
872 1914 204043
462 1756 74
529 1844 78
1369 1137 74
323 1688 97297
2448 205 74
670 1738 74
842 2028 79
1232 606 74
2349 1195 76
796 1025 137853
27 2356 74
86 882 184706
1859 1060 26498
146 1266 2531
510 2398 82439
580 644 77
1198 1030 194430
1128 1512 202515
1415 103 80
853 509 74
298 1122 74
2183 853 94
1955 1667 166239
2362 1012 99
2302 1823 308705
714 2039 218
906 2377 58923
501 786 77
1977 112 26582
1630 1815 71625
581 1636 23763
1256 128 199587
1816 1775 70974
2060 430 74
891 755 27428
860 1657 3839
2474 1135 84
2071 1715 76
577 859 74
1452 45 74
1765 1433 192554
271 2450 77
2053 1635 44647
1865 1087 170280
435 2081 58163
1349 733 1066
825 384 74
53 1800 105052
2466 843 74
96 2374 77
1812 169 58681
604 2270 187501
2026 2412 115634
578 1843 86
2225 1327 74
79 2425 37802
612 2180 9575
805 655 74
1618 2214 109146
846 1241 16742
1242 1777 74
665 500 87
2290 1673 10140
2292 785 178483
345 1661 74
2078 442 77
1487 2421 38489
366 103 78915
703 666 76
1520 2111 22650
1063 1714 61084
1933 918 168160
1217 1764 27628
277 1855 99790
309 835 74
1337 1733 90957
1498 107 82
1946 387 84
2227 259 160553
1649 1075 4324
1379 894 4900
494 2036 112546
1507 1725 109
938 501 74
393 656 294347
441 631 68912
1280 2359 74
1505 364 77
738 340 74
1477 1668 10191
1812 1890 326715
1140 350 81697
713 1739 74
918 1751 131304
1724 2421 76
99 1329 74
1752 471 74
74 1422 41307
87 2341 74
1435 2042 59017
317 1841 23793
493 2302 379863
2306 2486 118693
1471 1563 74
141 387 78
2134 1316 74
748 992 82
17 1904 74
2386 1099 297023
1088 1295 397175
1258 439 139954
1797 829 74
1922 1099 74
1279 913 74
903 960 59595
465 124 74
2118 123 335149
1120 2046 75
1576 1362 98079
98 1672 74
379 1630 77
986 1557 71725
2009 2342 74
204 1716 105423
300 1318 94
1374 1069 74
637 366 74
196 2314 245597
1306 156 74
1691 1108 95
1613 2126 79
255 1818 154998
116 961 77
326 1852 313089
1730 2219 82
1064 519 74
1513 1588 42798
2167 1711 76
1798 995 74
65 846 76
1753 1456 74
1530 309 74
1900 1048 77
2314 1698 74
1524 1762 257095
730 1245 3961
1283 2177 78
276 427 972
1884 2376 82
1630 508 74
1623 622 2740
1878 2419 335385
404 342 110
473 1485 79
819 288 7247
362 1204 74
1158 1448 74
683 52 74
2276 1661 35211
98 726 1809
1255 1019 81541
1187 2133 74
446 919 74
1866 1808 82
460 243 74
2234 540 74
1241 1565 77
1909 2341 101178
609 2063 74
627 221 250581
2316 744 74
2331 647 74
1407 2315 2737
1572 1855 328086
1254 184 78
1933 1700 74
463 454 74
1843 2130 1089
395 2117 77
396 856 74
1688 50 352111
2116 1550 80980
1523 1668 32705
1775 1753 74
950 2086 13773
1900 1809 15052
2102 285 81
1412 935 11246
742 1572 17865
819 931 14196
804 806 74
150 2431 74
1474 1305 26588
494 1927 74
1359 1670 15080
1621 1502 76
1421 869 77
478 1601 74
1575 2328 74
1273 1189 74
1204 1749 88512
1918 1418 6170
2158 2011 1397
2270 1724 74
2198 383 65689
1322 2186 74
631 1985 124877
771 2413 5579
971 1156 48119
2426 1712 89
286 328 42891
1614 2397 243989
2204 1145 74
442 187 91
1529 2387 356328
820 1106 80870
979 564 47054
1555 197 77
349 1434 84
2473 1654 74
708 161 74
546 452 1211
1556 1423 82
2331 147 178232
2120 501 188080
1628 2032 121602
2094 1869 78
1346 1283 26233
156 1465 315025
529 38 334891
1845 1717 14792
2283 443 215326
552 1190 74
817 459 74
1282 2003 251156
1945 1408 199925
181 286 223562
2392 2035 84
2153 1694 12708
681 990 243930
1803 321 148037
1584 1336 77
618 1883 118
1088 1654 74
1567 646 93
625 2046 199533
1877 891 36208
2221 935 287081
317 337 92
1462 1160 74
105 1102 74
2147 570 74
2124 28 74
1384 478 355456
1864 2077 74
283 1755 241014
1411 1859 31325
2421 2153 74
1329 2177 228220
1571 997 42182
1504 368 155727
236 2352 78996
2272 1058 34695
1658 93 53272
848 858 77
1891 859 63936
719 1110 82
107 1254 359933
146 2212 74
2008 1205 74
902 1455 256320
2167 1307 54282
1790 1184 77
289 1656 152987
1196 401 74
1013 2477 77
44 71 93
1111 2014 10982
444 234 26278
1456 1491 112284
2093 725 74
1962 2427 45348
2159 336 79
2460 174 74
1792 773 314101
2280 2112 160094
451 1171 77
116 467 74
1842 2287 83
437 1215 144386
2432 1767 111816
376 176 305
896 1094 77
810 718 74
484 1791 74
553 110 74
1260 16 303538
1571 1074 181451
1178 1885 287765
297 54 74
1030 2294 74
1379 367 74
352 537 131
2352 727 271662
2488 452 49374
1759 1311 670
1209 329 166520
1175 1577 77
2255 500 77
225 1028 101881
11 2016 74
758 788 339818
760 149 74
2148 779 76
1049 801 384713
558 91 286069
2415 1114 79
2094 206 80
157 59 74
1115 232 93537
440 134 74
863 199 9032
1182 1946 28335
568 683 51789
1754 1108 8765
277 554 74
865 189 316534
1568 1691 281890
1201 1207 332975
2248 1305 38264
1589 548 10385
1371 1005 169280
1586 82 8740
1349 463 79
2248 2272 5619
833 2175 77
1530 185 84
2260 1333 74
295 361 74
2357 1851 24832
1679 341 76
2042 185 22764
102 340 156929
1889 2207 65879
560 994 29026
2106 1220 47483
1942 155 197441
397 1034 74
90 504 83
1925 687 398518
431 425 217365
995 308 93687
883 1172 75
423 687 2191
1170 2223 156985
521 822 74
422 1367 3947
646 1941 31841
632 2019 74
479 2125 77
12 192 74
1482 1726 81
1599 39 74
2374 416 77
2101 1905 27738
1853 792 74
1200 2157 51559
2053 1006 377774
294 1180 106632
239 1894 74
2236 1716 77
2357 1901 209398
2427 734 166126
748 1284 74
2493 1033 12850
394 1586 56961
1725 1331 74
1918 1794 74
2327 2281 74
372 1595 16798
263 1303 77
1555 211 37564
1374 554 68573
2333 1778 74
2244 1731 104443
2459 145 74
1277 385 13077
1810 1316 74
2155 2412 79
978 336 160153
1432 1438 76
1472 2409 54504
2020 1444 251733
487 370 77
1983 800 74
330 323 252280
2089 247 274425
834 1227 2292
413 1718 83
1635 943 365146
1304 945 74
1181 1827 74
1809 919 4473
946 2017 84
1743 293 330630
2256 1627 42524
1272 1925 61922
1282 533 74
1537 169 276960
492 374 77
1380 1684 74
1733 1277 188054
1856 787 27773
1168 2080 211441
2278 1314 74
291 1017 74
154 2389 75
175 449 74
521 539 86
2254 627 236326
1822 1774 366252
1529 1863 74
333 2036 74
150 952 82
208 1802 167100
1889 1289 39466
763 2282 62542
626 216 310617
1080 1503 146004
1258 2428 276297
313 184 19195
718 1785 74
1220 2277 74
1147 1744 74
2076 1008 301863
376 1866 8755
2176 1086 64845
1600 2363 251119
266 2193 74
1198 1425 351872
425 1673 271194
1695 2142 122713
2212 46 90242
286 1954 74
322 1361 110130
335 1830 75
1748 1184 27504
681 1201 187967
1506 452 60986
1286 2254 193222
2322 1198 322654
734 2280 1868
1223 2377 37535
1616 240 74
1646 1068 147937
86 2260 149690
1504 1570 77
1226 344 77
488 1784 74
1149 11 74
1915 1410 77
1339 1484 74
695 1466 74
314 683 74
422 696 74
961 2292 37378
892 1429 20621
1222 1432 74
2485 1365 25863
1809 1660 77
857 2382 160276
955 1069 92
14 1531 40548
196 1642 15544
1913 2217 17683
232 1146 1165
498 137 74
90 741 74
1954 1656 74
771 2301 77
1428 3 77
2185 1406 69806
27 1467 233138
1268 820 36017
853 946 74
2360 948 74
67 2449 13398
1078 2397 7413
125 2432 74
669 2227 77
1443 852 283153
1907 1906 2638
2041 633 77
542 1970 74
1253 2421 89
1647 1395 77
1772 1330 74
1034 2320 74
2353 2458 44722
323 1683 184171
2192 1492 194210
1060 1645 78
523 1084 614
1291 845 74
237 1904 214898
261 533 90635
1272 358 74
1931 2032 52152
1717 1956 74
2158 1276 74
915 1375 377769
1025 961 88497
1073 184 86
369 1277 119585
13 1027 86
1254 2245 218946
1013 949 172
107 2129 22787
2452 123 74
327 862 74
1039 1667 236415
1143 1586 74
2266 536 74
659 1347 74
2354 1182 5933
1054 1099 53339
2329 951 74
2062 774 326496
2221 1416 15446
869 2144 89
1897 2200 74
1838 2437 89
1868 1586 77
1380 366 74
1313 1187 5307
326 2270 89
962 2493 74
2381 859 74
433 1170 2346
566 861 99
34 245 106450
2142 2357 8440
1454 745 17557
1500 643 306
1318 70 310808
47 1794 74
1359 1605 74
828 714 77
1174 1732 77
1482 1506 99616
412 1273 144990
2497 1104 76
139 67 74
1494 1145 74
1188 1069 378148
652 348 76
1424 319 77
154 1606 332922
2414 1376 74
236 1855 98
1143 1898 153225
714 2278 237678
2159 39 82
784 1481 74
1639 1643 30879
1453 1325 74
1305 1953 74
1190 1560 612
1615 1249 164244
307 1269 41868
803 1208 74
2046 952 161579
472 1206 49700
189 230 79
1471 452 74
2240 1221 77
1189 2153 159764
1359 35 264
778 169 74
2336 258 269
1644 555 162307
1264 2123 81972
1977 190 74
667 2163 74
1285 1021 53421
824 2051 74
2305 898 74
802 2183 74
575 1909 74
2277 790 18632
2135 267 90
869 2428 17153
227 1912 6818
1426 2018 74
2045 702 9633
1221 114 74
1074 36 74
2370 2076 74
2175 1560 74
1420 796 75
523 188 77
2326 1052 44742
1802 1118 77
880 925 74
922 115 78
997 2463 217848
1078 569 20212
629 603 113653
676 613 74
1052 1198 221580
91 245 74
1692 168 77
1057 2497 74
1404 185 74
109 900 74
1749 284 74
2431 113 46594
2479 2128 74
1962 1572 74
757 2280 329880
417 1510 335878
2497 978 16142
446 1258 74
1625 1852 74
1124 868 201598
1243 1453 74
911 278 74
1638 1046 74
1899 1121 127446
963 1599 166468
1501 736 46186
264 104 74
1823 196 2114
2422 1472 82
242 1003 82
114 1127 2837
573 206 87
887 2029 53408
159 1257 171880
675 308 74
898 2101 74
1622 1990 74
34 1137 106444
217 278 143493
567 499 379743
1942 196 74
156 1671 82
1060 597 74
75 1425 79
99 1612 75
1113 1517 74
1129 2092 77
371 1931 74
88 1049 307467
1045 122 86
274 959 13445
2464 1603 163882
2494 1263 74
448 275 75
763 641 77
376 759 285269
2296 908 74
840 1052 79
735 848 74
1144 1825 74
439 379 74
583 390 74
653 1628 74
170 1843 81146
1418 1387 327971
1744 1390 74
13 1400 329759
40 1224 78
744 2444 81
1197 303 78
1365 1430 74
469 593 74
1095 2056 74
882 945 119649
1327 32 74
359 1803 74
1086 1820 279088
2012 2091 29847
363 1501 78
169 1711 290030
727 1043 74
531 2371 88
1398 676 69290
435 1762 26442
1999 2230 373611
610 712 74
1859 1031 77
673 2044 55672
1949 1972 84
708 1910 200920
1447 49 74
2332 79 369934
943 2311 21534
2480 1121 74
604 93 112309
1330 451 333108
40 2150 74
694 1093 9058
2172 2289 123303
1579 368 74
1049 2053 78
2418 765 11032
1937 1521 58738
2127 1266 74
2067 1848 79
2424 298 87
1644 282 74
53 1438 52883
1405 1425 4883
635 1782 74
692 283 74
778 2101 74
2437 1234 77
332 122 85
2191 1876 16637
2165 508 83
905 1773 11601
42 2171 194196
2072 814 74
844 922 74
2236 1982 74
2446 17 74
617 1708 74
1238 2438 118638
1140 2006 74
807 1628 74
845 1568 458
1251 458 76
475 1890 82
92 1420 321619
1915 1948 82
1955 993 74
111 658 77
1603 274 356000
2217 770 169288
311 1679 74
1425 1398 114070
818 850 76
178 2451 75
1728 1488 2035
64 2388 74
1607 574 117941
2134 2490 74
1486 477 78
1993 36 74
1499 2479 223256
2001 1300 246628
655 1866 14439
1286 1783 145203
2410 1365 74
554 1684 74
296 1350 79
1047 1906 54684
1016 2437 74
2202 879 11884
1180 547 6576
375 2311 22435
1296 539 28495
950 1401 166529
1828 1551 74
2099 482 2859
265 1989 74
1991 2174 302469
1818 1939 6953
1655 1540 81752
1684 1157 95214
1644 1002 315983
1712 1689 91855
387 2086 77
1086 1628 28940
1718 34 49811
1916 9 74
1109 384 368842
1457 2379 74
2371 2089 94531
2282 1509 74
1290 771 17451
1900 2163 132316
2120 1685 3128
1217 568 188667
87 393 80220
1956 579 174242
1592 490 95759
2075 990 74
543 872 125681
419 396 74
788 1223 138613
1381 1707 74
1248 86 74
1544 642 74
629 1302 350201
2364 1909 369276
1100 204 21116
1208 2064 249548
765 492 94179
424 1870 36760
1662 1920 77
704 2011 74
982 1837 74
874 2304 118
283 1052 85
108 766 74
169 421 77
364 227 128
296 440 85639
236 1786 74
802 685 74
1677 1145 254123
410 1020 77
1701 895 74
1464 1180 256118
2291 346 77
354 500 74
1134 2271 74
1425 2173 184348
1083 1276 103202
1829 2358 322670
1269 1168 94307
748 1164 3553
1616 181 29460
611 159 74
1996 94 101745
1068 1451 79
994 2251 25214
2233 775 4600
1986 1274 74
806 623 74
1169 141 164
2050 371 1297
246 30 74
420 495 312746
854 852 74
1035 1340 319259
1297 1413 74
1848 2168 74
514 477 77
912 1037 74
989 18 74
914 438 79
6 1543 141
1741 823 74
796 113 81
181 1899 6853
1202 2125 77
677 513 181712
781 721 77
2485 715 76
2111 688 76
662 1353 74
2035 1891 2009
1511 2356 80
346 1093 66836
1203 1068 61644
237 580 181223
1168 1565 77
175 1882 74
2007 1423 74
931 153 77
1978 248 51552
1813 1873 94325
1073 349 272992
574 731 118139
1341 547 85
1085 1599 52384
2216 916 277723
1346 338 74
523 817 80
235 2258 4303
620 177 74
331 1141 21517
2451 2483 210926
1189 2287 188761
2137 464 74
758 2080 64465
295 1103 74
1104 2178 233555
528 1148 93023
2387 82 398374
2448 1515 86
222 1791 119667
2385 770 120399
1643 753 74
1324 2155 77
2224 1718 101
351 1265 74
1206 2101 5837
1062 1379 344909
2004 98 74
1371 79 74
820 2259 198781
419 1893 88
1968 50 291017
655 1731 68277
1445 556 74
2186 368 77
1827 512 74
2078 661 196163
1166 1804 58018
1531 1532 8468
800 2230 80814
1820 246 74
346 17 18108
447 963 30401
700 1748 74
2350 2025 4597
2431 343 112386
1035 2145 63021
2434 1962 210765
1960 2487 74
2263 2156 112
642 764 273182
1054 1647 3819
883 1945 74
2403 671 74
817 1022 60363
1593 1966 5412
1801 1066 112994
64 2196 74
1816 1348 74
1330 1464 42590
1606 2453 81
317 1738 74
304 1489 31487
1932 587 78601
1251 2013 74
227 389 254825
434 1062 331659
1827 1053 38109
936 255 90
1729 949 74
2234 2351 74
1203 1876 239927
205 1364 84
1809 973 62087
2227 189 74
1488 635 77
369 1544 240169
1731 190 280818
1815 331 74
77 1520 74
2114 801 363273
520 594 74
987 993 4456
1963 510 192654
851 1706 7498
1386 2349 23648
2157 144 74
2036 594 319094
601 296 91
1993 1381 118
1192 1513 376792
329 20 74
1926 251 74
2322 595 74
1679 2055 380106
1197 449 4777
1846 1969 70724
2419 1628 188072
1337 347 75
2257 1167 275594
2194 287 170717
566 2451 90752
2161 1320 74
1916 196 74
17 1916 274354
1241 159 74
1392 271 113581
39 1125 101
1157 752 10312
2157 2412 12645
1133 80 690
2147 257 51704
1714 503 82
2097 429 74
2310 1064 74
927 1706 78426
795 1321 78
511 1824 37107
674 1889 4478
434 1163 74
1696 158 75
1946 949 159079
1037 1805 242
1037 283 153817
1318 9 48023
1621 1808 29025
2243 1657 74
534 506 74
1907 2367 74
168 1964 74
510 1592 1288
1582 901 74
2321 1323 323069
1687 1470 74
2235 1437 87638
744 2203 77
2148 352 74
810 1962 436
1714 2257 74
1956 417 228001
735 1858 240283
1941 1135 74
1598 264 29445
2280 1720 74
1742 585 75
674 2141 218068
1718 1212 209548
1338 823 18855
119 650 74
32 2286 42465
1000 590 74
910 249 61289
1077 1568 74
194 2417 18150
1479 2208 251344
1984 964 50672
685 2443 3716
1135 802 20501
2086 1532 53162
1766 1027 181937
266 953 284588
1320 184 83509
206 2344 74
1588 1784 74
1705 2325 74
822 130 191609
364 1466 151196
1727 704 77
2484 545 74
655 272 1620
414 1793 74
2165 6 92670
582 775 57803
2113 1446 74
1635 2350 371159
504 186 143073
1734 740 10931
963 1325 362467
1810 2005 216108
1529 1748 74
1413 468 82555
1812 1084 74
1264 1639 16994
2499 1513 30321
1289 1958 79
2316 2434 80422
1401 35 331281
865 942 74
1265 1614 83
459 2345 193207
475 2424 74
1244 425 110385
2355 909 74
2268 165 74
871 2136 179225
985 1673 74
989 443 22044
2114 282 15458
2000 142 6014
172 1866 117069
1285 810 74
446 1967 55231
2369 935 315200
2499 2388 74
969 2183 10270
77 595 88
1728 2385 74
1261 130 102193
1740 1020 74
589 1129 107
2151 2041 74
2275 1670 19579
987 350 75
238 821 74
1854 1120 74
2299 1556 74
599 2350 514
1230 1920 283880
1741 533 74134
390 2176 74
1762 1311 100
885 2114 74
257 1609 74
1305 2488 74
2192 581 155703
2394 1501 334
524 1632 77
1751 2044 1204
2369 619 6903
1308 724 132151
1163 2274 366503
120 2344 74
2377 1745 74
2422 1621 5257
1732 1539 78
1399 1389 74
2138 437 74
1361 2202 97
1553 2147 3325
2186 181 18056
1024 1954 76
1643 2164 2933
783 759 51159
128 1741 3257
105 1695 158950
2311 2032 94
777 943 268076
2156 1828 74
58 62 77
1067 1861 74
1442 279 74
1356 145 235011
1487 407 74
579 1785 387253
1603 2400 74
928 602 74
219 925 87
404 457 124531
572 1437 29395
2198 1931 2302
783 1995 1755
2290 1957 145945
93 1170 145149
1205 2111 74
1916 282 363849
112 1231 1044
818 644 8589
1885 1349 12448
1722 1666 1871
1323 487 74
229 1547 344472
1276 2185 122327
1967 1194 74
2396 1245 57361
553 563 245488
490 536 79
543 603 76
1499 1792 85
2323 1864 74
1906 1231 74
1936 1284 288238
1815 2423 84
149 1762 8106
99 884 20724
544 954 70458
730 749 77
659 2209 74
2234 691 1820
1850 1081 90
1826 2137 53314
1209 495 76
1154 1523 74
1577 835 262670
567 960 86
1478 1984 74
510 1749 74
2500 2022 74
318 79 75
2458 2273 80
749 2285 74
91 2418 102400
624 2142 63664
1310 224 77
2491 869 77
1132 2092 74
416 769 4937
634 37 83
1670 1777 77
2021 2128 7142
967 1950 5589
684 1335 74
1926 1622 136008
2180 2010 91
663 1525 74
1855 2313 77
144 2173 74
1578 48 128933
1357 1020 17493
201 1261 76
1224 367 167299
871 2307 365799
2046 976 294783
818 786 19926
1893 1818 9744
558 1892 74
277 1951 393024
96 2239 287389
753 751 82
2372 248 77
482 779 23441
627 2422 2473
1018 1111 74
1545 375 76
2150 2091 77
2404 147 22024
714 1175 98135
699 1978 82
265 1449 285318
282 2254 82
2468 1499 29825
1163 807 10718
26 1277 74
1620 714 82
1336 1499 93
526 1961 82
999 284 220097
1252 455 263018
1878 2426 136641
1025 1448 74
2050 438 8395
192 2154 77
303 1828 8098
134 1610 39861
460 1940 74
1797 693 161088
1603 615 74
2224 1008 74
37 1492 74
1098 687 87
1706 1358 74
1594 1805 19041
2397 2253 74
72 1663 74
284 789 247577
2213 133 74
1833 1955 82
573 2038 74
1779 1677 74
1514 1692 132188
208 884 39655
385 600 140662
1532 331 81
455 414 85911
1013 2356 64206
2158 959 74
15 526 74
991 1239 77
198 890 5317
1431 1528 74
873 2403 74
2402 2035 247462
2181 1278 81
1788 1067 73656
1831 2056 106012
377 1176 74
326 1455 117094
1598 1581 74
2469 539 30174
324 1239 170090
1727 2399 23261
1177 1988 74
541 549 74
415 2318 80254
847 1495 74
1708 1755 4503
2032 2411 11193
2267 521 76
1550 797 74
818 2310 16773
50 541 40513
1521 173 76
1184 923 74
586 651 74
1686 1510 74
1647 2350 110527
606 2226 74
224 585 77
81 1186 5430
2000 1405 82
135 2457 78763
2074 2065 74
799 1209 76
1818 2083 83
1041 1778 77
2042 1526 11185
947 290 306944
601 1179 301873
865 1076 81
1355 1382 82
301 1616 148363
1600 563 74
1918 2464 10700
839 1994 259583
1181 1241 4255
1382 420 77
923 607 82
2423 92 387623
437 151 74
411 131 20396
1157 1128 48055
2294 1117 74
1409 673 355554
666 1929 74
367 1254 16970
1181 454 84285
1881 137 74
408 1196 77
1230 1811 74
1426 1170 33977
2378 1868 61245
314 1291 158544
759 1602 246956
391 772 211324
395 1964 13129
260 302 74
65 1737 77
1489 1710 74
936 121 156942
2015 1548 77
890 2400 77
1552 1693 98
2138 1878 78
1251 2258 74
2330 2451 172786
1866 1168 204643
1013 1651 76
2135 1903 38034
201 197 83
2197 2362 19422
477 2075 737
645 2386 74
1674 198 74
1278 1230 133864
457 1040 35571
1891 648 6593
965 1118 392794
614 1375 74
2225 1517 53614
715 1899 74
1679 1452 326659
2076 1538 141704
1536 1602 74
437 21 8381
426 1861 6132
1346 33 77
384 229 74
713 2084 74
1363 2343 77
718 435 4191
1551 589 84
445 217 74
988 1096 154526
1983 1519 2325
996 193 82
1513 1445 74
1103 2500 74
586 972 1317
505 931 238552
1592 1495 5555
2122 383 3931
698 614 77
1724 1082 191406
2012 2427 6301
1703 2368 22385
892 352 233187
680 342 77
315 2381 45573
351 2375 2523
510 307 60061
1430 1250 149639
589 724 943
153 542 12111
867 2426 49490
653 2028 78
1645 1166 77
1733 2426 74
815 1974 74
2322 2105 232179
1786 2072 260853
1292 254 143060
1046 713 226461
531 1379 57048
227 1009 227059
1401 1925 76
2170 2297 74
42 1371 77
2087 287 74
2090 889 26826
468 1227 74
1908 2072 262986
2004 1388 74
1547 569 74
2475 2285 74
2436 980 216336
971 2292 78
2033 520 176894
988 2066 52504
1822 155 74
667 353 150137
612 707 55336
526 1495 77
2309 30 150313
1731 1393 75
959 338 953
764 1053 15496
1697 2319 181269
801 1696 61675
83 2051 349
2337 2426 74
254 58 1111
1264 1484 78
2239 1024 55638
249 1658 87
1160 2404 6654
523 2360 33177
725 930 74
2383 2090 78
695 208 85
2171 1849 15332
2024 2368 74
1608 1045 39048
2024 2296 65755
2417 2068 376651
1249 2337 118545
1673 916 268292
608 1996 74
258 241 102091
1876 1264 371265
781 1077 70019
678 1038 167400
326 100 74
897 1714 230314
119 321 51149
281 1371 239987
1558 2383 74
2315 68 74
1291 2457 313969
1571 974 74
1673 710 123572
2185 1533 346312
1386 1684 92
182 159 82
2475 1775 76898
153 749 298295
1224 612 74
512 155 74
650 2303 74
40 1345 125895
1629 1342 396819
769 1421 86
388 2274 74
1264 1476 6002
1219 551 365118
2405 2036 82
2392 839 74
1107 442 2205
1066 713 23197
1448 1612 239170
2484 2358 377010
1711 2026 168353
1728 1460 74
963 151 82
2231 928 74
264 211 74
2028 1991 74
1395 959 74
1269 1393 76
543 2286 208487
1970 1414 22621
2105 376 97
1255 164 19346
638 1207 89871
1317 1920 75
1666 988 88
566 2439 74
2457 150 33614
1357 1409 76
845 379 151503
1783 329 74
1118 2011 11375
2198 1255 115914
2174 1001 74
1980 1329 74
1995 1036 15216
2387 262 74
372 1712 212306
2486 2328 63955
1144 1065 250297
1541 633 28755
462 2466 74
2231 1127 48656
747 2252 85014
901 96 2439
692 307 50118
82 2044 74
1082 697 74
941 763 74
1975 1805 337469
654 189 50297
434 2047 1507
1510 754 82
1895 452 52702
306 482 136249
1716 2094 74
1185 1311 368822
1070 2386 239182
2310 882 274388
178 2464 77
1047 1993 83
458 258 92982
839 894 375004
1462 2399 74
405 2397 74
1727 1417 59516
520 1535 82
221 1689 74
1500 1570 74
639 2026 74
76 136 74
1930 842 77
409 861 15277
1538 1220 74
763 993 319684
2007 669 62775
383 1140 193650
2043 998 75
2435 1499 43279
611 599 386878
2481 2387 276617
2480 1704 74
1455 2494 74
1621 1044 78
2284 2200 74
2481 619 74
2481 312 351531
930 2149 82
2461 2254 13114
2457 1885 48926
2454 1902 74
560 1599 74
753 2413 1029
2426 1702 16698
2058 1466 337094
1339 1168 232823
1492 121 74
1229 2457 74
1340 2492 315195
1251 1631 242
1715 2409 74
2192 530 84
551 1334 8885
1683 1318 74
1005 2174 74
1146 1051 73369
647 182 163756
2454 891 74
1922 1891 214711
672 947 77
2271 706 74
811 933 77
1033 272 74
1337 452 205292
423 1687 74
361 980 28818
1635 1010 101
1444 549 74
1085 1914 219653
449 2331 106723
1746 1055 77
2334 157 31771
2043 2192 1550
763 2484 158219
1572 248 2610
2463 765 74
1496 1905 264776
2422 931 74
216 2025 74
1992 874 108964
2398 21 77
1523 1413 363839
1200 184 74
1274 1399 75
1440 1876 44636
1831 1176 74
852 1907 82
1459 1844 74
1231 1256 271629
1259 944 74
332 2161 74
736 2131 115455
1606 2401 355674
1972 486 74
1713 1933 88
935 1004 219917
1671 372 126695
2276 2197 74
1390 1370 30618
1986 461 74
827 1439 214604
2163 1333 74
901 2158 6405
905 1327 84584
724 1574 32112
1453 283 181525
648 1221 74
926 1769 110560
1938 1398 74
1719 830 74
343 1671 209989
2417 357 78
2010 2056 75923
1568 919 85
1432 926 74
1074 1518 74
580 559 74
2128 1590 54012
1095 433 47381
2345 914 200718
2238 2130 74
1394 1567 133475
1531 198 336006
2394 10 14893
2023 1887 249349
1262 852 74
364 1537 362110
1809 2188 74
1466 1016 352453
1341 1749 168005
2119 1543 74
958 1142 77
1419 976 77
950 1475 66463
441 2294 641
760 1757 78
1009 2166 269839
834 2161 278844
1508 118 74
1345 1029 77
1716 95 65146
389 2463 293749
1042 1886 77
2430 570 65425
746 1978 82
1579 1738 2685
2157 767 132931
2329 1820 13277
1579 1170 74
574 1014 24103
1317 1939 350393
1888 1614 74
2463 1648 82
2261 785 85
1142 225 187509
1359 1098 1436
204 1309 77
424 817 259237
438 1745 199872
663 1076 246583
787 2292 74
208 84 77
455 2108 21944
1624 2063 74
383 189 36698
1958 17 378143
2258 901 77
102 2379 77
2124 2475 49096
111 2242 114
889 1087 364593
1844 506 154775
2449 2190 74
842 2460 62786
1506 1874 43019
1900 2171 1945
1800 2172 173702
1901 21 27868
670 1636 57243
1357 678 74
1221 677 221094
1676 1495 103174
1318 1629 80
430 843 74
1295 1468 74
1814 1865 377753
1252 777 77
899 2229 94774
311 2229 15294
2106 564 224196
1928 2089 77
2359 1370 76
557 1285 150987
2162 353 335181
1476 658 350833
60 561 358902
1769 1317 127353
2495 2487 344302
1641 267 74
1830 2390 74
698 666 74
1472 1349 76
1300 21 74
2423 2441 23122
2186 1432 10677
2275 918 74
1031 630 54744
2088 1115 74
1781 307 16759
2392 871 352451
2425 1191 80
1208 1972 58667
2068 2026 74
1300 1606 77
1659 80 13186
2352 676 77
1395 41 74
1062 2490 123785
971 1991 6934
1578 2498 77
2391 1975 74
1056 1998 261625
943 2351 74
1476 711 143984
115 2383 222743
658 1308 74
473 1010 78
1856 742 110935
1762 3 74
954 1031 79
768 164 77
1962 2203 28992
947 643 82
1636 274 77
48 1884 77
1372 1633 118
1909 1889 78
2401 2143 67309
2036 439 105036
2214 1259 151285
203 188 87
1318 190 301303
1517 2409 305377
769 47 65153
323 1615 341001
1576 1712 81
1173 6 82
1070 593 206506
2007 1648 392779
2021 632 74
156 105 169307
2046 250 46367
754 2442 13114
1306 1062 312615
380 2429 74
305 1235 74
356 1969 74
928 2279 64209
485 565 76
1694 329 42118
2482 2447 74
984 247 231706
1156 2292 47111
1481 1923 206167
742 1951 155664
1346 80 76
397 450 74
1984 1741 7667
2455 2010 74
2196 1314 251046
2361 139 78398
2286 1320 25166
2457 250 74
69 1655 77
2079 2499 74
1879 2162 77
913 2446 81623
1880 1808 74
1330 1019 82
1723 99 74
1657 1770 243723
578 857 100
2023 878 74
2244 1246 74
1854 456 74
316 791 21924
2349 1368 74
528 654 39301
1694 194 284059
217 1493 74
2132 2434 74
1749 2220 76
883 773 81
2393 1246 74723
236 972 78
218 784 74
1733 2215 4263
575 1566 77
1223 2093 74
1366 51 74
635 313 6300
2214 2369 306867
1918 620 218312
2109 570 74
2319 514 723
2340 228 74
315 1176 19810
1976 2081 111810
870 454 77
1782 2173 82546
571 1599 1608
710 1608 14681
1058 1526 77
206 809 152366
474 1624 77
266 412 77
1327 655 16788
389 2363 74
2136 887 11810
2324 1865 74
322 1085 74
1728 122 157244
543 320 74
2346 802 375643
1409 460 306567
687 1242 27021
2336 615 220381
235 2491 8041
783 1311 74
869 1133 82
688 112 78
2086 2082 23361
231 1730 541
1297 72 74
1104 955 26511
2080 164 5861
2381 1746 26630
2368 10 74
2131 1615 68605
1695 1754 37217
1535 1412 74
1820 535 74
1232 398 74
862 1742 74
420 532 88
177 2188 74
1047 1135 107
669 381 78
311 1877 77
667 736 76
1142 2402 74
216 68 188258
1593 2241 74
650 491 77
140 677 77
1344 1952 83
969 628 77
2034 2065 83
2358 1435 363039
511 965 74
194 520 90355
138 2208 74
90 2114 142221
1740 26 161078
2142 249 2538
1437 2474 74
2328 67 41330
47 1326 82
643 2074 236035
1015 353 74
282 642 85701
422 1908 74
945 1713 74
38 2489 103847
2342 2011 33376
2358 1695 77
1673 1951 84
554 75 88
2143 1544 74
1549 2308 74
576 761 11896
2316 1449 78
1064 167 77
2047 933 74
413 369 74
33 365 77
1769 2374 38984
596 1014 298109
548 594 74
1678 1347 77
1396 516 74
1418 1065 74
536 2294 106619
170 1086 74
2476 978 393432
2126 292 28590
1886 2016 37714
2171 804 83
1808 453 74
875 2024 456
1604 1433 74
1114 1666 74
230 2070 329708
523 847 346
2331 1990 83
2227 756 28528
1604 360 74
2420 452 74
2129 2074 98
1663 779 74
1275 830 78
122 941 77
1044 311 8353
1668 351 142149
1694 478 77
2317 2177 460
271 1663 82338
1244 343 100486
333 380 242177
681 1269 74
2470 553 6956
550 132 76
503 1302 58999
2010 13 74
379 1390 77
1778 2396 74
745 490 74
1314 750 74
1897 2054 74
2391 1447 326096
419 2360 47697
1606 165 49745
1325 1896 74
2048 1572 52108
675 1434 75
113 1852 74
1620 1398 71202
404 1087 200250
550 492 74
2270 1973 10123
2348 280 38989
1270 2207 74
1559 1998 55436
2323 2291 74
1062 849 74
1574 1450 77
1212 92 82
1813 1422 74
1114 1600 175493
547 1080 217816
1003 1787 74
634 317 2060
1697 1766 74
1671 83 106190
578 1714 1014
1406 501 82
318 2387 95762
654 1163 310487
234 2059 74
2055 2444 1479
1734 2080 616
1403 77 74
1576 2148 330851
538 386 74
712 152 800
494 1727 42893
1078 1802 77
1336 2464 74
426 701 74
1546 907 192535
237 737 1076
612 895 169123
2262 801 77
748 507 90
2228 1889 81
498 247 79
1130 74 74
1039 1839 74
1857 593 105778
780 803 230541
851 2171 192724
2120 1338 10165
740 296 74
1061 428 74
1290 507 279872
42 1275 19321
330 1890 1797
1502 1917 2106
752 2102 78
1335 2441 178454
1282 1002 74
824 1998 17161
1244 472 74
880 58 74
156 841 81904
1258 62 86
242 14 77
2275 386 7384
1506 247 171074
2343 264 5248
2281 509 3620
2104 115 74
28 2017 10018
1354 215 81
2175 598 74
626 2365 158673
1334 2201 20040
578 1342 86728
1002 2450 74
1758 1947 74
542 2360 59062
1222 135 240500
937 474 74
1827 518 105109
568 1731 74
1400 2466 385470
42 2275 74
2087 2403 78
514 1096 74
1079 497 74
1802 1011 21894
820 312 82
1257 762 74
1395 1605 16545
996 130 77
1069 2235 74
1752 2416 74
2404 1092 77
1781 296 74
23 1871 91
372 811 141011
332 1000 184813
1072 1656 99067
998 280 77
1078 702 6877
1599 1315 18782
2446 1702 113116
2326 2121 74
959 1653 5556
1195 1757 319973
352 542 375739
60 1720 34520
1835 477 75623
1440 1431 32363
832 2476 18918
1000 815 194430
525 2053 385919
827 1288 125803
1896 2121 398062
1244 2137 8399
166 2228 233201
1566 1080 76
1001 2325 74
1152 815 13315
358 216 42751
1717 2106 78
887 1872 74
855 1004 33180
826 814 346781
259 2272 74
1011 501 74
1897 1218 258593
292 2010 32106
764 867 27574
744 175 268971
406 743 79
1533 1796 62503
1063 1021 83
300 813 111783
746 707 77
97 1120 391530
855 803 245652
1298 1408 77
648 687 346567
191 2040 74
1343 2293 74
1633 1755 74
1806 93 74
707 1065 113386
1724 520 14679
2462 1597 74
1524 2172 5220
8 942 43471
831 640 74
3 1703 74
380 918 77
1437 202 81
1059 1948 76
1312 1295 54930
1283 871 98958
252 1225 74
147 1162 11825
651 1296 74
140 429 14917
790 860 81
1877 1148 74
431 1987 98
1123 1151 74
267 1539 74
1094 186 19776
910 376 15496
1166 1511 77
2148 148 32337
1753 1895 78
1779 15 354795
1983 641 218786
226 811 55605
1639 2414 191985
2290 1676 74
1629 626 162547
1733 540 176464
1189 1911 76
1936 781 188993
310 1720 81
2362 2314 74
2455 820 16300
2442 723 74
2054 917 72020
1099 69 300884
768 2305 304986
881 804 81
2313 2281 174395
1298 601 77
617 788 83
2233 1596 77
1045 76 69211
587 2127 74
35 1208 49662
890 255 74
1464 93 74
2241 2375 157987
774 2169 77
1321 635 74
2459 1302 78
1054 2226 5230
1973 1904 189079
1611 821 74
382 2315 89
887 1241 80684
1765 959 89
1868 244 74
1923 1660 78
1046 2031 76983
247 392 8343
2496 1751 74
1140 690 74
2036 1500 77
2405 2231 372637
1853 954 359025
680 165 966
1408 1530 357095
917 716 37826
15 1618 196452
1790 216 85
2150 684 105738
1269 1334 370650
1229 1923 264561
247 279 135468
1596 636 154061
848 2019 74
1485 920 77
2018 871 79
1203 2234 81
458 416 2503
470 1268 156825
207 2042 74
1377 922 74
1841 928 77
564 1720 74
1496 2248 153761
910 1480 74
2283 2198 77
2265 2125 74
373 1371 232500
57 804 293537
597 1370 74
1267 156 77
1649 1663 330
397 407 351832
601 1628 1681
956 1235 288256
1216 1576 62427
1201 146 22609
2046 1800 74
819 1722 77122
430 1519 77
1494 538 74
790 2307 74
2123 2053 77
2393 2371 42065
975 1331 77
995 2495 74
1666 623 107306
1006 1426 74
854 340 212486
1880 623 294618
903 35 74
2401 432 77
1993 654 81
1422 1100 74
2184 495 267175
2104 1950 78
1898 559 68533
1154 2423 74
2261 2372 76
2392 2329 31864
2092 2414 83906
1167 2350 74
1513 1015 79
2178 418 74
2357 832 51511
482 2239 74
1819 1089 86
2274 293 74
921 687 74
2500 2130 76
1503 459 54405
981 509 21101
2203 2307 74
2411 1728 315355
1185 907 74
660 1111 81
1373 1652 80
1419 1120 293860
63 948 74
1457 2234 21192
1819 1326 8333
268 1431 356701
365 2014 74
2198 2182 387070
796 2274 249578
1520 1112 77
2126 563 74
2097 2470 77
1271 1634 74
634 2410 9896
1755 163 74
494 2321 11366
59 2165 98
404 710 20988
1106 1291 75318
463 347 20300
204 2189 74
879 278 152882
1929 1134 77
393 1174 151478
1322 2298 131
924 1025 82
2085 299 84
1841 1614 79
1822 1832 74
1842 22 74
2072 2217 74
332 1512 74
1163 466 74
1204 932 74
958 707 162558
560 2443 76
1146 1502 7794
2349 488 93356
1961 2225 40479
1868 534 77
642 538 4969
1278 312 133221
805 481 74
1253 273 80
607 1096 266727
1574 1810 74
1058 1581 190130
1569 2157 74
2453 1620 97549
391 1607 74
2099 2107 74
745 509 229
2394 841 74
1126 681 76
2179 237 163436
407 885 3883
1873 102 50710
238 57 6316
1055 1299 74
2420 1767 74
1785 1046 74
112 1451 35448
1856 564 209230
289 2385 77
1894 228 349834
2289 1664 99
462 562 189294
1901 551 261209
638 1885 74
1384 2393 74
768 855 202706
2404 368 115547
1503 2217 153812
63 1367 76
555 54 74
2370 1124 77
693 889 77
159 2066 79
1535 2066 219858
2146 499 74
2433 1523 64706
565 1741 99923
1356 908 210433
2384 148 77
878 556 45602
993 729 100345
2460 741 74
973 2068 74
1696 2027 349518
2303 1194 399539
2050 2106 177704
842 2422 4272
1459 950 300939
747 378 1515
55 346 57547
1540 1393 12383
484 1082 168955
1561 152 74
1199 94 74
2433 1859 74
1109 559 602
564 549 263
270 1390 74
1815 2404 85
2110 1316 238371
1199 932 74
1689 2081 64619
1227 2261 99
2088 1781 6819
626 1332 74
1981 2159 1837
3 166 73467
2407 1689 74
1403 1423 184834
807 2383 86051
714 1348 15172
2185 1697 895
942 1939 77
1829 1994 193411
2067 415 16253
1153 44 128302
1732 906 127943
289 209 74
1289 1513 74
1857 496 189939
1413 2447 74
1071 1032 78
1013 874 2277
881 743 74
1933 254 347465
2381 661 304306
2354 2301 74
2495 150 77
896 526 890
1253 121 69346
2132 1221 56606
1603 1390 236426
1876 61 74
300 1267 77
675 190 12623
2102 391 74
1303 1772 74
1404 1707 12822
1204 862 344615
904 1413 241951
641 1974 74
565 1976 74
763 841 233726
2165 1704 117370
1641 2333 1296
1141 640 250
1101 713 110226
2460 2391 136581
242 235 74
1356 1851 74
25 2198 40872
1480 1840 74
881 511 78272
126 2308 74
1820 478 1726
642 1768 102271
1926 2269 18969
2082 893 18150
2006 2432 74
2028 1269 12367
1412 1524 74
1427 131 74
1850 1245 74
633 2273 93738
731 590 271753
1116 842 74
334 1994 83
566 753 18537
1642 1856 48687
290 2132 77
506 143 147929
1191 450 77
1002 2018 24331
374 832 75
1900 2323 78
85 624 130349
2171 1038 74
2045 801 74
1237 1582 62688
502 2117 74
1469 1938 74
849 1055 77
523 1911 371477
189 97 88
1460 1712 10013
1008 975 78
525 1503 77
727 668 82
1740 315 77
2193 2003 31563
875 2059 74
1276 240 74
2005 505 74
618 1631 74
1129 1237 74
2337 2364 74
1698 531 303288
668 1991 135167
1911 1320 190258
1754 339 93
627 1206 210879
2374 2110 1442
846 1097 92937
353 2041 77
106 300 74
2221 306 74
75 2361 74
2257 2277 81
1100 125 75
2367 1516 268829
2422 1558 134197
705 1415 111
2175 1526 182119
2462 2319 371117
2277 1476 241235
961 913 17612
1685 2370 6584
1151 771 113707
171 543 332378
1097 254 5271
1995 253 351150
1612 2259 11948
759 1284 74
170 1358 77
2076 101 74
965 553 95743
995 1268 290994
1185 1182 119328
638 2267 3244
1700 682 78
1594 2209 74
749 1047 448
2387 1757 137774
1817 1481 74
895 1027 92831
1776 1713 192730
2449 946 74
442 579 74
2012 1484 339745
175 677 77
2366 782 368228
2272 726 74
2378 1801 79
652 670 74
1849 429 385639
149 1053 16582
1477 2082 74
365 1092 78
538 2447 7568
1900 1492 220918
2419 1658 74
465 316 74
958 1109 26636
567 1687 116574
1065 1980 77
2395 1909 374613
1058 1482 130129
884 1668 74
2053 1356 13566
117 445 94004
1340 2341 251918
1862 303 77
702 2253 74
1622 80 318743
485 258 75
220 1623 74
878 1126 6249
558 1920 230671
332 414 179263
143 1898 84
937 1761 104986
1093 1719 77
1399 631 74
199 599 33561
956 278 83
1216 770 84
1515 890 79
829 1389 82512
1829 388 78
1934 833 63062
2273 584 158300
1104 1564 74
2429 1189 346586
1149 717 346304
1920 1690 130194
1168 1015 365150
950 1727 77241
980 71 90632
172 1405 74
1119 908 74
1164 1945 2813
288 422 77
975 925 190546
379 1024 174520
2397 838 140703
1348 1545 74
2389 1363 74
1879 1895 74
1526 2135 74
1007 1394 74
2066 849 69966
1203 1114 150524
2330 776 74
841 920 74
33 823 339845
754 1914 74
1383 1334 74
2247 1247 79
1343 97 264364
624 1524 21502
957 377 74
1243 1157 77
975 935 218296
436 814 74
928 2129 15928
1267 2345 6100
1306 1901 74
1390 2242 201516
2112 2415 74
2123 2302 38479
2445 1649 74
1936 1611 74
4 2074 294206
1438 1005 156037
343 76 77
2140 98 77
990 755 284971
2039 1747 74
1541 590 140919
89 515 74
241 2378 74
1114 1671 5556
2001 1027 25753
1665 707 78
2152 1229 78
870 2130 131384
1362 1996 66100
1924 1315 69609
1847 1303 281191
1310 45 9486
30 1912 78
1266 1452 77
291 55 83
126 2397 191905
1963 1231 107981
1468 1643 242819
2163 2031 80
323 109 282094
1813 617 74
1691 1733 74
862 789 43531
107 2331 74
2334 470 76
432 1546 74
102 1128 35360
678 1075 35687
2446 249 74
414 2458 74
1203 342 12019
1874 464 76
680 1434 74
1441 1700 74
1712 711 141437
761 1175 26630
1296 362 14995
1569 952 74
1335 1275 74
1841 1184 62303
1891 1698 36867
1705 1690 94
2360 203 35656
1142 2304 136399
242 78 117178
656 8 77
139 1424 25045
2023 1298 82
827 2202 35210
1969 1211 74
2461 1072 77
1167 1851 81587
2021 1838 74
18 1113 281281
1885 428 77
2103 980 88
1906 1961 74
1911 1832 329
864 1833 97
1612 918 11378
79 69 209628
1930 2161 5928
711 1576 144477
1661 1783 74
884 751 74
1884 1075 198217
1669 158 74
2335 179 94
2490 365 126739
769 544 289140
75 1878 86722
1798 807 74
1781 1131 74
360 1339 77
1826 1987 74
2317 173 92
248 238 201081
1795 519 100642
599 1792 74
1396 1357 184444
822 2299 84
926 947 266130
919 2193 85
887 225 74
67 963 338286
1082 2103 358586
964 1806 77
1483 1618 63403
2430 872 74
2090 142 74
749 1069 92262
2202 1842 6010
1849 892 7442
2197 2468 366209
494 1976 82
1823 734 759
174 2046 18884
548 791 251803
395 1910 74
1236 1525 74
2211 2049 97265
2108 1175 74
316 1580 81
1004 827 236794
89 1326 3921
1482 1047 79
1260 1818 74
1192 431 85
2434 1658 225899
2307 2365 91352
1440 774 77
1886 146 74
823 16 74
1346 1750 146705
2319 842 358778
847 2286 74
937 2200 77
926 1089 12551
977 947 74
1323 1825 77
538 290 1504
1263 2336 74
46 1950 74
2352 1053 74
665 74 74
1366 1601 76
1532 304 240251
1493 1498 21383
982 2273 137
1811 2405 87
904 661 74
1602 801 21659
1618 1522 74
1424 2251 74
1788 1385 74
2290 689 375346
1612 410 74
546 2273 74
729 1509 74
2205 29 74
2045 2471 1301
1223 166 370208
768 1215 313047
557 2300 74
1661 978 352889
330 1641 173
2352 2049 76
2401 2130 14140
2227 176 95122
288 1581 62961
2373 126 77
1313 33 88
1436 1301 16841
1779 1273 78
550 636 529
1736 275 74
840 1201 74
2411 1932 74
1382 1473 88
1540 2364 74
398 1616 74
2347 1374 74
16 808 74
259 690 52743
1228 1499 325969
1141 167 75
700 1098 74
1686 1735 109
2130 1296 341024
1436 2295 379726
1186 1054 68680
626 2309 307406
2016 1608 74
1583 1939 15279
329 418 548
2438 244 82
2274 1912 232
173 522 74
1864 1183 213106
1971 753 79
2261 59 368955
1158 2357 74
2425 1111 110698
846 1973 101362
145 586 166667
2096 325 24371
1558 758 77
2221 1744 33863
850 2144 74
274 1650 74
2032 1014 78
1850 1611 353747
1360 1321 185972
1773 1977 78
899 1562 74
463 418 163951
1549 779 11620
2045 1614 158475
2015 584 309220
1648 337 118432
997 1849 46706
1433 2087 21887
588 2207 74
1758 2409 74
2370 495 74
360 624 29104
803 1091 76
1674 503 52387
609 2107 372384
415 14 74
907 1102 199524
66 167 74
729 1217 76
2071 904 77
407 2003 74
1174 1869 165462
1916 1854 231750
821 31 37886
1559 214 74
1757 284 382251
2370 704 209337
1202 970 74
1444 298 389253
1384 414 308536
1923 160 36346
1416 711 349948
2320 1744 1572
4 1815 15548
612 160 74
1245 2466 3296
1491 190 78
1888 2120 74
459 1999 342208
1743 1769 74
1345 218 380628
417 1720 77
1671 1306 77
724 697 74
2245 188 75
764 467 77
199 1359 77
324 1032 81
689 1870 395824
1011 2386 107157
1922 1804 74
2098 1087 78
2464 2356 60704
409 138 247221
1136 1340 74
1146 218 74
2312 2389 74
177 1265 23149
2488 1343 74
42 450 40890
1796 986 74
832 2194 74
1548 1793 23390
681 604 47620
512 186 219808
1629 2233 398843
180 2221 74
442 1269 68021
822 1921 182721
771 1861 74
1681 22 74
78 1664 76
145 1516 82
468 984 144874
2442 1522 74
1073 805 133258
845 624 79
1640 1128 1443
251 1188 74
2045 1954 278303
2391 927 74
147 72 203007
859 954 82118
91 1332 114028
184 1460 10795
2308 413 338294
740 669 76345
484 1617 74
234 1005 74
2191 2467 1250
413 63 143680
218 61 3601
858 1091 373342
1236 1257 76
528 2111 74
1727 580 74
283 1165 74
557 1014 188361
1886 730 74
322 934 121172
290 1612 23721
1763 922 173630
1122 195 25105
1943 418 74
1367 2004 366905
2430 425 91
789 109 74
434 942 54302
1632 1151 109
1171 371 74
1540 1692 353642
2358 944 6791
2218 2096 74
2156 1992 74
2292 1626 74
978 1542 87
916 1047 18090
1940 2335 74
2099 544 657
1128 1112 13777
380 394 78
1021 1902 74
1469 879 74
1852 1716 368668
1195 1875 74
1940 1124 391501
2408 2470 79
210 2398 77
1293 1218 74
923 1768 1065
548 2335 360027
500 1394 141
2047 202 371041
2284 2304 82
902 2319 74
1161 1270 74
394 1774 74
1323 302 2098
1543 2011 13471
2016 911 322587
1964 202 8593
709 2094 74
1249 1139 80
481 2211 80
2358 2436 74
759 1899 254214
2488 1834 12414
448 1653 15778
2057 2497 17152
2132 54 79
2076 857 156749
2069 268 74
2467 596 74
1235 597 221926
2179 1060 74
743 1290 364174
34 1546 74
65 2401 74
532 850 74
925 128 74
130 417 46284
1356 2478 76
271 303 74
631 1214 74
435 1619 158298
1394 864 74
2468 649 74
1389 2137 98
2106 1240 76
965 1583 345499
556 827 74
982 2122 74
1585 1619 99095
1327 1981 227964
2150 138 50035
1514 1552 74
1152 878 74
84 135 304948
785 406 74
163 1247 306
2210 914 22771
1982 833 74
2118 1935 109
2148 2226 319941
1010 2066 76
674 2169 275757
1514 1896 74
1562 1358 93044
2268 1503 72358
1739 1774 74
1658 196 280305
1151 2058 74
1775 2090 209803
1693 738 74
1317 1378 74
71 2250 77
1820 2092 230023
2410 519 365477
1730 1346 86
239 2211 74420
777 2042 82
83 1108 195769
251 2239 249128
960 473 310294
1054 82 74
2385 624 174041
482 773 217847
1406 640 65150
251 413 16966
545 1454 74
2259 38 25451
90 988 5546
716 1801 77
1122 967 77
2295 2216 74
1233 1327 176116
2462 2318 74
137 200 74
324 405 74
429 882 78
2277 1248 10234
1711 1414 74
487 2097 310089
1859 958 74
1805 1581 95315
56 1184 150
2367 172 9758
2014 1835 278349
1046 1378 199997
855 1193 228233
2388 90 378285
386 2394 221610
2287 770 1812
2431 2077 332209
386 1511 176677
46 1397 74
36 906 74
1892 2485 92335
318 1416 49989
2079 1881 74
933 1045 47655
1593 456 74
1160 1376 74
2471 1011 74
1035 1484 289018
1343 310 291320
1260 2459 74
2293 1555 74
836 292 56760
1279 1845 74
734 1496 74
1653 1582 96
1549 1827 297344
2154 798 74
1899 1670 75
490 1688 74
561 224 74
1167 643 199687
512 1267 52549
1763 1781 153035
100 1293 54755
2210 1386 115278
1976 2034 20486
1587 2441 76
1392 925 82
1832 2472 8909
1948 411 74
26 2390 74
108 1313 77
1558 381 3554
1092 1650 23108
1301 252 74
1777 407 277272
1928 2340 77
525 868 171509
178 715 3393
824 1125 127598
454 800 376449
1502 913 77
318 2059 173954
486 1006 77
2081 254 74
498 727 82
1938 336 195411
288 1716 69840
2403 2131 47333
865 122 168609
756 2287 173
438 2411 79
372 459 79
1638 208 286799
2396 1506 74
20 2461 2793
2440 1182 74
1015 1482 76171
2064 2309 161337
1276 199 17789
1329 518 153791
2448 765 77
1875 1975 29624
710 309 166281
133 1070 27093
705 912 74
1719 348 30493
1386 1233 109
2477 1186 74
204 1192 5325
849 518 77
397 219 180420
878 1387 215274
1612 1123 273593
1836 226 74
1069 1798 29087
571 930 77
961 968 78
863 2011 74
94 2426 67052
2308 1872 38988
783 419 46531
713 915 74
2335 2064 74
1556 239 197539
603 1447 74
1636 1219 74
318 2076 10936
516 945 79
1784 1519 386989
1116 1460 99330
2180 265 254186
2109 1474 79
425 1998 82
813 83 74
2002 691 74
576 2326 74
237 126 74
244 48 89
1152 1642 74
1723 2239 15273
444 1468 74
1091 1788 74
382 986 33967
546 2313 139843
1284 1327 382534
1483 1977 76
1423 894 74
1442 1368 196891
625 606 268035
1840 1666 74
258 1235 83758
2289 141 74
940 2304 48541
1211 237 136680
364 860 74
1908 183 292
1358 963 93635
2369 1369 74
1231 1423 59834
375 2273 74
2323 539 312332
163 1377 1696
1827 1025 50624
76 1537 129544
26 711 3953
1979 31 5723
1432 559 139746
1631 1078 85
874 14 74
1560 1842 103202
880 1614 9106
607 1602 74
1233 1707 77
2308 387 69038
1851 2250 28501
741 1367 105828
355 845 74
762 2217 199496
1254 1702 15401
1400 1711 74
1132 1634 82321
1277 2365 71842
891 539 52981
1370 2354 2983
1390 2437 225772
1486 2269 74
2047 1619 74
1101 1049 82
1455 1070 74
2427 1814 89834
2238 1168 77
2376 181 74
66 1730 25702
1203 587 106293
913 2098 74
2303 260 74
673 2429 323251
2187 2095 74
755 325 74
2348 1857 74
153 1606 15144
1825 1211 96313
639 795 25953
781 964 29353
718 1535 167604
789 2209 79
1848 880 393481
2442 1052 123259
5 1845 74
1027 2319 74
70 637 74
1057 50 74
1628 2344 163221
720 2044 83
515 199 77
1215 2207 13516
2120 983 82
2155 1702 74
121 1083 74
1032 1250 74
2380 1609 899
1118 458 89
556 2420 123074
565 2160 16718
1698 647 172880
577 1097 78
1660 877 74
566 1365 161943
228 76 259209
511 1554 74
1234 1534 74
1538 1715 34519
2057 1901 74
734 1939 247534
1962 2143 123106
1988 975 17515
559 1589 290143
717 1096 72703
2498 1736 77
901 2119 76
693 654 77
1928 2191 74
2018 548 120709
1929 1026 175704
409 1597 74
1137 255 184201
1008 689 154597
53 2208 81
269 837 60041
2001 867 74
720 1937 74
342 1337 53171
820 105 38526
2423 1490 74
232 1240 74
386 1438 4939
1024 293 74
2359 2242 72188
43 1835 77
1387 1224 74
592 1362 214462
1221 744 2307
544 91 74
524 370 74
629 876 74
952 295 190152
962 1388 137097
78 1169 74
1872 1430 58903
2217 1202 74
1189 1035 74
315 2298 74
1871 2092 105756
308 447 76
232 2197 74
1861 1751 5114
85 2448 200243
461 843 750
166 1183 74
1577 1172 281519
371 454 33003
1222 13 118808
663 1719 74
638 210 74
1352 999 26577
1816 1640 74
634 950 74
2411 817 74
2300 414 334736
1341 1870 74
979 822 77
893 312 203370
2239 243 288951
1975 2121 86
1436 230 82
1892 2491 79
2487 2235 175766
314 255 92223
2315 427 76
2074 439 22524
1559 325 25953
301 919 47195
1165 67 162292
2052 1405 74
1383 1710 74
1008 892 74
480 1315 75
38 1167 74
679 2085 76
1762 2130 2518
687 2164 74
2472 1207 74
1059 1678 74
1353 1245 74
161 2469 74
893 1777 5830
1865 2005 88
736 796 74
904 1487 76222
1010 920 110
358 1524 78
2476 2142 74
656 1621 413
2492 1120 950
2100 1129 74
1080 1518 3708
378 1910 42122
75 576 108350
1867 1333 347831
845 184 271991
277 1206 74
1771 989 77
969 2353 74
1984 1166 167369
1683 2481 77
1484 270 50489
1045 1917 33212
130 383 74
939 100 74
227 1613 74
2285 296 270316
1044 1619 74
1367 1842 74
1721 1767 74
1760 1194 74
356 1319 10901
454 2393 83
1259 2098 9037
1996 2196 74
917 2441 74
955 2255 233913
219 355 74
386 2056 74
128 1075 74
10 1293 227620
2061 1106 78
1223 1793 82
422 166 55108
916 1998 74
1496 661 210697
1554 1544 109
1101 2307 82
154 259 74
337 700 70816
1889 1598 74
1407 977 74
1998 1217 78
1375 1602 222402
1905 996 64141
1768 508 74
715 1710 144734
27 1150 74
1416 2438 75
2230 2117 78
1375 593 74
1150 2044 74
1216 94 74
1401 1593 59891
2400 2114 101
263 1943 75
1513 1726 78687
1037 969 74
1194 2381 20148
371 1022 135864
2326 777 366634
1777 1543 111331
1741 2143 74
328 2372 74
1658 973 74
304 1549 74
1345 1097 74
1362 584 74
1610 2324 463
1952 180 8148
1318 1808 23973
1382 2172 371356
1949 470 84601
1937 953 77
1426 643 53366
1582 1162 89686
1463 2020 74
2444 1401 74
585 1903 74
4 679 74
1963 1183 76
1613 737 97894
2198 669 4344
2350 1976 10053
1858 553 74
1985 1080 28392
1591 2273 231
2299 1537 74
2322 1921 74
127 1292 74
1057 1452 252173
239 1633 141266
1853 2336 330162
1470 2082 74
1911 287 157243
196 1362 79
2125 1703 81
1359 1949 77
1287 2100 78
814 1428 191
10 410 288895
421 586 120663
70 1894 86
710 987 178534
2348 917 74
1973 270 70384
770 2369 59809
178 1634 23579
2359 689 361323
88 1092 46257
2214 102 74
1436 201 256143
162 2453 74
1690 2005 74
1726 1887 82
742 2483 74
373 1500 77
2396 1996 180401
1944 1794 180015
318 1193 74
97 204 238269
1494 901 311612
2168 1319 77
1024 590 121532
1408 134 90812
2413 88 86
2476 2277 82
247 1680 77435
535 1872 74
599 2133 172322
1023 1905 74
1697 1355 149984
625 602 88
24 207 24562
1357 297 345
1642 934 74
981 392 74
572 2383 74
1793 2080 212404
2354 2160 77
1236 1836 206908
1226 986 74
1983 1125 74
948 778 200376
2487 729 69268
929 350 74
981 1707 160
467 1757 79
1618 665 74
1944 1323 74
361 1904 74
2363 568 74
1893 5 74
560 233 74
1768 258 74
1615 1995 16159
1441 123 179446
562 710 74
914 63 34331
1177 2467 59930
2419 1090 74
367 787 74
2489 873 328014
83 310 74
7 1252 4040
1162 1147 74
2496 1182 74
2122 1022 74
1477 180 74
662 1288 74
1309 1839 74
855 1207 55186
891 936 160012
1281 872 74
1570 2223 81
1857 801 76
1326 1946 75
926 1774 98
313 2332 74
821 1057 5349
907 1385 74
1284 348 163150
1756 1105 74
762 2103 51036
2206 1572 75670
2240 1493 74
165 1611 110900
1148 29 74
749 453 199096
87 2124 74
1499 935 70248
2108 1965 88
203 2051 3485
2484 2475 74
221 220 83
2365 1409 74
1127 1379 283899
1794 600 79
1478 620 41733
582 1703 304982
493 1391 4289
2312 1491 42819
1738 1002 6486
1177 1188 74
1244 2272 825
2355 987 77
2080 1051 74
927 1827 216740
2037 693 81
183 1362 403
778 962 43370
2130 2233 110428
2306 383 78
1243 662 42739
702 2489 74
1029 799 77
568 1361 9089
809 1080 161072
2036 1543 368
1488 1387 49859
1460 2012 74
1562 1823 77
792 1164 74
882 2350 74
253 1803 74
396 563 208338
1119 390 128502
1947 481 208398
111 513 74
1837 2256 74
1476 2065 74
1595 668 78
269 2295 74
78 85 3337
773 743 1337
636 1005 35685
449 1994 77
903 884 77
1768 1551 2416
56 1862 74
116 924 89597
2435 1861 78
403 51 74
2282 1797 281177
2053 176 289237
1115 2225 473
2059 2074 180655
208 38 77
246 1744 186364
43 1614 292
2212 202 74
2254 1655 74
2001 1926 74
2040 999 74
1484 623 149997
1745 1805 74
2199 1735 74
1457 1402 74
1707 674 77
2228 2039 74
1778 1348 82439
1146 1722 77
1545 2062 74
434 1917 74
1411 79 77
575 1667 20415
2492 2187 74
1821 1973 74
2252 400 32944
1188 1137 52976
83 2244 76
1040 899 74
2318 1668 74
636 117 74
18 754 74
183 1677 232396
1590 1769 74
1920 1801 267258
1627 320 74
2040 330 76
592 1404 74
1705 161 138465
532 2318 40366
993 2214 94274
1789 455 74
484 408 77
59 1976 74
931 755 74
1973 2382 74
1425 1465 74
792 296 240485
695 2145 154406
2081 869 394051
1093 1062 21106
325 662 369964
2176 815 74
1299 991 56697
61 661 76
1119 1488 74
1351 1548 79
1847 1330 278587
1776 1317 74
1057 2073 114358
1278 158 9060
570 163 48395
318 1356 55375
1257 482 12924
1613 1239 93573
1442 517 74
2195 2313 74
2035 615 77
2321 2241 384408
1357 873 27946
133 333 29968
624 2400 8802
1088 1741 294917
1895 2484 77717
1334 699 83
846 1492 239052
1984 1271 74
2105 1472 74
2057 227 247232
2246 1583 74
2387 478 74
2446 134 9290
1567 451 30476
2281 347 213674
423 2263 20952
583 2112 78844
1307 1443 74
431 1247 74
2170 2295 6365
1582 1670 108338
1428 1836 74
1268 1610 74
816 748 77
52 134 74
571 747 77
1230 2330 74
225 1829 74
2216 224 54437
619 1695 74
51 368 157508
997 542 74
1957 1567 74
2134 2055 130337
100 1540 298704
2178 1228 74
2445 2269 49391
894 627 74
748 2260 155328
522 1316 251198
2334 976 74
987 1178 74
2214 985 284298
1124 1939 277656
1229 100 352782
1384 525 4050
873 2440 314924
761 1444 74
706 2181 219143
1823 15 7780
2039 1056 207556
849 589 246644
2414 1407 74
1308 469 74
782 1373 28141
1229 984 3146
1866 1800 180762
1732 1591 108218
1335 359 34232
645 2437 75
1007 888 74
2116 323 74
255 1525 34348
2280 1310 166982
1968 592 74
998 1407 1034
1306 1366 287116
480 1569 157688
716 2370 332269
1866 1042 197461
1111 1787 74
1790 1009 74
892 456 6133
1973 101 77
350 2288 74
2120 1025 67755
1487 622 74
1824 1669 83
184 641 89343
2229 1165 239225
1562 963 74
2140 1014 107528
1443 2326 136919
1281 284 74
1979 2012 77
468 160 74
627 1588 82
117 1911 74
250 2206 74
998 2186 147348
2164 1637 74
1247 809 74
222 1406 74
2096 1722 74
2105 664 76
1899 1612 1459
562 1764 74
1194 1208 76
859 602 77
1443 613 10482
547 2096 22521
1229 1273 36752
87 1873 19495
2417 640 221795
596 2112 81
537 810 97828
2279 507 74
303 2257 348663
1674 1489 79
167 84 279835
65 2193 42385
287 1010 120477
1763 2412 201010
476 1468 176261
104 2406 74
950 1499 74
761 471 74
2305 2328 74
2232 2008 74
1761 2376 82
558 798 74
242 1659 77
964 380 86903
276 2222 78
455 1074 60899
2227 2183 140919
2279 1248 74
1970 2206 74
377 2045 1590
655 1878 122
2347 966 77
2185 1846 82
1674 367 395335
2046 1072 74
2402 352 116152
472 2255 74
1339 1795 103101
768 1752 63967
400 1214 1822
1916 570 244201
1099 1770 76
1825 1470 70072
574 583 175293
1884 1242 8330
433 607 74
1386 1286 256415
1340 452 107470
2103 1311 53539
1742 168 60367
1154 508 73460
446 868 117507
2392 1401 78
1844 357 287368
2388 1564 114900
2311 876 84
16 1967 35827
694 820 74
413 2184 816
2338 2133 82
55 2073 74
1332 1760 210134
1569 1482 201599
2129 301 74
356 1605 2123
1843 834 74
1746 2048 74
2066 451 280038
1348 2293 66242
2260 1146 1155
1489 2055 2781
1572 1588 183631
116 290 394728
732 1721 74
1283 519 77
2380 2182 85
1760 1824 74
2055 52 109513
1981 2347 105276
903 1271 102867
1638 42 234769
838 973 271550
1698 1292 74
916 956 381984
350 2264 14735
851 1440 74
1392 1492 86981
1506 2297 74
2270 873 74
400 490 99
66 1729 323
20 867 74
1547 133 83
1668 415 81514
1547 886 74
2343 483 74
1924 723 74
1554 1162 111660
1317 1988 233206
481 2050 74
1817 1021 85
776 2480 79
2237 1981 74
1443 504 74
1095 1524 85
2234 323 11458
1267 984 74
423 2033 74
382 640 74
1063 1302 74
2145 1505 78
1755 2070 82
365 72 354870
582 771 103995
1785 1158 10144
944 457 74
2444 1328 29913
1505 140 275788
402 1314 82
825 686 78
1490 192 77
844 1561 74
1292 1289 335161
974 1880 74
2302 1565 74
1136 1789 74
2350 2226 117763
1919 1345 79
2411 1229 174437
1852 1049 166222
910 708 77
1 302 74
425 2195 40889
1161 259 93
2395 2096 76
104 353 136747
2311 1481 337338
1271 845 22966
1373 2166 74
846 2131 74
2032 502 6664
2014 1527 78
1316 2496 88594
2014 1271 245204
389 1945 141138
162 2261 318624
555 2374 316650
756 1646 74
1273 2275 350755
676 1180 74
879 2430 53220
939 385 78
1519 1281 70732
273 1365 27651
2327 1353 83
1832 1327 136338
2473 1647 77
489 1159 8531
1766 2490 82
2438 241 62661
2439 1796 74
567 1193 74
2201 2269 77
1639 216 3062
399 2236 74
547 851 77
501 2428 92
1789 1996 22582
2321 2348 55121
973 899 327831
1049 20 28956
613 10 133948
958 762 95975
2023 2296 56300
780 977 79
273 385 74
1585 2347 74
2208 748 15429
1146 2463 172799
733 2412 74
443 726 74
1618 1085 122666
1227 774 178749
107 684 74
2338 1811 74
1138 1753 3353
186 927 86
1304 2226 82
435 34 74
636 1593 741
1395 830 277749
748 1891 74
325 1341 78
43 2160 152104
504 2276 74
2165 1365 32584
2259 2413 82
409 2145 360374
1646 1965 74
1704 544 352037
2479 2085 74
1512 853 277083
2495 525 74
1709 1943 74
1675 1775 74
811 2358 74
1474 1960 74
742 2087 30770
1483 2424 178608
565 2417 4262
1231 1621 134211
1319 1933 79
8 1695 120
954 1162 77
1692 2052 85
1528 584 74
1688 837 82
1163 761 101873
1028 836 82
1238 2186 233895
1594 1465 149184
1589 1685 74
291 1472 67275
1867 1302 399962
765 403 74
493 2351 84
179 530 77
2422 527 365456
2346 539 74
2440 1250 77
31 1913 74
1074 1916 128045
2376 1287 77
1065 1988 396931
287 1077 74
216 1600 226748
1123 499 82
1694 1857 344530
100 1027 26738
224 1402 76913
1644 881 77
543 1799 82
846 2418 74
2470 1028 74
1699 2042 75
907 2103 141524
1437 1435 74
758 1213 74
2210 1431 74
507 2274 13379
2262 274 74
8 2180 222547
2418 875 74
1979 1210 77
2076 555 2938
2297 734 370867
936 1449 224
2243 1754 54216
1345 582 6085
1216 393 149820
220 93 21250
1117 2326 32193
1717 642 285787
1330 19 399470
1062 175 220014
1179 136 27426
399 162 114856
1404 2273 4281
1962 345 76
848 47 197073
2220 102 74
129 185 74
2247 1909 166369
2110 4 75
1966 1303 79
832 1832 74
1617 491 74
750 854 341203
1311 149 7088
514 1978 22563
1030 758 78
140 1026 74
2147 298 65095
1656 1841 17546
2413 1237 82
1706 2340 77
170 2152 74
1579 1385 4531
1592 323 74
649 2204 74
1762 1299 92368
1871 253 23209
1885 2130 219110
2489 861 77
1560 1080 74
1678 1573 74
1433 1751 171924
392 906 76
1278 1184 74
131 277 59618
203 1517 74
2186 2417 74
