50 100
-1 850 662
-6 -595 705
9 -401 -709
3 -593 685
6 742 142
-1 519 866
10 84 639
9 853 -125
-1 -825 937
5 917 -716
-9 -692 -151
10 644 -240
9 -563 -328
-1 -502 -131
-6 -702 192
-6 -712 575
4 -880 -435
-3 -506 -62
9 -851 982
-9 795 145
1 -720 -177
10 920 -248
0 -86 -173
-7 42 193
0 349 -95
8 -940 776
-9 381 -238
7 788 -69
-3 -201 -240
-4 759 765
9 -554 -163
-3 739 213
-9 714 863
-4 897 -890
8 -105 -586
4 817 868
-9 732 -54
7 667 9
9 -213 -746
-4 -647 -765
5 544 -30
-4 979 -573
7 768 -115
-10 787 -219
-2 -85 5
-1 -646 -611
10 -4 89
-1 -397 531
-3 -118 -952
-8 -581 -923
2 99
-61 12
-100 17
-94 87
-56 21
39 100
21 64
-85 -20
-34 74
-39 81
33 93
-57 -16
-99 26
57 99
-79 71
38 84
-48 9
-67 69
-95 92
-34 77
37 87
-19 52
83 86
-30 -12
-87 89
12 58
13 86
-94 55
-64 -12
-90 72
-82 43
-46 9
-100 -81
-98 78
-35 99
-44 53
-2 93
-63 93
-64 92
-87 11
3 86
-3 80
-80 65
-38 77
-16 85
11 41
-15 79
-41 49
-42 83
-85 64
33 9 9
32 40 75
31 41 -24
22 26 79
7 35 89
48 46 29
12 14 70
15 1 -26
33 21 56
13 43 -65
50 18 -71
3 41 36
4 6 -65
10 14 23
32 23 -76
42 9 6
24 45 70
5 10 -65
44 48 30
29 10 94
17 16 10
13 43 29
49 32 44
40 31 90
9 10 31
9 42 71
26 1 92
29 36 -45
6 20 83
20 49 94
32 42 -32
39 27 62
26 16 11
49 34 97
23 38 48
13 34 57
40 18 10
33 9 99
17 19 -20
19 37 -1
3 16 51
29 16 -94
41 38 3
48 47 30
24 29 18
13 41 22
26 35 71
5 21 96
25 35 58
32 41 32
1 45 79
17 12 26
7 27 0
40 11 -21
2 33 46
3 14 17
13 41 -47
50 2 -6
22 39 -63
16 37 32
40 36 -3
6 38 28
7 17 92
2 38 62
33 22 -90
8 2 3
29 49 -18
4 10 -63
42 18 79
4 1 24
8 27 36
9 10 51
4 5 51
5 4 57
44 20 -9
18 16 -64
32 7 -19
24 19 -71
32 11 70
18 45 98
44 10 70
33 32 81
49 9 44
3 49 51
4 25 -15
36 35 -16
15 11 58
33 11 63
31 43 -20
4 18 72
21 16 39
30 7 -29
18 11 15
20 35 27
5 46 31
32 34 39
39 23 4
19 26 26
48 37 64
28 48 -67
