10 100
-1 -413 -837
10 -964 -674
-1 53 -832
10 670 483
0 -743 649
3 771 856
10 -394 -259
-7 -575 125
10 502 -292
2 -67 -147
-94 13
-94 76
-52 -20
6 8
-80 89
-80 24
-45 63
-85 96
-12 26
42 88
6 2 44
7 5 65
10 8 38
3 7 9
6 4 53
1 8 -50
1 2 89
3 8 -4
7 8 81
2 8 -28
2 8 -12
6 8 97
6 7 66
4 3 83
4 9 13
3 8 38
6 4 -12
4 5 43
6 3 17
2 8 57
3 10 -26
1 5 -48
9 10 -5
6 7 -34
9 7 100
2 4 -21
6 9 63
2 8 46
1 8 35
2 3 21
9 4 87
3 4 76
3 8 -11
5 8 8
4 8 -46
3 8 88
2 4 -39
4 10 21
1 7 64
10 7 75
3 6 89
6 3 72
9 4 2
6 7 21
6 7 45
6 3 19
3 9 -11
9 8 -34
9 5 9
8 5 81
1 10 -29
6 2 29
4 10 -64
9 10 82
3 6 71
6 10 14
1 3 -29
2 6 49
8 10 19
2 8 34
6 8 48
9 5 36
4 9 19
2 6 35
3 9 92
3 8 25
9 5 80
4 6 79
1 7 63
1 10 -98
9 8 53
1 3 -58
6 5 14
2 3 62
9 8 39
10 8 -16
2 7 -18
1 2 50
3 7 58
6 8 -21
5 10 -43
2 4 -29
7 10 -13
4 10 69
2 4 48
3 9 5
2 10 34
5 4 13
3 8 -100
2 8 5
2 8 22
1 7 33
3 6 82
1 8 26
1 10 73
6 7 -21
6 8 -36
4 8 51
2 1 94
9 8 -86
