50 100
-7 -708 -547
5 -526 823
10 917 -716
-8 225 933
-7 -590 903
-5 -463 202
-3 -891 -305
6 331 -550
0 -224 698
-1 -785 12
-7 -737 876
4 851 -493
1 -955 193
4 454 -543
5 67 277
-6 -946 915
-8 -391 -733
-6 580 -488
1 -328 -534
-3 827 -404
8 427 65
6 513 -262
9 737 -567
4 -31 958
-3 509 -409
2 766 -418
-7 988 849
7 902 876
8 53 14
-6 -850 -220
-3 473 -518
6 860 -407
7 689 -662
-4 -234 578
10 -862 -812
-5 -866 -803
-5 -398 797
0 -775 627
8 688 -785
-9 -795 -788
1 692 890
-2 174 -977
-9 343 -538
-5 -711 -785
7 825 -110
2 803 867
-2 969 194
2 934 -983
9 577 -471
-7 193 -481
-97 24
-78 -63
34 88
-82 37
-78 48
-33 26
-90 19
74 96
6 82
-42 40
-37 96
-98 -48
57 98
-37 44
-93 75
-40 83
16 99
-57 -9
-82 13
-48 58
-60 97
-72 97
-27 99
-91 1
-35 88
-15 34
-98 48
-99 94
-75 92
14 50
28 80
13 37
40 72
-67 66
-79 -47
0 43
-54 59
-98 -30
-95 -42
-56 96
-51 66
-92 57
-3 100
-64 -13
-71 20
-98 13
-83 88
-64 5
-60 65
9 61
8 41 89
30 29 36
16 32 46
7 36 15
24 6 -31
44 16 19
14 13 -77
18 29 62
30 37 26
31 9 64
10 3 -69
6 23 -100
7 18 47
34 37 62
19 28 81
41 21 8
5 50 71
44 22 2
48 49 89
49 16 27
38 33 -25
27 44 32
16 35 99
10 31 -69
48 29 -57
12 19 43
22 8 41
36 11 40
18 15 53
14 30 65
41 5 68
45 28 76
10 47 15
20 40 89
5 25 16
11 50 -23
20 33 -19
43 18 34
9 30 82
46 13 -39
39 35 50
44 11 26
42 41 95
33 3 -12
6 11 56
33 13 30
4 31 46
4 41 37
50 13 45
27 23 -20
27 35 33
14 37 75
7 50 -10
4 3 18
35 11 88
32 37 40
35 32 -59
35 9 -22
35 10 33
18 30 -10
19 7 66
3 31 66
48 34 -39
48 14 47
31 8 76
27 32 69
39 6 37
46 30 -13
49 40 58
27 34 -69
24 41 -11
42 14 -15
47 22 98
42 45 19
25 50 85
33 29 2
41 34 14
36 23 29
31 17 99
17 5 99
39 30 -26
48 5 -44
35 37 63
40 31 12
16 23 74
36 34 33
31 33 19
33 34 36
19 20 60
28 22 8
35 41 67
36 3 36
14 5 -29
7 46 78
6 16 27
27 21 64
20 32 9
24 29 -57
46 23 -11
4 49 0
