50 100
10 85 74
-10 -543 -940
9 453 -442
6 430 -207
4 -752 505
-7 7 716
1 568 314
-9 357 -784
-9 148 670
-7 -282 812
-2 -817 -975
-10 298 -459
0 -448 -211
3 953 -15
0 -394 197
-1 446 632
-9 -592 -350
-8 -472 -432
-6 -792 489
0 -989 -154
6 712 715
8 620 -200
4 287 150
10 -518 -871
6 439 430
8 -801 525
8 448 281
4 -435 951
4 669 835
0 423 569
10 557 -608
-8 -63 997
2 -104 -914
4 -241 -625
-1 722 -863
0 -233 320
5 920 967
6 781 -156
10 383 915
5 360 404
1 822 774
-7 874 -324
-1 -576 -537
-2 -94 829
-9 911 896
-10 -663 -313
-5 -575 424
-1 -807 712
-6 -607 465
-9 604 -581
-15 78
-99 77
-22 91
-94 -15
-23 59
-19 55
-74 90
-93 -15
-97 83
17 88
-99 41
-48 59
-69 70
-62 79
-43 59
-70 98
-96 92
-93 94
-95 74
-2 83
-23 99
-64 40
-22 38
-10 56
-86 5
-70 90
-50 80
44 94
-75 70
-69 47
-57 80
-52 8
-99 79
-68 36
-85 72
-70 45
-100 34
-42 49
45 82
17 85
5 96
-45 93
-69 99
-60 84
-96 -58
-91 76
50 93
-81 2
-89 -81
-84 91
11 17 8
47 21 67
17 20 -28
28 39 41
10 18 19
30 17 57
46 10 93
34 39 84
46 10 56
48 46 100
4 6 -28
13 48 -2
4 27 95
4 16 43
27 25 49
36 3 -34
8 13 44
47 42 74
34 12 22
49 19 32
1 35 64
38 16 -11
10 20 13
17 24 98
11 42 34
49 7 60
20 28 -21
15 43 12
4 6 69
4 16 -37
28 31 20
45 50 55
41 13 86
29 28 62
11 20 55
16 33 47
6 38 64
17 18 0
33 27 60
49 36 19
8 31 6
42 44 73
27 41 36
15 17 25
28 10 43
40 14 42
37 38 78
24 2 57
46 31 -31
45 5 15
25 20 39
44 28 11
3 24 79
6 1 9
9 26 -100
36 7 90
24 20 36
45 28 75
37 46 78
23 9 22
37 47 53
41 28 99
37 44 -98
4 21 -93
43 21 10
2 3 79
16 26 -6
2 3 22
33 50 30
15 1 -79
9 20 -23
37 24 64
33 41 59
47 40 24
14 38 80
17 34 40
46 7 67
8 22 60
48 35 41
50 21 24
38 1 85
22 9 60
18 16 44
37 20 -14
17 24 -51
37 21 43
46 12 -90
5 29 68
35 16 82
16 1 55
40 3 -15
36 13 91
10 27 28
9 41 59
48 26 -63
34 16 66
45 31 -21
19 35 82
49 1 77
11 24 -65
