50 100
10 -979 186
6 -831 784
-9 132 488
-8 -834 -538
3 903 -802
-7 -908 307
10 -410 -901
-3 -144 784
5 -567 690
2 -156 174
-6 -769 -448
0 464 971
-7 -89 -971
8 -251 452
-10 -203 27
-8 620 -935
-8 277 -732
5 -993 426
6 536 -142
-8 -248 -789
10 634 -146
3 525 -339
8 639 -396
-10 150 -192
-2 -578 -794
-6 -631 -129
-10 414 376
-10 68 998
10 434 266
-7 -960 -167
0 -383 -810
4 310 -369
-9 981 -11
-6 452 733
-4 925 -460
3 297 -147
-1 -581 391
-4 -185 -276
3 -813 -310
1 835 934
10 -395 -132
-6 -958 -702
6 719 -371
-6 -445 -535
3 -534 884
-6 -351 740
-1 -493 222
-7 -238 -409
8 -240 -226
-5 -5 568
32 37
-74 58
-88 -23
-90 86
-92 -63
-81 21
-78 82
-85 24
52 85
-77 -44
-74 94
-91 29
-31 93
-53 82
-57 42
9 65
-58 91
-4 92
-51 80
-18 87
33 100
-18 62
-29 26
-73 -3
-91 31
-44 59
-11 99
-34 94
54 89
-74 -16
-93 20
-55 23
-87 96
-94 38
-39 100
-41 90
-68 57
18 96
32 99
12 84
-10 78
-18 65
-49 20
-99 -4
-4 94
32 100
-45 25
-73 51
-92 -36
-92 9
50 9 99
17 21 -11
44 4 -82
45 16 97
25 12 88
50 18 58
14 9 -27
25 47 62
41 2 50
44 39 -76
8 40 40
22 28 76
11 35 55
50 42 -99
41 7 77
49 24 77
5 2 67
19 33 57
15 7 50
6 3 47
39 35 100
50 11 -22
35 16 89
14 25 83
41 25 96
32 3 43
47 21 -23
50 17 -92
36 25 11
12 3 62
43 38 -72
49 32 8
30 18 94
26 39 88
5 36 81
3 9 76
1 9 91
22 34 24
24 6 22
34 25 62
14 32 93
4 6 25
47 29 31
12 11 84
27 20 9
14 31 -7
25 16 -43
22 31 38
50 7 82
25 45 61
10 34 -58
44 42 23
6 38 -66
49 29 5
25 40 51
15 30 96
20 9 99
14 23 -20
34 28 92
48 4 91
12 20 -29
5 41 -52
4 16 -55
47 35 81
37 30 -36
44 7 -10
32 17 10
24 18 -26
12 48 -61
10 36 1
36 24 13
3 27 20
20 9 90
32 8 41
40 16 95
21 17 89
32 39 -32
16 7 0
37 29 97
14 1 -29
34 19 -10
12 11 -45
41 21 -67
11 46 8
46 21 9
2 30 78
5 27 8
49 31 69
33 2 58
42 7 16
47 19 14
40 41 89
23 40 27
21 20 36
19 38 19
47 9 -1
43 22 44
10 40 12
22 38 6
25 39 -35
