10 100
2 -893 603
7 580 -313
6 -883 -589
-3 -444 -437
10 841 -715
9 583 -46
6 -36 -349
-8 -479 -638
-2 -518 -394
-10 -938 630
-95 82
-82 76
-98 -71
-98 -1
-95 -23
-26 24
-90 56
-33 91
-29 73
-93 55
8 3 73
6 10 13
1 9 43
1 8 77
5 9 34
5 2 62
3 8 -38
7 2 -30
8 2 100
2 8 15
5 2 -24
7 9 -54
4 2 51
7 4 66
2 10 50
5 3 82
4 2 -29
4 3 94
8 5 81
2 5 100
7 9 61
3 10 16
1 6 82
4 3 51
4 8 43
2 9 -14
7 1 10
4 1 -7
4 6 -34
4 10 -3
7 9 48
4 6 57
7 2 -39
7 9 81
1 2 53
2 8 66
7 3 39
4 5 73
7 9 -31
8 4 75
6 2 89
10 9 59
4 6 33
4 9 62
3 9 43
4 6 44
8 10 -42
1 2 34
3 9 43
6 2 9
4 9 -41
6 9 22
7 10 8
6 7 83
1 7 92
7 1 95
3 2 65
10 9 100
4 9 -88
10 9 45
3 8 6
8 9 70
8 9 -8
3 1 75
7 8 -38
8 9 83
6 9 -72
5 9 -69
10 9 26
5 1 1
8 9 32
2 10 -60
6 8 55
1 9 -84
2 6 7
4 3 54
3 10 68
5 10 39
10 6 87
7 4 95
10 1 98
4 10 -4
3 9 -78
2 9 30
3 6 -62
3 8 -30
3 10 62
4 10 3
7 1 11
3 8 91
1 6 3
7 8 -10
4 5 100
7 4 45
8 7 93
8 9 18
3 5 91
2 6 67
5 2 8
4 8 84
