50 100
0 -213 765
-5 -692 241
9 -935 -30
6 -52 -913
9 103 -870
-8 -528 -330
5 -126 -943
7 -215 445
-10 -242 885
-5 40 -102
10 -441 589
-4 -737 -875
3 -22 -593
7 -898 -491
2 -48 362
-6 -841 994
10 697 -930
-7 894 186
0 -738 70
-3 539 -214
9 798 -958
8 -949 143
-6 -853 -251
-5 466 -698
-2 436 -605
0 -383 -875
5 -485 62
-7 -423 477
-10 -32 -569
-8 559 340
-5 -735 -480
-7 -822 346
-4 366 272
-4 -39 -21
5 38 869
0 -970 310
-6 373 -659
5 -38 -587
-1 -101 -759
10 997 -327
7 -972 347
-3 569 -720
-6 809 68
0 -569 -651
-5 332 342
-5 -108 981
-4 38 -448
-4 -211 -733
-7 420 232
8 984 88
-28 96
-80 -9
75 100
-18 65
67 94
-82 13
-11 89
-45 56
-50 100
7 89
19 90
-100 42
-38 95
-92 16
51 86
-18 21
-63 -27
14 26
-49 95
8 71
31 71
-5 22
-78 37
-3 48
17 68
-77 76
-76 76
-91 53
-9 86
-9 27
-81 75
-99 -72
-71 -36
2 92
7 92
25 47
-96 18
-57 81
-50 72
-89 78
-100 37
-5 48
-95 25
-80 100
-46 -41
-94 4
-54 68
-27 12
-99 10
-94 70
16 8 3
43 44 -43
23 21 -24
48 5 -32
4 23 78
47 36 -46
2 25 0
41 26 12
17 9 95
41 30 60
26 31 35
33 2 -13
6 5 39
26 27 72
6 49 42
25 26 62
12 43 54
2 4 -4
7 40 19
29 11 95
49 4 -26
33 44 -44
43 15 -40
4 9 -34
45 27 41
47 15 -15
36 2 66
41 33 -50
34 38 86
14 11 51
38 44 10
28 36 77
46 21 -15
23 10 11
14 27 31
49 48 -85
24 11 42
41 9 11
1 24 27
10 11 31
22 4 56
6 37 32
28 31 28
14 49 69
4 7 57
41 27 -77
50 35 -21
28 42 29
12 47 2
22 46 74
40 36 37
16 22 69
39 34 19
49 15 -14
37 42 -57
28 19 -11
20 25 76
42 25 29
6 29 -68
48 15 99
29 48 99
45 9 -11
27 40 -36
46 48 -2
32 47 -46
34 8 54
49 39 18
46 3 26
6 15 -41
33 48 87
43 31 16
30 35 36
14 17 3
37 5 7
45 20 -20
20 21 95
14 33 67
46 7 -83
12 38 -100
46 29 -82
49 3 -92
2 25 54
17 34 -32
5 7 62
14 31 -92
2 35 97
2 31 57
36 31 22
27 45 90
26 41 95
43 15 57
46 9 -31
8 18 84
37 16 -30
2 44 -72
24 21 61
2 31 -18
47 40 62
12 43 67
22 46 88
