50 100
9 770 601
5 -313 -14
-7 -817 615
10 -908 116
-1 -569 -163
5 -369 480
3 -857 476
0 271 481
-9 464 462
4 341 783
-5 489 -61
-4 746 -761
-5 -655 -894
-4 -64 662
-1 -124 231
-9 -427 765
-10 977 -794
6 912 239
-1 -754 -80
-4 215 201
-4 934 592
3 401 709
3 467 -390
-1 672 884
2 -305 -751
0 -730 -399
-1 31 -353
-10 310 699
-3 597 361
10 505 967
-7 535 -447
5 521 671
7 -311 767
-10 916 682
-10 278 330
-6 960 -826
9 -957 -294
8 167 750
-6 -283 154
-8 760 844
7 669 -713
-2 -851 60
-6 -876 -409
-2 215 55
5 59 715
8 658 -295
10 679 569
10 329 -199
-2 -439 519
-8 470 -641
-76 -13
-69 9
10 94
-26 83
-26 87
-84 58
-86 -4
-34 96
-6 91
-86 95
-71 -18
-84 -28
-72 44
50 84
-70 18
53 75
49 97
-97 90
-30 99
-85 15
-47 4
23 69
-64 74
-85 -29
-85 85
-85 19
-100 -3
-70 -8
-92 -9
-6 14
-51 87
-19 72
-76 87
72 92
-99 -40
42 95
-66 73
65 99
-56 72
-77 46
-30 85
2 35
-99 66
-60 11
66 96
5 42
-65 96
-87 -51
49 93
-2 64
22 37 90
41 35 98
17 19 82
10 17 -82
46 4 44
22 34 55
49 25 30
9 4 40
8 22 98
12 42 43
7 31 87
29 36 -86
13 33 58
1 39 76
21 46 76
35 34 10
37 16 100
29 20 55
11 19 -4
48 26 70
11 14 -11
41 20 18
15 38 31
48 44 -16
15 35 92
16 19 18
48 49 -55
10 25 -39
40 29 78
42 4 77
6 25 54
40 49 -26
39 16 -2
42 36 89
12 17 34
7 3 -59
15 16 -68
8 38 27
39 25 -30
10 34 26
24 34 -74
48 14 73
35 10 84
1 21 -65
34 36 27
28 50 -54
41 36 -60
50 2 61
26 20 3
10 31 28
32 8 -19
21 15 49
6 33 37
2 45 41
42 11 99
25 34 44
41 32 -27
5 36 100
33 18 73
22 19 -3
34 22 71
9 28 92
1 43 59
30 16 -19
23 3 96
18 19 41
15 34 27
33 50 57
33 36 -50
21 29 41
33 11 81
31 15 97
23 37 65
39 32 58
27 13 61
29 20 -7
19 22 49
40 3 -3
41 24 13
19 36 37
6 45 -68
31 50 42
35 20 88
41 39 22
48 34 -35
23 46 13
28 1 78
48 50 51
31 47 64
33 40 34
7 24 82
15 49 -86
42 4 7
29 42 -25
50 32 15
11 22 -59
44 41 46
35 17 27
28 20 64
47 25 75
