50 100
9 -240 542
6 -787 -228
-6 -913 928
-1 566 -186
-10 260 384
10 -196 824
9 -690 318
-6 14 611
8 881 -556
2 -12 -644
6 948 -180
-7 -640 -611
1 85 -966
-9 -896 255
0 246 299
-9 151 -25
0 -421 -847
7 -148 575
8 5 129
-6 935 189
8 -495 -263
6 -751 -659
-1 -568 -116
-5 266 103
-8 429 -966
8 -273 -996
6 915 -209
4 304 20
3 -419 752
5 -647 135
4 -669 264
-2 -609 871
10 -598 678
9 24 711
-6 -330 -586
2 -61 -899
-10 613 -628
7 -161 -264
6 88 588
-4 754 -509
-7 100 921
4 551 -629
-8 911 582
1 844 -277
-10 -153 -398
-6 -242 -973
-2 -541 588
-7 153 399
-6 454 -70
-2 751 -643
10 89
-59 90
-100 93
-91 -32
-98 -25
-54 65
-49 66
-51 3
-99 76
-23 87
-53 62
-87 20
-93 -20
-92 83
-31 97
-70 -11
-78 55
-56 28
-65 86
-75 92
-12 90
-28 69
-29 96
-87 32
-44 80
-56 72
-28 69
-100 89
-64 -32
-84 89
-23 42
-93 23
-85 77
-65 82
-67 39
-92 -31
-79 -60
-37 67
-96 -74
-81 76
-82 -30
-98 16
-82 65
4 44
-100 47
-70 53
-99 69
-59 89
30 79
-66 99
25 1 82
41 49 -2
8 50 -51
20 21 82
26 20 86
8 26 91
35 21 -63
48 25 65
18 16 37
12 33 37
11 40 4
38 49 25
5 49 -62
42 15 -13
13 5 29
5 9 13
30 38 62
40 44 70
30 34 58
24 48 -59
45 2 66
25 34 8
16 33 -81
18 17 63
19 27 15
30 45 56
39 29 78
8 23 86
35 42 0
3 13 70
12 44 19
32 2 -68
49 22 64
24 1 -45
46 20 76
40 22 73
13 42 79
29 45 -46
6 50 82
13 2 -26
50 27 85
43 49 54
16 48 -82
16 50 37
4 19 13
32 29 71
3 40 100
25 20 78
6 50 85
12 46 14
43 33 27
13 15 80
13 38 -2
34 48 -3
46 24 -5
33 40 66
6 20 27
35 2 91
32 25 -9
28 34 75
12 19 -1
47 9 47
47 21 29
4 11 69
19 16 24
37 26 -17
16 6 99
2 24 81
42 15 -93
8 1 56
3 19 -32
3 49 -10
39 13 -3
23 43 40
35 15 51
37 20 -63
44 36 90
32 15 -55
28 49 -83
39 14 9
6 42 62
46 19 39
45 21 26
36 38 77
19 26 -16
29 23 -6
28 27 -98
40 22 9
41 17 37
8 2 -5
4 27 -12
24 25 78
24 9 -12
35 24 32
5 34 13
23 11 -17
30 24 82
8 42 40
28 24 37
42 20 31
