50 100
-3 -853 715
5 -4 994
-1 -86 -673
2 62 227
-1 387 447
-5 597 -737
1 -174 893
7 -121 729
7 490 520
9 323 -705
-9 -715 -687
-10 -473 435
-7 -978 -106
-5 355 -576
9 -328 -708
2 -201 269
2 -923 -426
-5 -416 -471
2 846 -378
-10 984 -358
-3 -988 -128
4 820 680
-6 -16 235
3 797 -629
0 192 -498
6 807 -321
-5 148 375
-9 -585 -536
-4 -517 -740
4 665 559
-3 694 -208
8 211 -493
10 591 -76
8 -768 -570
3 120 811
-5 -634 -725
-3 718 873
6 -241 -28
-8 473 -549
-10 -297 491
8 -100 -675
-6 386 -507
8 631 -72
-8 405 -603
10 483 937
7 -655 -423
7 353 481
3 -536 -929
2 610 647
1 -130 752
-41 76
-97 5
-47 2
-11 98
-22 62
13 93
-83 -50
-100 60
32 87
-9 60
-76 -12
-81 -8
-70 100
-77 -8
-89 88
44 76
-81 -19
-81 87
38 99
-47 50
-100 92
-100 90
-3 80
-70 25
-100 -56
-98 -5
-98 -9
59 96
82 93
-97 73
-70 73
4 100
-84 41
67 100
-94 -38
-97 95
-87 25
8 48
-33 94
-86 -2
-53 7
-60 72
-29 79
43 98
-61 17
-84 98
67 99
-70 57
-99 45
-69 70
37 30 76
48 9 52
35 10 -22
35 49 -47
7 38 -26
16 1 100
25 49 40
14 19 91
23 10 18
30 43 -10
35 33 72
8 3 45
27 1 -51
23 44 -24
27 26 32
33 50 93
12 27 65
15 43 -47
2 3 43
26 4 74
30 50 20
10 39 28
47 4 34
17 48 84
45 28 72
35 42 -82
6 32 70
2 49 -19
49 32 22
24 4 78
48 49 42
27 13 20
18 39 19
19 43 39
2 19 81
6 17 88
27 4 4
25 23 97
25 4 77
22 42 50
16 50 86
8 47 75
27 50 72
21 10 83
26 49 90
37 34 16
50 28 21
14 3 4
5 33 88
30 43 52
5 13 87
6 36 -28
33 22 72
46 11 91
6 15 97
26 48 -33
2 11 83
36 32 18
1 31 -87
48 43 -77
21 13 64
40 31 -95
8 36 -81
38 43 26
33 29 10
21 42 -100
2 1 11
20 44 12
11 10 46
28 50 82
32 50 74
1 49 71
24 19 -59
24 29 -98
46 44 87
1 47 34
30 15 79
40 29 -83
24 19 17
39 16 76
24 48 12
8 42 26
44 38 92
12 36 18
36 9 42
23 33 86
20 3 87
16 44 34
36 34 39
26 6 -90
1 6 70
8 24 39
3 36 42
23 19 -68
38 5 80
21 40 -32
18 38 8
18 24 -7
35 19 16
27 40 26
