50 100
8 550 46
-1 129 -804
4 704 -754
-5 151 268
6 -774 967
5 402 -204
9 -437 -579
8 742 702
-2 -415 29
-10 -626 943
-7 -667 343
7 702 -536
-9 -955 519
-1 -485 687
8 -678 3
6 -826 814
-7 -410 -280
4 0 -401
-1 412 970
5 -396 678
8 350 261
-9 18 754
2 -228 -297
1 -202 71
9 299 -564
-10 149 -52
7 -872 263
-2 -196 302
-2 195 954
1 413 27
7 -409 594
7 401 330
-10 -875 212
-9 725 -416
5 956 382
10 -616 -79
-5 572 -667
-6 841 -857
9 189 207
-9 -594 -24
0 -398 323
10 800 371
5 -712 -289
8 -456 -88
-8 -169 -956
-9 -832 -344
3 -286 -230
-7 -346 -506
-3 -709 -347
8 -880 -394
-93 45
-99 63
-34 90
-65 44
-100 -89
6 85
-98 2
-11 69
-67 37
4 93
-83 27
10 63
-93 93
85 97
-93 -80
-53 32
-46 86
-19 25
-17 91
-79 83
-95 93
-84 15
-73 100
-95 -49
-85 -12
5 41
-91 51
-87 96
38 70
-21 77
-4 57
-70 19
-17 29
-72 98
11 99
-17 81
-29 81
-72 93
-49 97
-38 27
-27 59
-87 80
-68 17
-100 -22
-13 68
-80 100
-36 37
-79 44
-77 52
-68 26
25 28 -81
19 43 56
24 9 41
30 17 45
43 3 45
38 49 63
23 10 -38
46 38 52
15 47 -35
48 17 40
26 10 8
25 29 -19
25 14 44
44 4 59
19 13 60
44 13 94
16 6 31
44 46 12
19 36 -19
6 38 100
9 6 -11
50 13 -54
44 36 -10
5 32 -40
50 20 75
5 18 -45
5 10 83
50 47 92
50 34 -5
5 43 -69
18 7 96
15 23 79
6 35 89
35 10 97
25 2 100
26 30 28
24 4 75
7 6 9
4 3 73
42 39 -75
44 37 76
23 29 -10
35 18 32
18 8 -55
7 8 3
20 30 41
9 34 65
22 35 -44
41 26 42
25 23 24
42 13 27
15 10 94
6 34 22
37 20 46
5 33 65
31 45 72
12 3 61
43 9 -27
50 43 52
15 13 76
22 32 -60
23 3 -41
1 4 -6
2 39 -19
5 18 95
3 38 58
48 13 -65
42 10 -54
23 29 -8
9 3 15
48 41 -55
7 12 26
7 11 41
44 50 -33
44 23 -33
11 30 93
44 40 -76
37 29 -21
4 43 75
40 23 42
44 36 72
22 18 72
50 5 62
27 36 29
9 47 65
10 6 43
36 34 51
50 12 10
2 30 15
21 32 -18
33 28 -23
45 13 -7
49 6 92
21 23 -84
11 14 78
42 12 75
26 13 65
5 24 14
49 31 58
44 1 58
