50 100
-2 -559 -378
8 588 495
0 353 980
9 -377 689
-8 168 -517
9 542 -249
-4 313 197
-8 101 101
-7 132 -71
4 137 231
9 -298 -490
-3 -544 946
-8 -14 599
-2 -113 -927
0 -595 -73
-4 -778 306
4 -610 -253
2 415 693
-9 904 237
-1 345 -15
2 154 -611
1 410 -913
2 51 -736
-9 88 -413
2 -657 -576
9 896 733
4 -657 -284
-1 669 -57
-10 745 172
-1 620 -844
6 -60 914
-8 570 723
-6 -395 549
-2 412 792
3 -859 -582
9 369 -285
-10 -452 -734
9 -950 -757
9 331 -207
-8 253 -382
7 -127 338
-8 -760 766
6 -199 763
-4 -689 -163
1 334 734
-9 -778 -646
-9 -235 799
3 788 358
-10 -621 989
-1 -590 -494
-93 25
-67 24
-51 61
-99 -32
-39 51
-63 30
-15 99
-43 98
-23 98
-80 100
-96 43
-52 52
-66 71
-21 37
19 47
18 100
-55 96
-16 88
-83 61
25 72
-82 39
59 93
-67 72
-83 53
6 93
20 100
16 100
-64 18
33 93
-93 -39
13 82
-87 66
-71 41
-98 -68
-3 96
-20 44
-14 86
-64 70
-95 70
-32 86
0 65
-88 -11
34 40
8 95
-4 81
-67 -18
-90 70
-75 -18
-1 29
-83 97
21 37 -67
12 37 -34
5 29 83
39 33 64
50 42 91
43 16 -17
2 27 5
30 47 71
32 10 82
24 31 43
33 8 27
41 27 79
22 31 8
1 42 88
9 27 44
12 3 -27
28 37 75
2 35 -32
18 39 44
12 14 22
19 35 48
1 5 12
48 36 89
46 23 20
4 18 -77
39 17 -81
18 36 60
21 16 82
10 28 95
19 2 68
3 31 -70
11 36 -67
6 38 12
6 8 -32
3 38 95
48 23 50
2 15 16
1 8 35
20 35 -7
2 30 76
2 39 -12
28 9 42
50 38 -4
4 23 55
40 5 94
34 46 -40
21 15 54
32 36 37
4 10 72
23 49 -4
4 16 95
19 35 -96
14 41 84
14 39 13
34 9 6
48 50 59
37 18 51
1 39 1
46 10 66
23 18 79
2 35 -33
40 6 -14
40 27 6
36 9 60
11 17 -96
11 14 -92
34 6 94
46 36 100
29 37 -33
3 38 -14
24 26 38
36 45 5
23 22 53
48 2 8
40 15 1
4 41 -83
22 41 59
49 20 96
27 31 67
3 5 40
22 43 69
33 7 2
42 41 -88
14 35 61
6 27 -41
32 37 14
46 4 97
23 38 33
4 9 49
11 29 -26
43 39 98
11 6 -81
11 14 95
4 32 -58
39 26 -27
4 32 -80
34 15 93
49 7 39
38 15 18
19 35 -99
