50 100
6 526 401
4 972 -194
-9 480 528
-3 -210 -424
3 447 -94
-6 779 -731
-1 775 -872
10 -709 558
0 584 -928
1 -107 321
3 -252 -902
8 -741 -283
1 -677 -19
-10 38 247
8 -521 654
-4 -19 -333
1 -580 561
3 1000 -868
1 -817 -266
0 -832 177
10 930 342
2 -663 466
-4 -43 898
8 373 -949
-4 458 491
-1 64 -912
-3 537 528
8 729 140
-4 43 -161
-9 -650 -947
6 -539 -241
0 508 -256
-5 -507 -609
8 667 339
-2 -485 37
-9 822 563
-2 237 14
10 649 488
4 603 470
10 218 169
-3 -215 -663
-4 -151 620
7 -107 662
7 761 411
-8 829 269
-3 916 -126
1 692 892
5 -935 744
6 607 -71
-2 116 -998
5 69
-45 28
-96 3
35 38
-34 8
-64 70
-52 94
-81 90
-4 42
-31 88
18 100
-61 92
-75 97
4 60
2 33
-91 -29
-100 91
-60 100
-14 18
-74 65
32 94
-47 48
-54 86
5 60
-80 -25
-91 -50
-19 86
-84 97
-11 73
96 97
-41 44
13 99
5 69
-87 -12
-83 87
-94 -58
36 77
26 39
-78 86
-52 62
-61 89
-12 88
-26 -4
-37 44
-99 -10
-93 34
-63 86
-5 99
-47 36
-38 100
28 49 4
5 40 34
45 39 -22
19 20 69
28 10 80
34 47 -92
22 29 7
42 22 76
21 30 1
13 7 -56
34 10 -65
36 9 81
18 43 87
45 41 42
20 21 -43
43 13 44
28 8 29
6 14 77
14 44 67
32 47 61
31 32 90
28 30 -39
12 5 47
36 29 92
1 6 49
41 37 -9
3 32 -32
15 8 78
50 33 50
1 27 97
39 2 26
44 42 64
14 29 -2
39 5 71
3 16 77
24 23 2
46 48 -14
9 12 24
16 32 87
36 1 14
49 32 43
36 11 10
28 38 2
19 34 76
22 4 99
12 30 -20
13 44 28
27 7 66
20 35 99
45 33 -77
28 6 -9
29 7 15
46 17 -17
5 7 -73
26 14 -16
13 19 66
47 40 82
45 47 9
23 12 100
28 14 -63
47 23 29
26 14 41
45 44 38
38 41 55
22 43 68
24 4 77
12 5 88
22 37 24
47 44 72
26 20 -3
4 33 83
2 20 70
35 3 69
33 22 32
43 49 81
25 50 6
15 24 50
39 12 87
21 7 76
19 22 83
8 48 58
39 23 -65
24 19 94
48 37 39
7 11 -15
44 42 90
29 50 98
3 37 72
49 30 5
26 11 -53
40 47 -9
13 23 -33
23 37 87
36 3 43
36 44 98
12 26 80
9 39 62
50 31 80
22 46 99
36 41 -51
