50 100
1 -5 -965
8 -334 377
1 -875 369
1 -529 -458
6 741 -7
7 203 -528
6 -60 295
2 703 -4
-4 -767 -696
-7 -223 -507
-5 -327 -404
-9 -879 344
-3 -408 31
-9 852 672
9 958 710
-5 719 -360
-6 -517 679
-7 -431 855
2 637 683
-7 804 5
0 663 -172
-8 -332 885
-7 540 -871
-6 -715 -136
9 -934 -267
-4 -29 -303
0 -499 779
-10 -96 -947
0 -926 -539
4 -960 107
-9 741 817
7 -996 911
-6 492 -814
-7 -404 -648
-4 -15 898
4 -408 84
-4 841 -8
-9 334 331
-3 -273 781
3 -236 504
7 -509 789
-1 918 608
9 -767 451
4 485 -803
-7 21 -834
-8 611 641
-2 705 -286
2 828 899
9 30 86
-8 522 -717
-34 46
-1 94
6 99
-92 92
-60 10
-9 48
-84 21
-41 95
-61 5
82 91
-68 58
-46 66
-91 2
4 98
-81 15
-37 81
32 58
-85 5
-29 -4
-72 6
-92 -30
-72 83
-13 45
-13 43
-21 52
-83 13
-99 57
-82 83
47 100
-20 74
-81 20
-74 21
-89 48
-100 -50
-57 82
-58 -6
-98 93
32 96
-60 -13
-45 -29
-48 26
43 97
-84 69
-90 94
16 75
-4 91
-89 -57
-100 9
42 71
-69 49
26 12 17
43 49 51
46 38 91
44 9 76
22 17 32
33 42 96
39 16 7
34 6 -2
47 20 58
18 38 46
40 24 -37
37 43 31
29 49 40
37 12 22
48 22 -13
40 23 -54
7 23 -100
37 18 -32
43 46 49
7 37 96
36 16 -86
31 50 -36
30 14 -5
9 16 -56
48 4 96
22 42 79
32 23 2
28 24 45
24 35 48
46 14 95
21 10 90
3 30 68
16 3 81
10 16 59
20 10 -98
36 29 -19
32 29 45
17 25 60
36 23 27
8 46 34
32 4 -79
9 6 40
9 19 5
7 14 16
43 33 36
21 9 70
38 45 59
47 41 74
6 14 11
43 32 7
36 15 30
48 7 85
11 2 28
20 2 95
37 17 -82
15 16 -74
37 20 27
27 9 13
47 38 -14
39 17 -48
33 25 -68
13 17 -98
27 33 52
26 17 13
3 10 -8
18 45 37
44 25 -60
27 21 61
39 30 -73
5 23 23
38 17 35
27 14 95
23 49 72
4 8 92
34 38 93
10 12 99
27 23 43
47 12 -42
36 30 -2
25 42 -44
28 4 28
5 24 79
26 12 4
6 5 84
33 13 70
11 49 -11
31 16 -66
27 23 43
44 33 91
39 46 -61
20 50 87
18 9 84
12 4 45
37 27 86
3 1 100
48 30 -6
35 3 44
13 21 71
36 41 3
15 1 -84
