10
100
1000
10000
100000
1000000
10000000
100000000
1000000000
10000000000
100000000000
1000000000000
10000000000000
100000000000000
1000000000000000
10000000000000000
100000000000000000
1000000000000000000
10000000000000000000
100000000000000000000
100000000000000000001
10000000000000000001
1000000000000000001
100000000000000001
10000000000000001
1000000000000001
100000000000001
10000000000001
1000000000001
100000000001
10000000001
1000000001
100000001
10000001
1000001
10000011001111000000
10000011001111000001
100000111011011000000
100000111011011000001
100001
100001100000000000000
100001100000000000001
1000011001111000000
1000011001111000001
10000111011011000000
10000111011011000001
100001111000000
100001111000001
10001
1000100000000
100010000000000000000
100010000000000000001
1000100000001
100010101011000000
100010101011000001
100010111011011000000
100010111011011000001
10001100000000000000
10001100000000000001
100011001111000000
100011001111000001
100011011000000
100011011000001
100011100000000000000
100011100000000000001
1000111011011000000
1000111011011000001
10001111000000
10001111000001
10001111001111000000
10001111001111000001
1001
10010000
100100000000
1001000000000000
10010000000000000000
10010000000000000001
1001000000000001
100100000001
10010001
10010011001111000000
10010011001111000001
10010100000000
10010100000001
10010101011000000
10010101011000001
100101011000000
100101011000001
1001011000000
1001011000001
10010111011011000000
10010111011011000001
10011000000
1001100000000000000
1001100000000000001
10011000001
10011001111000000
10011001111000001
10011011000000
10011011000001
10011011011000000
10011011011000001
10011100000000000000
10011100000000000001
100111011011000000
100111011011000001
1001111000000
1001111000001
1001111001111000000
1001111001111000001
10011111001111000000
10011111001111000001
101
10100
1010000
101000000
10100000000
1010000000000
101000000000000
10100000000000000
1010000000000000000
101000000000000000000
101000000000000000001
1010000000000000001
10100000000000001
101000000000001
1010000000001
10100000001
101000001
1010001
101000111011011000000
101000111011011000001
1010001111000000
1010001111000001
10100100000000
10100100000001
101001100000000000000
101001100000000000001
1010011001111000000
1010011001111000001
1010011011000000
1010011011000001
101001111000000
101001111000001
10101
1010100000000
101010000000000000000
101010000000000000001
1010100000001
1010101011000000
1010101011000001
10101011000000
10101011000001
101010111011011000000
101010111011011000001
101011000000
101011000001
101011011000000
101011011000001
101011011011000000
101011011011000001
101011100000000000000
101011100000000000001
1010111011011000000
1010111011011000001
101100
1011000000
10110000000000
101100000000000000
101100000000000001
10110000000001
1011000001
1011001111000000
1011001111000001
101101
10110101011000000
10110101011000001
101101011000000
101101011000001
1011011000000
1011011000001
1011011011000000
1011011011000001
10111000000
1011100000000000000
1011100000000000001
10111000001
10111001111000000
10111001111000001
101110101011000000
101110101011000001
1011101011000000
1011101011000001
10111011011000000
10111011011000001
101111000000
101111000001
101111001111000000
101111001111000001
1011111000000
1011111000001
1011111001111000000
1011111001111000001
10111111000000
10111111000001
11
110
1100
11000
110000
1100000
11000000
110000000
1100000000
11000000000
110000000000
1100000000000
11000000000000
110000000000000
1100000000000000
11000000000000000
110000000000000000
1100000000000000000
11000000000000000000
110000000000000000000
110000000000000000001
11000000000000000001
1100000000000000001
110000000000000001
11000000000000001
1100000000000001
110000000000001
11000000000001
1100000000001
110000000001
11000000001
1100000001
110000001
11000001
1100001
11000011001111000000
11000011001111000001
110000111011011000000
110000111011011000001
110001
110001100000000000000
110001100000000000001
1100011001111000000
1100011001111000001
11000111011011000000
11000111011011000001
110001111000000
110001111000001
11001
1100100000000
110010000000000000000
110010000000000000001
1100100000001
110010101011000000
110010101011000001
110010111011011000000
110010111011011000001
11001100000000000000
11001100000000000001
110011001111000000
110011001111000001
110011011000000
110011011000001
110011100000000000000
110011100000000000001
1100111011011000000
1100111011011000001
11001111000000
11001111000001
11001111001111000000
11001111001111000001
1101
11010000
110100000000
1101000000000000
11010000000000000000
11010000000000000001
1101000000000001
110100000001
11010001
11010011001111000000
11010011001111000001
11010100000000
11010100000001
11010101011000000
11010101011000001
110101011000000
110101011000001
1101011000000
1101011000001
11010111011011000000
11010111011011000001
11011000000
1101100000000000000
1101100000000000001
11011000001
11011001111000000
11011001111000001
11011011000000
11011011000001
11011011011000000
11011011011000001
11011100000000000000
11011100000000000001
110111011011000000
110111011011000001
1101111000000
1101111000001
1101111001111000000
1101111001111000001
11011111001111000000
11011111001111000001
111
11100
1110000
111000000
11100000000
1110000000000
111000000000000
11100000000000000
1110000000000000000
111000000000000000000
111000000000000000001
1110000000000000001
11100000000000001
111000000000001
1110000000001
11100000001
111000001
1110001
111000111011011000000
111000111011011000001
1110001111000000
1110001111000001
11100100000000
11100100000001
111001100000000000000
111001100000000000001
1110011001111000000
1110011001111000001
1110011011000000
1110011011000001
111001111000000
111001111000001
11101
1110100000000
111010000000000000000
111010000000000000001
1110100000001
1110101011000000
1110101011000001
11101011000000
11101011000001
111010111011011000000
111010111011011000001
111011000000
111011000001
111011011000000
111011011000001
111011011011000000
111011011011000001
111011100000000000000
111011100000000000001
1110111011011000000
1110111011011000001
111100
1111000000
11110000000000
111100000000000000
111100000000000001
11110000000001
1111000001
1111001111000000
1111001111000001
111101
11110101011000000
11110101011000001
111101011000000
111101011000001
1111011000000
1111011000001
1111011011000000
1111011011000001
11111000000
1111100000000000000
1111100000000000001
11111000001
11111001111000000
11111001111000001
111110101011000000
111110101011000001
1111101011000000
1111101011000001
11111011011000000
11111011011000001
111111000000
111111000001
111111001111000000
111111001111000001
1111111000000
1111111000001
1111111001111000000
1111111001111000001
11111111000000
11111111000001
