1000
30752319 36593887
37926046 27777017
96011266 67630825
46595048 54244823
1633408 54167432
70086633 29803859
25069584 75663919
8085239 96415155
64090824 97747540
63238556 88474489
68382353 22269023
20963345 51749194
13322898 28468262
5373300 74233070
41802019 47435704
47201703 42741430
3419384 27664492
48318335 93128407
96005217 2587897
89385491 63479536
6707848 24619703
53522993 57186559
92389889 8746896
70252769 30809413
26912237 98209236
74584886 20024149
65686918 27924468
91083645 47759990
11211119 63376370
69749316 48653953
43673116 14564403
17431354 5075664
78392410 24050317
3027902 43795491
56964977 38137083
26703428 95462470
97844867 57519077
38611276 21586552
21350147 23754105
66682591 29792192
18062731 14055751
94921627 81838219
7692518 68297169
31847041 9187692
93605302 35844956
60114956 86625023
78192557 28837586
10209848 72650944
48341138 38431644
65549515 97837759
11251024 94803226
40482363 79387752
11044034 26592592
6751943 45751513
65844213 70689169
27224531 28745327
69958100 99920033
21085285 2488346
44168179 86545394
12206481 76413299
40043930 66810975
67412702 25492485
17184854 88597172
76344308 50018032
72923888 18128560
45350067 26741380
4442023 8025399
71494687 17364772
32029595 30945281
29839198 11491251
8299002 44335220
71044619 77023722
25162364 83791844
12698000 67203121
35244043 70442264
62248269 85703863
33250207 14733446
96642915 11633115
2383970 64635277
67134613 54194007
80278862 73533423
46893842 73221843
79990733 18271051
65355037 69464082
45424954 54986347
44088965 2360287
9761278 363953
60136283 23327319
18479090 42665769
56765255 4060610
14720064 57805261
21998208 91345361
43118829 34821149
19319119 65483270
53156577 46338684
36165848 69422840
44434555 19879065
27103141 98674188
53660781 26873844
21138881 41616744
80926245 95473728
85225343 50310453
13683293 53721265
32988045 3915895
46547611 19247074
80825239 44080048
94302591 22299223
5659164 61952269
44016749 29978523
65514617 97932450
5371235 11538041
41743896 63359218
21656206 91273469
99014250 51998960
73658200 44504758
5433305 12543467
86662681 14210889
61601117 2322560
27584203 46986388
42346806 24838327
58136324 75230522
12604008 84350791
70900509 68877665
45952347 63365402
61653095 36029408
21926800 16976111
6691211 72955992
97753728 20358487
31605145 45621676
58897356 1248378
69802202 8141801
85230656 44685600
64412237 84024090
3263150 5502374
48878983 66357461
54708016 12348824
65267360 62941200
66404790 26121483
30877171 91954346
69873074 17251453
40746450 12927124
39410857 98282588
61858816 25997654
40488054 21866979
75157420 88437867
83351494 89214621
18601893 90208540
30459107 17860809
6575051 94892175
78900357 27897927
5608836 23537497
52408462 29742758
25832458 82661400
46565805 75177125
74495570 38057148
58230667 65655670
14615487 98848803
66680595 38813304
46974426 61704828
98752394 4812057
98002263 50855484
77771492 71012537
83645977 19542730
35953930 29235452
31613389 16386462
52749636 12554275
45266363 10932724
63742873 23062161
16627001 56359956
66513177 37447802
63783683 76814745
67409262 90952528
27399473 94980003
48137124 55831143
8331769 3949842
36621398 7410157
63535242 97485748
57820711 94971600
56436535 38865778
68073680 62366266
53580138 76942230
80703242 88640994
69732071 47387409
65504114 97454236
51893752 13974937
77066861 96232139
38470133 4127508
47244126 80104835
53822560 29731254
57078506 60786928
62342657 17205844
78436785 44390926
18381413 63263582
41162489 90265515
3719466 90592332
2034075 41474808
96174741 33148405
72673610 10995375
37691671 79016978
38348618 25297747
58851686 6256995
59775676 69955712
86169750 12270603
83194583 42590136
28949166 70509298
39753237 46425793
58710803 98342195
65270088 70112231
63003582 34161723
64947473 50675088
26337007 67069009
50064175 56221463
3013535 61727548
84946410 53514952
49676547 88422257
11316727 56601657
57699136 38575518
99878828 83470765
60469193 90329432
21078502 90235454
81090636 72707527
90460132 99310728
57687254 3002044
54795728 41007827
49905898 3582303
7693420 6397186
33891877 54878266
41703158 75623434
81828574 99986797
69311747 29768926
10002236 90691254
88728675 93545473
65720831 62016461
62261352 69092086
29245089 3669696
93903970 47388427
44087569 10955990
93257210 54477281
87821075 77026395
97677479 31652489
69918567 7233187
34255292 51569615
90599712 1777373
80121875 97294602
75763204 94228403
44510907 17647455
55980007 64709255
91591372 29224592
39030768 72722855
97672264 91307806
28871359 6252781
53558937 41765056
74918035 67181845
74681891 12859250
6649397 11763860
47585722 55703693
12086967 99672259
73929215 17011200
10583288 60099865
20603114 13684944
79416294 76906690
11695156 21814918
73664736 5975600
17243590 22059801
38047253 83545378
69526832 97102154
82535278 69102243
6609961 63179882
93838783 21326932
16763680 21120355
9023579 33385074
84120030 84594205
5825053 26057001
36878753 39001063
79660278 58388849
9602448 8145405
23342232 23148023
51816739 34734958
68859547 1097622
79180348 15611211
39376234 37382080
46965972 160482
21297507 33157419
71289053 64690903
201476 18607959
36103718 58582012
37766137 59338013
88180909 88438149
83047048 1356621
54550156 51727508
17282411 78357370
6219381 87791951
99548717 23572968
60342352 99087549
6435416 82652231
56539262 21703729
81253743 1754699
58786069 50322379
58132283 28917847
78238730 48810512
49295665 78438848
17604308 75748759
89194711 85102290
32065255 51878924
86863915 48219808
49548913 42375645
28278310 20366830
33056320 9399464
98375586 82821126
69641367 39568867
47596002 57476280
62316551 15761949
94510393 32886227
31306154 12147659
84211982 70010944
50011184 15642394
35830612 21026787
63345709 36318777
36086843 48294335
90616328 48287340
63620754 38123065
48838018 81351549
68514415 21714148
59481569 47591962
11940491 64603861
13310745 74481908
87545518 18538811
90695602 2102910
26572558 53174117
80914276 4562302
28184413 48363029
83333750 77057164
62820397 55063888
37387547 59387132
30258637 38232868
76556354 93967006
8904256 54961235
20500776 44565562
48815693 69409763
50101188 74336469
99708127 2030848
74893714 36355219
76666215 66104476
88167412 60511926
95903312 20123132
21315024 61018677
70800171 94094140
5754676 47317283
63738771 95229587
20969713 59289054
87982974 65081778
52829163 70850485
93110332 79439054
47069022 76924670
29508183 31508364
42519171 5264330
37628394 30167467
33317580 27850763
94753347 35973807
91524382 76057599
49584997 69200754
41035494 99908259
91361589 45699478
13856278 82752877
40719577 26894246
70124360 40876747
86510464 48981992
97201224 55501485
8946981 64766553
80653515 39971891
2418585 82851839
20558903 25530495
80023721 18938204
79109795 18507941
15232602 8811136
49870678 63980422
46654786 45921393
49117764 51541241
71315046 57570078
51252005 84322416
42530926 41025677
79198307 72811030
33508510 61474085
76131585 39541086
20051528 40934943
84803410 13827466
46353002 41558167
53353200 82858120
41255988 8798604
87652642 40854073
51309808 12584955
93875644 73777512
30001709 81659473
62295756 61528986
79476578 27399815
57352085 82020064
26989087 94177154
69042701 13753783
14192042 35235127
2179051 23556044
70120054 82681816
91227179 98198615
10542673 39170399
51404667 40492802
53922318 34610149
83017623 27076356
15493281 36729313
52778706 9971837
61699773 56500429
68655124 20351602
42473698 12601711
74122378 24569352
77084321 65192795
25394420 64537378
61029553 75335366
16782184 93325046
48426144 52626756
96934964 93390059
12330309 15574039
17594207 5378313
16227946 87978817
98636091 89575392
16911800 91342366
75448775 7005193
97877769 2881046
18674012 27262130
52306583 20257528
2508506 41309229
14899670 75048550
78436675 73938496
17135054 55454637
64727153 74523708
43336294 44934843
67703758 32071673
21618192 63265758
3905843 66639011
96208062 17099571
43035201 90165109
76424234 53076166
6410986 98116497
23402801 53056860
75861017 352001
79635420 7790418
83884015 29273868
13242301 37657373
6088881 7672459
38596893 7542793
18116291 96509662
31443468 38263670
86366577 52547014
15688809 29704296
7414684 18435859
5369281 43247762
8077125 79724928
89414632 36248632
62782167 15337493
53402887 32263661
62819742 51872957
225566 71296272
41105998 89290825
81102646 89206597
67595525 59934594
97550591 4653196
44410496 60762206
23347798 42039439
51226587 91281815
40310814 72981887
40194306 94095758
43042102 4192211
29473933 11057059
80122265 40072025
96863951 50746701
33843423 93222443
60387167 22508544
20924528 95795027
70614769 33457980
99702315 73089964
93722584 10643107
25124015 32049206
16366986 77113212
34931950 38494882
38667379 44288284
2794501 96665975
10514029 79811278
74997044 53240909
88076387 12436718
76953216 34003502
41180904 33361465
65411602 37951876
54076297 80827085
2170234 15082566
46376644 2221429
46590075 60106415
18611735 6696103
48758410 12575746
26574472 31502801
32835586 41542121
4433894 79672533
52659028 92617147
31804525 43835361
10287781 75145626
71592380 26159052
16995952 90401380
90670969 62655835
45412437 31799085
1779711 73207418
40465509 79606326
14084868 68735841
1099383 99023593
85781967 42277796
11043247 51532986
26739931 63988647
69754240 22874777
36025141 1308705
28377024 27598607
73375166 961505
52050406 88080156
75470512 63601632
60979371 4580189
97155482 26316875
19529772 2220889
21598631 8353765
9524915 56075101
34337424 16910979
26180903 65097732
77236540 94857747
69195060 67028594
13338914 82366663
52665197 76358044
72169826 30901745
9083167 44677524
96109159 28474352
46034099 15144802
56683042 10723403
76568655 43024403
89614227 4675491
99203297 54817221
1065947 20601769
55369190 73892855
51539353 48747090
11776488 13223727
22948553 37163591
6090602 67268340
87544266 60946961
12204519 64351709
53290949 92862991
58527596 19720301
33068390 56018095
84993744 25530909
99028653 16966799
31029039 52967393
6304865 66497463
44385320 43052322
26693450 46373662
3150769 77675475
24824385 1694760
91620454 83482266
81956383 57302492
34477743 92000571
46909919 9298541
42639330 64542277
49088854 96981399
63208957 37958012
77693050 26864885
70016284 6494657
4889848 87903220
39418022 17969082
39793067 46030813
42614208 59717561
13863403 58771264
26550064 39920179
9191355 88118892
41265567 90849537
96639842 62444896
79112326 82371969
93806547 81487548
19895574 98159201
98695032 42879919
39657512 27132052
42030124 44612547
65959251 80268566
71124099 12880728
58741177 67949769
70945938 42175187
11084657 23562450
11569956 53251026
53016301 98235611
39114475 941599
43258883 50863394
77008584 34850320
51080769 22408706
14684388 46711630
72843954 14452084
18441168 69432486
49637838 57612849
46588329 39941086
217465 6028114
21302697 25480490
4557468 94349771
36717377 30936007
17191886 61768797
8757471 16407887
50228880 468093
32347636 99046972
30546297 7573260
56442770 32159849
13201920 95701251
28576668 88813272
51183880 95375969
45179473 51317839
26561046 23826845
61207984 24874478
79931515 18867256
63179884 28657689
16952235 33176958
3716417 55578525
39960062 52519809
58891070 58977869
73857885 55263189
11234281 2400533
88373323 63451530
61403819 95010328
71371943 86096904
21968989 53863522
37029459 91602326
23582609 22974971
3380975 85381604
91790622 57593231
55565514 28075868
88158600 5741158
81504500 43156634
30806736 11033787
13926199 89473520
40820905 91476546
19213960 38862447
29268655 44580681
98829447 11319908
81979585 25586263
78196807 20097752
44675893 45578370
78897908 10600961
88657919 94676965
30229527 91206004
14976451 59540895
17508696 1732835
86925149 1694803
97967284 19066236
47803182 96032627
30425628 28358199
11576231 76331976
78935396 8787450
6463331 47383964
56310748 2641007
68198981 35269793
64684786 635992
47790818 44798192
178180 36148028
9259217 69692952
71374149 27503113
37785122 63817161
29574017 4510053
87153815 95543480
13609730 30235306
53043938 26795671
44725055 6635434
59909631 89462073
81112197 18594976
51896124 77079618
1270434 40026283
65557054 68674350
31798775 90813340
13803810 9337505
79674051 57802159
88579484 22517769
63517119 42858016
82882160 40116032
70386048 67109142
34220145 86199134
38437073 87936649
18105289 4962958
99313757 78588018
42090312 46770800
99027937 78275152
16557050 15331473
96039532 48955726
29601039 40436500
62830890 2124494
18598319 7227513
1503294 13402859
39312180 14303317
71961091 60602443
18719956 72273274
33047102 73157159
37077991 61402604
15766632 83000667
42269186 18517436
1307140 89935183
27439348 36503565
93748317 86042179
86307566 60257162
36926400 52957345
5533861 90794506
43300866 18748834
8491896 70259442
53453020 91594279
35509880 86837257
88962848 6063693
33386608 63671921
75885778 13663291
50295311 81822870
97948214 83234277
19525536 13783131
95666337 22776174
68391022 5986975
84929777 71950068
90569521 54446609
13344762 46233410
32479356 81331600
28124073 48238500
14043188 50913940
91873440 1934704
2425488 34745257
55692250 28397238
3429282 94343498
85107166 90518384
17183102 90678457
58232941 33224376
90982424 26185905
73639194 82845898
406604 42252151
21471877 94480128
51501550 55260968
3837693 71769324
63686586 45568565
20053190 7438744
32883974 96857870
46183568 21751317
41814039 26408375
98443056 27909966
11920712 37556297
69167539 95563576
5841607 7974577
8269729 43160683
37169353 57725152
42956225 47957704
79334904 92124502
42643109 92503246
55098929 67316913
76678309 65949557
81769018 45273962
23000566 39680021
91275730 15811102
46468500 50351025
29636190 69650174
44589206 13116544
20180833 98128270
96978967 7754242
19783201 65042215
45221991 14397135
35505785 12204
86115586 57244241
25391755 35521727
50791293 48740187
66082641 60369689
91987235 22864372
32840145 54183460
58285094 18618453
15225235 14803620
86365660 77613548
75033275 34751683
38177026 26133413
33553429 16826229
34776720 13844717
19934816 74687956
25060882 93304549
1617128 75727229
35942895 14085606
48875435 43599048
35950551 58727793
73735991 99338904
73456037 15154006
84229745 17882033
10013624 89982194
80089398 87787324
49527014 30445864
85480888 14381147
18244431 71238745
46065200 2841383
9847291 12906051
59090183 1010103
93160166 66360845
17026692 98998423
89843093 41831488
61984576 13574865
23349390 5220535
49091648 63638604
77473024 40609617
93309479 13709722
25838820 55417850
61031485 65322886
91088804 31477477
53198302 64573615
27280474 78904856
66475578 90344300
43073140 27017659
36565606 21021621
89400504 18745850
58339485 63886383
81434656 11570833
28974478 11828724
96272161 87478032
29584871 10913310
35768182 37249859
99601952 15493810
38920945 16282005
16474283 57305482
7082853 67511936
27727157 18778455
1959885 20787064
13594275 28919876
78546890 67870169
22164209 80378161
97769702 57230733
44938146 80679798
35983446 74936036
25543776 75585871
72396720 6217740
86095104 16734458
14352260 66000775
64180773 67263668
36395737 77813972
66025124 32744160
20219967 49512265
92423411 64255296
83420246 12321923
32052474 45409398
85870201 73693460
26912444 73712496
35872727 77492701
760490 42860844
5404320 34032113
42854509 87271759
19975976 98245346
68414800 55194141
335893 13552097
44345942 89833459
37655958 23168192
81624412 76267422
21289427 55559523
68145149 7305990
1938031 67204709
12234759 94575452
93007295 96820884
8849061 30943491
45326915 56033709
62871527 52822595
83267810 16708622
67954476 73617185
96908250 63221597
43049650 53865751
21329694 53950822
65408679 8412649
57321473 54315848
36222861 73121423
33688433 78065139
11945798 20837700
31721240 83048907
56374480 26061371
97364593 52869005
42449912 61095978
44985814 44407258
95876126 17815244
14053797 38178968
33788820 81789473
22087747 42434684
8935981 99724000
80646499 66789547
43924492 31112667
40911465 238015
34384006 59428182
83834375 99164084
44621391 74822279
1604091 19816280
57874827 69031184
76108738 38752516
72080993 23585069
67114608 69980023
64611000 4671059
41686744 5740664
87137955 21498440
66298261 87299690
44504115 87639574
54225508 12640928
26518353 52557567
96638614 13989387
76345576 48642936
62906457 29936009
85902523 22822965
78167470 44717348
20242413 77534654
78814012 59483264
40568244 93834520
99439386 26777595
70663596 67799318
97769703 23907054
85577480 84774078
30791860 36125741
96597569 41651380
28198114 8545040
41345896 86987031
10505577 74455563
36700115 20839953
15513544 50346535
72908742 25122070
41289816 26534973
40222245 56948871
10662605 58732640
58655453 41292221
11286148 28201376
39298323 66613755
68281286 15584972
31632666 36496376
67496932 52485608
6892237 23247051
94286898 83515643
54421152 51695991
57716496 25288248
77902974 585799
32498537 44331948
84067720 92708618
72147850 13906611
53272180 25240571
50234863 92675063
35417326 33983566
85876096 8849165
90015660 93532180
48772636 13659475
5390385 83796260
39368282 62392868
58273469 58430512
79449060 58830029
5161098 71026458
66472374 2888581
3784404 75983612
89337005 72589639
76546709 10298757
57880890 55598809
49715667 30102583
22339973 37025660
49730252 13151745
85974206 12457847
38153987 99583425
74545977 58108422
19960079 48921833
7663034 49704923
73745992 9210048
41456105 41310058
43856039 31847299
77361548 98428116
96300546 42887270
42334978 98167794
76517086 81483323
8878485 61416191
89698901 83659296
22266151 93193701
45240854 11438932
41876403 23255282
64517073 72101242
82415171 52082436
49713558 12449493
84367327 30670044
49822502 82831107
74038552 73384941
16559736 10235994
23673742 64898692
5511017 6962463
76269963 88774939
1738110 40101121
29586450 88968685
59536970 54211236
93763620 43376270
13483942 70798693
79230890 38893313
1014160 95699812
76777576 51436908
36540780 98504362
46793070 76783599
74839354 1619074
75643404 57301267
29006503 37709474
69128329 5050389
14350463 77596625
47105970 77059012
66083601 14250106
85006248 25480478
60337313 45430198
56888984 1358802
66642230 61943344
74044664 93404174
17548546 11532597
1
473 712
