1000
72362150 16631352
83428788 20462666
30984225 7270820
20749281 36805260
15565754 7958229
31476502 14794869
80482639 95236923
53601525 34462121
65042244 65310216
53865467 7056393
43971125 41868692
82713309 22973595
95132294 33284809
77785906 77265764
57563980 40763857
1945378 59726642
56558861 77559510
19675679 4189139
69381911 55317534
99779065 98070891
91873182 26549171
44035304 82243064
7764974 23287988
48448111 78963913
70101843 2646272
26288705 77958874
32377457 56204937
11466163 52120097
93504046 76265905
42737690 9627241
5368109 35056101
7245095 14475181
20522946 66906829
21256061 1407134
49689210 21334717
18267718 31610454
36041920 70290071
45823586 18347622
40054745 50489052
31248385 15041592
51394400 81154702
59006960 64676637
77268968 96301236
56757452 10362444
44720844 49921476
64435163 72917683
36292460 59064792
17231276 41304454
38542511 24715696
98660324 49260440
45169375 34862992
45192197 84138106
13579706 80119564
74605850 61790514
91279326 73108488
50468327 79320661
44495558 13046435
70831276 76157233
75625435 55708310
79758493 36092960
6285798 25313313
97922989 5467404
25454623 63884234
16098991 29334767
92434294 4586419
13045998 9223826
41252319 48705468
12535127 29510416
1571741 67183922
76858878 83747040
21763143 41840339
36429121 59399856
49183506 97392786
60003542 12115015
25767078 64162167
27510148 79036378
2220908 82887802
69568217 80063357
86180704 3440846
60165628 19643045
93615221 70931894
68521548 44402881
54904894 82159223
70757495 7665481
32681021 75490986
75173097 59995753
81998405 30396862
1037737 56671959
75435605 78914005
60919312 85028075
70492863 85939453
95846601 20374721
10772341 17209894
38063945 58549548
54006608 90389494
62813600 42510524
47878645 654548
69775256 39135596
25204370 24627853
36403308 35720728
69276439 65879365
11536610 96909383
81953381 13395947
54707428 88185193
88893650 13236255
22354963 42524598
41844034 95955557
93209282 95394195
18526010 61369033
36405286 3252521
68493963 18587187
70496632 63034644
10591213 18891037
39103198 80284923
52621873 75441266
23699011 36262870
87581173 80454125
46483786 44065849
49425812 51021164
63697840 73272128
30866236 15555178
36470895 86258616
33885688 29266409
88075684 14184947
34433461 13493227
21956826 52437696
83539403 74926752
4128327 99868493
85902822 59638829
20555338 7574899
12407826 89616575
36575598 41354920
3457273 1973814
14806109 34581535
15702290 69462266
9309946 37409426
51848735 3258990
14828034 72571417
19480393 45566635
30376668 77252009
67094462 3942989
77070600 35977276
54015987 1722029
38500403 22574318
87566111 1529854
10411545 63808091
39598075 32376723
20109768 66090328
17814255 5496483
25018870 19642851
47527820 7887271
43266027 59450776
42634911 90786780
95010671 57032930
17216298 83838165
93926046 16075400
85285334 13176752
73938537 54727243
60377729 45148172
50348218 2342830
1800950 96636995
25695285 92286594
21240898 82926117
63347183 33315699
81343965 83771478
31173590 83983491
9047679 58441815
42742549 12754067
5119493 54880174
91261959 17236628
91322219 58593412
34249396 70926171
47598448 81278338
74531092 17304589
48037696 95253562
45437675 92631479
25782615 56167534
19896591 77649309
48509925 83081156
30847049 43190760
20668095 1202249
97309349 45958284
38079364 35492339
17894432 16147127
7985361 65774036
56380685 59103863
25941796 39841209
98150755 67092093
65860789 15596633
81520213 94752321
48997433 18860526
27007143 81631382
49622766 66809248
8725101 53515251
17653868 19433746
8164756 44856540
5485600 44445180
23142894 73325203
62340550 17102143
84677259 14277447
35357507 73398450
11766880 95499164
44558282 86719474
7394037 26510354
68772924 77314493
72199298 54787880
92314505 75866649
57808801 9287348
96191394 76652701
76254011 53944568
44927287 37566930
14307626 83841424
27633648 71095443
99387743 33070719
95881196 78925278
20023369 80836865
70951486 50593436
16471098 73919944
69962390 19008109
22253761 24987926
39597387 78518407
12340732 12667127
66041521 16666178
71267582 95640624
48749632 51936842
71266 8251521
29805393 44989595
49104911 36049297
41016422 18342534
31241752 96215212
55103124 36982753
47644428 7726159
43874803 96394051
83171198 57312407
60441111 18586153
25952591 31089695
99772721 43691945
77420942 47527404
72302701 55767030
64968011 41376314
45565034 48240183
98381872 63583580
5141667 67109921
47734352 76634667
15689258 67286794
71389142 44573304
7230857 41554098
23712977 75281883
13635858 87673243
33113126 79198602
22885114 69759370
37010909 41607388
857739 70674370
50116209 3716974
56590061 9637702
39564918 22149996
76052578 48689925
87986404 73550914
37098002 64348214
34719694 25547740
92415429 10377750
97216191 96824549
57756620 22382155
50158446 38217055
65471123 12561373
54702322 37669855
71089531 71615578
24325597 41803442
11328539 23079229
63797826 62761658
87837025 24551955
80008625 55184033
57443473 94507885
6733736 29559162
97025642 18367007
69813588 31981724
42412872 47692720
94474033 20169651
79049199 92190719
48575398 66216876
82871025 16181290
57747032 85233387
68781646 6088390
67929061 6307805
14760072 62141506
26920379 31903572
76228826 71524565
15656731 14645970
12576983 53809303
89058979 67662401
54535399 59645726
46537883 36396738
24858559 86063208
52384264 59217041
99570490 37931260
64782046 73648723
49022568 33880542
38857161 38156842
60758785 70039860
26160439 63245491
49408690 67054031
97969288 46820642
71637233 5596137
87123695 87198040
73992673 44362724
77717590 59478797
6547426 21180491
53839467 15300837
99300841 49098009
98970407 86993785
82867145 35689646
61372156 68264798
88654634 29289475
75891725 16497724
68285202 83555719
17149643 39653269
9592147 96426607
11283443 78733580
76831243 98401683
8906796 23430004
66535284 14740359
65422737 95770336
88127003 34842607
82548799 94556984
78744881 37778788
60481164 95151051
97335262 419462
15454943 7140806
3123267 9160505
18404067 27029800
75211425 62147333
93242914 90979377
33736056 61103687
37042701 50117349
20552493 19254029
11938931 48421991
43786585 16743858
64223625 81423433
68685280 85338761
3153386 12750419
24601057 16956052
48242329 79193033
30462361 28627652
98440165 70540775
2417926 50012996
8143431 37524661
82391806 92590744
29029417 41824551
22378846 51107129
61910722 64003219
24034278 90892797
53004878 94885211
7014647 40773122
47452194 84743408
70640096 5044030
24397253 36710165
1147660 54169661
60444320 18206303
45933849 24509552
25804516 3444622
68136763 51047120
83745185 32566491
39797284 93439320
67970144 5010187
7910019 95161708
28533576 45436527
22664283 34091566
99458 60588033
56235185 46854518
31407638 22980900
60075581 20678205
87764319 73262329
70984132 56376042
90015378 25373654
16436769 60817175
25887099 88255201
57965233 3880859
16709971 43248196
25960853 89495778
93277235 18212462
67575431 75389053
14809242 14482177
67919158 90472530
79560536 5276672
63663754 77038356
1539260 23730822
62337801 85858070
36848893 90794138
73296422 27836420
5055546 24533539
36348683 68821042
55055623 69284647
17778400 82823134
31962488 59076517
65403273 86114113
47627453 29350526
91524572 55738047
97573660 1349590
98113839 25876308
8819565 25679297
71340710 25377500
45591854 47118744
10642276 11017063
70155909 56261000
14311573 29547603
19491111 65352188
58896496 78215548
87764748 85058791
60310019 89131902
38745651 31115218
48793669 25743105
7946423 1475590
8371267 31286181
82667541 5942088
32844320 54288466
23083450 90987196
82282546 1391482
31140238 50268435
14941132 55767749
34039663 72093608
95298079 4723266
42304069 4029085
23480460 3818786
68440151 60184218
23030707 48109612
74190990 78546235
4968431 32824742
23665807 44786820
24919791 79330403
79219734 86375976
38105907 52118628
90396043 41718842
42151853 16425935
68615921 75322720
57737282 43342674
7198060 49066206
20398778 16808457
98211278 22289785
50183412 75881042
54218884 72930238
47153432 3395184
99801353 95436562
2784634 80130832
45979554 51004611
69521393 60289236
59188518 13283901
71991536 806025
43913209 12945717
27222687 40802306
29132128 25134959
14222502 74340623
40674178 69758195
14151636 93198656
16598321 45707503
3582811 58610330
56300983 62094354
47310993 10837289
63126215 21517881
83145362 69490172
44404798 54476356
77880185 63518892
93716288 18626953
2822247 86871003
23377532 14456267
53730381 57712143
75815142 6395740
28448868 14353694
13233954 99331585
90818042 11458475
51304383 48104265
45065098 69503891
39466926 89199345
71539681 63872075
28754653 69719612
34672078 78098669
23586731 78830100
36086149 66435565
63228018 98375209
73110113 57569720
75932304 21829246
15371189 70294431
67992308 7912435
16982522 7867269
27271045 44228430
72872830 19497443
20116605 6471603
95535501 3184036
48514103 76153799
76099492 78657609
71441179 9025342
21014065 24755754
46194982 49094093
90301963 83211261
33183751 78786112
64324103 67963022
58074417 36623011
42097266 5015012
91242396 71663172
84348321 78938780
13890475 57588145
31597627 4173746
49975009 19323165
17215537 13122804
75442924 85796541
37345300 6784858
96645762 85299829
79739378 32611555
74435469 70081402
58750789 99797731
43099256 75340986
89039251 68714254
92997762 81299210
22586740 70980769
28857064 22965221
19241217 80617396
86423895 78750706
76088104 79959531
56059184 3611935
78784594 74527638
81701312 34811336
35565501 13946107
29245791 82131812
47535761 43831733
54247213 10384346
51528366 15684155
6094862 19914741
55991179 95532783
48314051 30572365
18095853 16866367
11989873 4019361
81348986 43319012
74749337 88358292
7945930 95683605
43837178 20118578
58406907 90766830
31676885 10553276
14092259 70726797
15182998 59707816
69965446 66465088
71080114 42346157
13491836 388559
18881144 46424416
92004659 45638230
6992024 75684893
22488605 55123505
22837062 51990066
77948194 91351129
56284335 16660426
57377792 37549132
75946391 60631050
34444789 22211148
66458197 34663598
47771160 43824362
77242886 88469170
42378608 69530945
92402128 31045132
12288230 63756644
74042526 24274199
44741127 8799078
69075820 52688437
28625347 3784360
68972683 89188448
32674957 99938322
79507018 29148023
57782380 90517649
37416333 42945171
73146615 39662689
37284674 69935852
15898894 3097191
84940494 23100331
53025156 25975194
49655326 73196560
71867667 64621992
92004619 37007113
88647430 7820357
36497523 32524775
6739160 1942943
21212538 26132763
46527466 83700590
8797368 45568943
78028521 55321648
98861017 65214350
699415 64479880
14772410 52000426
46726358 97094183
48484393 77247580
71085193 44181168
69877172 29807727
30940111 57523647
8198507 55537067
36380487 95220308
23507823 80334580
49643652 64278154
220506 51717283
29054263 98902541
22568510 40053913
13848795 31863153
19050905 94696186
4465702 4915096
39542238 58549086
17554429 67818215
71052891 25000417
52829104 90451035
54759330 64060560
80002235 13120013
38357965 2673450
52754433 11197890
38255580 19198077
80497369 82135626
52692138 15158799
52798284 78501634
43384705 24814389
5351718 28854702
31223836 37719230
13446827 45330487
72938113 50609766
60835006 83492917
93119896 35209764
4936047 3229934
4811407 51937401
67040517 80388396
95378733 12336384
97727370 21282446
46096903 40176999
1774938 40731414
38492545 63160194
32097020 5240038
62482486 48322140
44893566 80636694
92638230 69147638
44391140 57928425
81988138 19625656
17079328 50366436
941251 77084957
44408206 53559374
19833215 84978281
25532725 19435738
91694016 8681220
95479265 47321336
78190121 5588333
41600364 4734958
42281693 32377198
65256874 60277535
904924 47239311
40337657 27573193
57744332 59783817
75520657 38201315
57255585 38184415
29461499 2233313
30677082 99065981
24022216 86958112
55599259 65925301
17361812 98975454
14687675 27621078
64592996 99051409
37991440 59832321
31166952 93410826
97546270 27521039
71993252 11245637
68226683 15134195
22064989 92437944
82377761 17983060
20709556 85560644
55259312 8798840
96498867 66399222
36201339 58701080
9403780 37513534
37527631 2111304
5285615 64045513
41245852 95349427
41029113 67204506
86330110 83881062
57286009 63899466
17607648 94999656
33151564 41629361
54611047 89129372
27854390 15766478
25383274 50157547
70753017 85929842
95094019 64961007
65781829 44073998
93508209 8794580
92832217 99911163
45825806 30965556
67470434 26410289
99102047 8024428
38380696 75704255
21425909 75646811
57235546 60333070
16645248 50906079
31961972 72152447
64997405 98276300
86849018 79205747
78033040 98003936
9394080 83336861
33769654 62029679
91210407 92463777
46322478 17824650
51628924 31801509
34425911 14626847
21332927 74528342
75764027 47711120
23254146 3513956
89190832 91011088
24459168 47686105
76802168 41900256
1410616 66645839
13192997 49322289
30540800 67459367
2241814 164608
61759162 56194917
7652796 71000919
39817372 23132999
89445413 6868868
9587282 15926367
18567618 68209548
31362531 25500186
4555032 91729009
15676141 49561766
35098872 49069390
54644090 60337717
17497564 47304111
22893450 85436524
92964750 80551708
30804396 92373627
54772469 6414921
13144414 24257120
78781653 21541316
40187764 78083372
67395162 4612578
33773665 68967795
54431628 45032158
1742798 27412742
10584726 57829423
86417663 7728782
75905707 84103135
15918488 42839083
95801713 2965439
83312161 93750376
44715408 67371361
21449820 67909772
47672657 75133342
37786682 35941691
20064538 28408678
53446593 11525293
68818697 28291822
87828718 2450058
54357755 69707243
46433878 6407044
70884505 99692244
6725806 32378152
13680661 3099760
97795299 81012204
35178319 79714034
44282253 83472019
84281932 42928535
42508374 23664698
59220128 77142800
50279133 89826078
54923547 48282056
22917400 90844274
95439555 7739358
68767168 78182536
53740659 43367038
30963383 3992080
92715162 31472272
11370925 26175168
2848083 45041524
9686736 74065234
84387390 59196010
39494197 52478992
16956463 98720426
71321610 54154455
87955717 94762480
49935750 57459287
88744095 52379153
30323368 13398335
98385030 52306496
74252549 10766040
29720915 16905568
78546007 23287108
799575 56496568
81329310 20824287
15255578 18464022
61358817 6657914
6246199 81502246
60966349 17427808
98124144 69794848
42433396 66310619
50739362 92790818
53608448 62352125
35104575 35627689
82039433 97017229
32620062 34762614
46050003 23765385
83072708 10984550
14186691 26136195
60780668 33347932
42116930 32836394
91227225 96931418
49691344 40188289
65931970 18643613
38797358 46789158
2736030 94839616
51747269 22655803
53477886 26975029
11685824 43127923
63362741 2192129
74894213 57979794
60097066 46878913
56810124 20265608
11412039 92158061
30624227 47030816
9693358 85211574
1177397 58818999
27451863 44693269
4385043 5487295
22605533 35918503
1474599 77623084
22827343 77412632
76316725 21369210
88386208 43177650
47865081 59506991
50630019 14671885
72931269 54816590
6709079 34959437
79318520 2315733
67820023 20943962
1022744 48657761
50899308 69337417
21036875 47746842
36367922 35122364
23816735 48368210
12944358 15425354
71167377 34015523
16625028 6373749
93198775 78209230
42373585 50928511
88536788 28383537
23821941 55923775
35989617 58431276
87326660 33728817
56861808 19737705
61624730 11161732
46867009 60227118
14998435 53663786
63482833 6775998
77868126 64094076
88597616 71822646
48812379 37265285
78681511 25907480
16519473 11280852
97297581 13217420
54126237 24818438
95722898 40954797
64442331 12357261
18244342 89049438
36008721 53705315
60375608 2017123
21768176 49980617
92927819 55857661
10215072 37390024
53973210 28784423
65660489 96961373
67368081 76432886
72146615 88290577
73716311 15552816
13593197 58889517
66065470 73719923
33289843 29803818
15551718 18165631
74869698 12934037
12983408 84829446
3765106 86312865
29727909 72173074
53733936 46583353
85864157 79276684
9282101 46912897
47504902 99262324
13616104 37244408
8179397 69535711
27619550 5416751
33053939 87247489
86738297 18132424
59400015 7754856
78736937 19007544
60439609 8224319
77695835 51398185
5425035 51838816
74534918 52773056
55389251 36895400
76743099 33368269
18430607 4918171
4622406 4846326
35265464 47264830
45901252 13506489
36559778 65420541
11331787 34376830
2211976 48337103
39970699 79375158
30468606 60966474
40148572 51156685
91063137 45874693
41704402 40844312
88045745 74446692
71863355 57270792
4174563 14462571
76259113 2157535
86404451 50476344
753441 13973043
84133465 84641133
35890800 3395386
67210988 23269311
74995321 32317094
74960422 1888467
57342960 42057696
24624868 89419155
99715179 64585729
97166854 57229219
56187592 81690805
36524488 41721397
44689554 76599078
67163020 6641064
86609903 49724456
42789864 19437445
84865558 21018378
16960304 2567489
99140788 55274047
62500540 64344520
69540268 92389753
34195300 26569314
52525093 62114070
31262845 98278999
19112971 25635555
87931624 33859566
91459944 5475169
68021561 49420966
48316081 66588953
43429699 71321693
83522115 92722767
71396909 56834793
51304029 15641935
75036599 53387672
27901416 23215523
1176769 32246798
23220756 37706164
43528 90414922
90670839 41904954
54333246 60283732
33540683 28539245
70957804 78879514
79611465 84309811
94033279 25173672
46059012 87370327
33337455 56313764
97097683 12210504
30206512 56276108
60056257 21657911
5090074 16189387
95133247 16853195
73931600 9229232
66946866 60565203
19213193 50847156
2495720 71242165
1363189 8212004
47018750 33563503
50108469 6533392
69602332 69099458
10466774 22162639
48320579 16841650
96747307 70342739
5358691 36031257
58679337 26413133
50351502 1119535
79120105 24589448
81428821 8526479
33304352 68241456
14655220 6805891
91299802 71593040
88660376 34868222
7040482 29748259
83191866 10895655
17644343 85268083
27909827 47944059
38168494 72497643
74806952 59559363
61975749 80497905
63272882 63710942
70274019 27163709
60704691 33583537
10350462 35677679
66376248 32577283
84574184 88551580
71167286 16167398
62129873 33606594
40390701 92579715
3685015 3621863
38588086 99969324
69948683 92366468
15412200 63400703
1000
246 656
207 10
269 548
758 681
840 689
671 208
552 993
397 691
865 298
607 1
406 943
56 832
91 390
607 887
873 720
15 306
149 964
336 505
721 268
532 337
426 790
84 298
825 508
561 847
754 20
851 185
784 697
13 148
734 529
503 249
631 933
915 547
168 556
144 578
281 600
490 10
447 16
39 12
109 804
252 164
702 428
222 346
149 49
850 362
5 378
702 532
961 344
517 837
454 962
679 995
219 434
102 133
32 103
202 921
372 33
614 219
870 392
57 197
677 549
974 17
215 503
452 713
62 880
383 520
703 357
621 175
897 26
194 664
780 315
124 750
815 12
448 531
648 866
523 913
721 87
922 258
21 986
898 175
15 165
256 589
475 94
739 475
10 86
541 573
643 29
758 549
637 76
609 565
838 897
372 566
919 503
276 339
486 443
399 22
610 896
217 155
754 347
8 257
791 640
15 820
37 396
239 229
38 25
73 663
127 541
181 508
737 163
814 870
34 552
804 399
809 639
832 562
517 878
716 287
759 807
449 299
507 152
110 710
163 795
40 699
380 335
877 867
167 373
295 394
385 515
7 289
467 148
895 210
867 742
735 167
506 900
786 508
828 258
278 616
35 11
783 72
979 334
268 588
975 676
136 824
363 419
906 12
369 583
206 324
900 180
634 249
960 109
146 646
824 160
228 748
797 128
916 782
742 946
642 150
443 792
399 702
809 825
348 144
481 510
91 903
945 655
700 131
353 212
825 729
631 940
386 961
940 482
305 638
116 459
863 497
570 497
198 350
490 283
229 6
709 507
872 51
345 462
445 167
158 40
943 78
18 925
63 583
141 353
150 279
958 353
516 934
60 456
12 312
486 947
94 756
20 261
876 465
420 12
157 956
62 673
501 764
999 732
931 654
658 310
601 817
74 205
344 403
314 620
378 554
382 136
726 189
495 348
311 903
218 654
349 211
305 1000
738 755
345 560
350 95
42 752
340 4
34 902
395 498
619 765
166 742
256 226
261 758
572 393
385 351
363 390
539 578
351 868
598 955
597 849
929 817
141 431
630 185
229 148
662 763
447 555
274 74
878 722
771 440
453 34
251 217
544 923
242 955
433 397
554 260
532 279
331 740
276 675
504 175
876 880
535 132
558 535
517 273
783 591
392 676
217 129
292 907
384 309
567 989
70 899
253 991
799 578
284 257
293 357
760 966
189 217
72 151
825 656
672 304
228 745
501 505
304 198
828 935
515 20
203 625
318 743
287 579
477 195
740 630
514 220
312 374
146 271
545 467
6 278
849 425
212 152
281 727
915 575
668 412
210 289
495 461
993 167
424 160
215 441
836 429
195 960
599 392
378 930
64 504
983 250
650 418
983 957
164 903
185 190
770 506
156 643
842 619
448 493
248 527
139 468
115 37
70 617
13 354
222 187
967 494
516 754
890 478
197 127
999 368
386 898
824 737
561 314
933 874
850 81
952 511
267 13
73 855
981 408
227 910
589 864
245 686
475 104
50 634
398 518
145 218
942 987
325 978
297 134
702 51
959 409
935 264
542 922
662 313
663 732
280 164
582 963
2 847
982 67
952 664
707 746
858 69
534 794
370 636
989 264
191 508
952 559
149 330
444 813
251 989
196 573
484 282
244 540
926 633
324 316
830 710
491 364
34 666
353 709
221 759
555 711
215 783
755 362
419 21
166 654
919 34
77 971
591 730
196 1
602 637
901 618
339 551
222 875
754 159
903 894
440 924
333 531
703 115
194 186
744 186
243 59
802 593
328 87
506 83
600 300
541 746
306 469
128 40
453 423
624 239
88 277
827 65
299 252
989 576
148 576
12 312
387 358
621 64
743 200
443 926
254 124
791 496
762 869
83 371
710 744
422 287
165 192
996 296
843 459
187 279
898 419
575 951
966 574
622 417
873 414
252 537
25 537
753 599
557 74
494 447
131 215
812 280
925 505
693 304
423 863
392 239
451 563
497 424
933 499
7 340
799 825
205 502
246 12
353 879
163 861
16 460
419 394
816 371
40 615
997 914
662 336
541 984
550 72
955 34
351 341
791 455
608 186
508 164
543 308
49 241
693 949
530 674
127 316
796 15
534 386
244 349
304 998
800 170
438 907
780 925
348 301
815 204
556 536
251 451
899 721
481 436
777 2
922 458
902 58
423 60
664 331
226 593
686 970
267 686
464 426
668 593
932 938
917 570
611 451
641 68
170 363
687 424
953 84
786 955
871 653
945 251
869 488
384 766
726 475
933 131
318 240
164 934
232 44
995 113
917 915
359 294
284 2
957 494
93 804
705 117
877 774
675 507
117 619
461 852
642 465
606 265
63 530
675 501
439 60
544 337
195 969
379 121
978 871
98 780
779 761
632 856
685 396
44 748
544 284
489 612
354 284
47 336
867 433
497 493
321 952
925 699
892 244
79 133
67 609
270 524
653 27
149 485
305 600
828 590
943 529
437 973
428 757
527 177
546 550
166 454
478 282
280 286
32 76
914 787
55 992
233 606
946 203
850 379
928 416
811 314
217 108
335 343
202 355
806 139
629 304
154 825
862 666
915 610
864 745
316 898
566 477
500 800
186 183
678 258
386 518
722 478
102 52
337 474
419 774
692 462
107 648
870 381
306 126
438 223
539 996
262 634
761 247
294 996
302 513
402 498
743 345
95 348
678 241
298 535
591 671
642 986
452 308
145 682
521 224
687 174
609 876
375 403
31 118
719 673
413 32
732 540
544 282
724 324
26 235
131 405
631 916
999 592
768 526
979 864
116 167
392 142
746 545
919 662
416 154
768 239
983 397
782 631
556 647
505 788
761 851
690 772
474 751
99 639
528 493
613 648
673 507
615 919
854 99
926 401
484 292
952 591
4 678
615 27
35 2
980 718
675 184
769 693
672 55
350 255
723 929
222 296
922 276
743 81
838 179
253 614
684 466
319 615
709 653
880 928
334 898
991 265
848 810
760 622
217 709
553 264
289 83
926 706
510 675
189 653
553 760
162 997
527 622
917 673
913 754
639 591
819 663
441 405
361 474
453 209
381 535
995 795
691 442
845 374
982 855
43 210
23 770
455 604
757 352
970 468
208 811
366 623
380 850
578 179
5 343
58 142
381 527
492 903
927 894
275 674
696 784
896 312
321 17
812 773
646 934
815 545
634 666
356 336
561 554
307 442
572 337
494 883
544 396
316 76
287 751
697 912
78 423
244 696
541 486
79 855
243 914
851 199
199 150
26 874
16 967
931 930
22 728
489 786
270 903
460 82
522 206
158 767
839 162
399 816
701 808
298 307
931 803
774 614
480 927
318 550
811 65
530 571
268 868
83 122
592 638
674 570
345 265
82 431
227 675
730 530
241 431
84 295
342 961
809 30
764 717
874 915
545 113
536 686
269 494
421 363
613 771
833 842
155 66
998 337
491 986
724 221
655 467
350 285
684 157
410 807
404 473
765 513
642 670
901 849
937 477
598 85
541 533
862 909
535 385
673 211
574 245
629 698
257 773
894 620
358 142
683 482
862 970
992 256
166 752
826 382
824 209
462 457
480 757
275 176
600 700
115 543
724 62
821 575
902 395
750 764
515 572
852 998
900 640
553 97
662 991
86 141
539 619
814 414
823 138
182 189
579 445
196 5
653 4
549 246
670 440
181 526
251 847
963 11
981 491
218 595
841 404
522 524
288 98
36 996
896 915
97 426
762 923
340 851
434 271
836 863
114 1
635 81
438 799
66 114
457 188
106 822
479 910
980 797
506 342
282 444
629 203
540 649
556 30
132 627
666 119
570 696
256 600
961 293
757 365
848 961
257 794
690 802
465 469
822 407
454 743
527 676
998 823
965 282
129 191
171 4
885 469
775 307
10 739
430 106
831 128
5 970
444 629
440 24
109 585
895 34
798 869
908 870
393 657
542 331
657 5
153 830
339 344
412 503
688 765
194 561
644 504
113 149
946 870
366 575
125 227
215 303
976 65
527 721
736 1000
134 30
429 608
855 2
741 480
376 612
552 483
221 480
764 134
333 144
939 779
227 111
161 953
975 253
959 18
530 158
130 492
910 690
140 952
276 838
977 374
507 602
684 287
72 906
232 17
368 789
239 534
440 72
591 901
189 740
648 360
829 172
375 605
268 256
206 110
296 4
481 880
822 106
995 863
841 420
615 745
842 443
255 862
659 419
833 583
995 212
68 68
518 819
40 988
842 430
907 977
867 996
317 552
695 571
741 86
322 783
897 958
924 586
394 476
638 647
366 957
409 526
68 21
39 147
43 576
799 462
716 801
45 652
251 478
848 437
707 697
787 276
167 481
484 451
529 159
160 412
606 177
797 720
671 835
775 908
370 369
4 591
504 302
423 814
69 96
880 864
43 802
906 658
999 368
980 460
778 335
746 746
337 970
537 652
318 446
990 39
293 839
39 530
327 904
528 337
482 144
640 237
535 263
129 34
315 917
460 975
247 484
50 194
800 897
172 946
439 774
372 939
674 275
530 341
242 152
16 469
555 61
902 827
262 603
15 458
