50 250 1000000000
12 29 22377
4 33 7239
32 8 38521
45 30 13100
7 10 520
38 18 3479
42 39 49567
28 37 7974
17 16 20792
25 48 15428
11 12 56
37 15 14191
28 48 10198
48 43 39127
48 49 30989
19 39 2758
48 32 21146
16 9 29985
39 28 25052
32 2 48351
9 12 8762
17 1 21228
7 30 46776
6 27 16220
33 26 42520
23 45 26708
32 44 42339
27 11 11050
13 50 8779
16 33 49480
17 44 38643
28 10 48645
8 18 36724
35 23 7753
6 7 24830
25 31 38476
33 12 2169
23 41 48180
24 5 34481
2 21 48215
33 37 38458
26 16 37969
22 23 44586
48 9 1211
50 14 30617
29 39 46498
5 23 17961
25 47 49801
6 21 4706
38 22 7726
3 5 7212
12 32 44629
31 3 24854
16 50 11012
28 1 35676
45 32 7716
44 38 3840
4 12 16386
7 20 22756
737 1511 48080
34 50 2123
17 28 39555
19 31 21572
21 45 4800
4 887 18644
39 41 23578
44 5 39963
50 26 29071
11 34 27150
49 47 2633
50 21 11651
30 25 43571
12 46 23541
6 45 17164
29 40 48519
1144 774 47460
14 7 4273
41 27 19636
24 28 24586
20 12 26336
40 12 35865
14 32 44378
12 25 46536
6 38 44364
46 6 11931
25 17 3074
50 32 532
710 2496 27060
37 45 29617
48 30 17007
9 46 29422
41 24 22083
15 9 49789
4 24 13886
11 4 26062
28 30 9012
11 11 12586
33 21 35795
1446 2407 33589
21 4 25115
2491 1308 7057
23 1 42448
28 25 22685
39 30 48747
18 9 24110
30 20 36695
12 42 38841
43 50 22429
39 6 46499
42 23 13267
429 854 757
10 26 28631
36 11 37221
1124 1120 43890
20 45 45314
31 38 506
26 39 22934
14 45 35785
7 19 15403
26 49 32511
4 4 20720
31 35 24355
43 7 49672
3 47 23295
22 16 4141
37 48 29130
1078 538 15918
14 12 24047
2233 2274 5324
29 36 34346
9 20 8700
4 27 8371
6 25 48017
28 40 18509
14 39 47638
8 14 13556
35 1 31819
48 47 9453
13 20 44185
36 48 23220
33 9 41542
35 12 36370
5 19 1594
24 46 27235
34 12 33575
22 19 32988
29 5 20439
49 2 48287
1 14 31459
37 1 39158
7 34 20966
50 18 28579
21 24 49148
14 49 11145
50 33 22006
24 6 38726
1102 1932 8530
33 38 3985
46 48 30221
49 6 29677
34 21 3378
1 2 13448
1475 43 41463
1888 1014 8401
2008 4 31697
30 42 38243
14 40 42941
35 38 36796
13 21 17968
2038 2098 27719
19 3 44924
14 16 19684
14 3 35697
41 5 33745
50 10 3725
44 3 27688
33 43 31872
22 40 48437
42 9 2027
16 28 35416
15 48 10268
41 11 14536
24 26 4338
21 19 16895
15 20 44454
41 13 26608
29 47 1702
2 18 13591
40 11 9800
134 1593 79
28 3 30533
41 38 19156
1036 1372 43476
43 6 12177
33 20 38785
13 19 40486
17 36 20429
6 47 46580
24 24 13010
7 16 22687
1699 1706 31327
45 26 34033
30 49 1925
37 25 14310
9 11 32522
27 49 37490
12 27 44946
10 6 39619
151 2103 23277
385 758 23430
24 12 24790
5 10 26715
42 37 7376
50 49 6249
26 47 43739
39 25 5036
49 32 11006
34 48 34282
36 1 6820
38 32 26057
45 7 26468
35 11 42130
1 4 18866
28 5 44516
26 30 26863
14 21 19037
1 19 33971
6 4 1968
2261 1981 28420
3 17 48975
9 34 42111
22 15 28313
27 30 21890
32 46 21716
13 10 31631
33 48 12934
3 18 38889
8 38 31830
49 7 31590
31 12 23758
5 20 42393
18 43 3158
32 20 32787
24 1 23284
2273 1248 6995
312 447 4700
8 49 44776
8 8 42717
38 19 16474
44 40 8866
