5
15
972299316 547743693
301026820 376655643
870951899 676461914
242952216 107255
36056778 128219542
706674883 890647487
113427694 737778900
195281890 575921991
859898294 493442825
441920023 933297734
80675481 486806095
240408395 274957528
679646606 722832739
683477287 693890812
127692690 895632935
15
335631769 48460567
2894118 761885728
739670358 724485231
727090894 111383289
784250450 814507441
227146644 482671870
331760201 541036
382305154 33101218
222446906 297111188
216578091 891814905
802318311 54928640
56832291 3374398
48230998 676980203
67428483 43668815
954104402 112232567
15
86948710 163765036
260809195 135264806
168500334 321613692
405759474 444247903
316243520 515371784
668630142 504414191
925364227 720072510
799621994 61702021
229561829 52969647
23459028 959767093
9564055 536200081
567322528 69619958
161279692 825539134
80939507 301240868
377855422 946539443
15
432731064 875435518
355341736 217988114
29733663 308860713
669025613 772550944
324773144 175614763
26281840 11451592
183342044 508157681
706644313 909686678
585573733 237377866
714162519 444050237
335469041 451923306
559691064 166858001
30953603 811744616
50398931 271124622
894326626 928222400
15
676695167 769153487
10696344 267707089
112960409 120829975
869257845 873340256
946363137 975949900
985368585 21304084
782194590 480792439
152589741 727148024
831456470 583859526
849430906 375186940
210864918 758572682
727482320 419922803
577263184 60935610
802763217 652497302
696265848 489711469
