5
16
102847521 317319046
318842879 680612387
46924026 405807382
24689042 326125049
457703516 6001951
632451666 971002498
40195949 418482941
24667510 944442812
617741593 80845296
60253499 211162311
189416077 511105947
40806753 744556138
847335357 37006982
299746734 54791565
291049439 7932060
158513770 420707264
16
400670505 407961069
929765350 727819196
478673297 193052787
291402827 216600660
188230254 150334908
917509993 468512410
864467147 257783333
571592093 589369039
72392693 117547124
345869512 922080984
335461888 201804880
840452814 869452991
281064002 548127940
87057433 610021682
416533462 126362305
733876756 263105027
16
495591729 227063684
737122786 252008630
286764162 266304542
525779490 266678896
105335095 928085735
171571438 432450871
793206463 167295938
973335109 803771918
131033933 868895607
550024749 797208097
90202711 953378353
428332845 906757437
797317911 259812864
342431955 795714643
538365709 583489881
721362480 206555129
16
817815784 399292773
841436386 676618367
305393566 449701749
187665517 950452031
357419052 964477124
291191064 324688717
722675940 67288378
353287433 645386484
542603614 51318818
295227624 843194144
905197811 40787116
426898017 393695715
554728771 291339885
712764070 227327220
861569199 783791578
709125355 16041515
16
745254207 938660623
336784730 669111335
528704890 128778938
499443330 30421972
988481541 362945241
638244004 684594294
851808407 427795927
411258505 488597019
289293993 558823429
972530686 72390644
919190522 330310165
16718419 527979223
40426254 438367135
11283165 285780414
568591786 859180448
583284596 924211269
