5
15
939157356 979899383
473595227 394040022
671360330 884429303
464859163 9401975
256300550 225126764
624989419 403743959
155994342 517575892
476295973 359334676
279405302 716436109
382580004 837712240
523656580 11038044
278572747 352943057
912299170 850079975
143520765 237362752
257418664 858445883
15
72810274 988147562
861347247 56210503
20094377 359047970
4861463 191515742
842295425 713051357
990883074 6793913
678983326 939715125
196186070 913895155
191915898 855244135
162414015 454946955
991700881 904525780
842193962 393245029
72070884 387101828
737634123 442785866
652505463 648839838
15
930943129 185084772
101978579 355155953
122662221 583246530
681446277 24871790
4535526 798616282
588586909 793040812
565989288 46839042
263568687 623314275
366933272 756859894
849749974 855567857
702585473 621816405
104312364 538998233
775909747 26187555
790917203 26902334
57076799 70129737
15
416331375 947287148
872025724 855266065
965433130 402121296
956594052 113691306
53601327 869999355
239387896 57008298
561488559 379033635
812396344 495133063
572046815 530478497
687075820 216323869
757485943 161094644
106887806 111881003
658583093 414220989
14671005 529586646
561211992 817935169
15
748655292 371749924
896677926 329437931
367982737 86028930
165399655 124435911
764648854 31952191
48106215 614805767
520376716 149856526
8126199 211355010
876608755 333565320
113315309 126384688
638599058 72802728
906985888 183275184
340270837 504315469
760728813 666660290
637945066 281276092
