5
16
359715812 580393216
271537158 312201444
42386483 404978225
150391415 545545854
248056109 522231820
52838604 329884737
191832068 620954200
824370186 46418520
863689520 525973570
949608376 885499791
66539754 638343897
852473956 790686681
10424242 899446673
383148062 737565386
102899401 426152641
829036283 946411038
16
345398728 718972765
721399684 554696324
466755719 633303660
504087022 916866110
580304457 3607097
3924468 589499560
993328549 879819025
173922113 273243568
470293748 726917923
13649024 945105511
532074709 315481347
835035107 473828739
762303148 503970856
494560669 569742302
153943838 323892078
780116584 447092469
16
67805636 973793216
426274213 61259139
28781081 735126518
856311453 233092520
828790348 79432613
301721776 963708649
536170200 877931034
679744170 16011638
250809979 851126026
106341085 10083620
853573304 720193804
349154717 972300271
57382486 218073116
993403842 103658611
498596320 140750873
720996649 408266865
16
952111794 992038096
11454276 858301593
120569445 173839164
445829445 341822074
350078934 791517948
372935203 555601989
588217315 931498212
128529998 402284270
60068911 372339883
512443451 8763792
688346529 890698605
175534818 831199208
520765155 796221994
120260673 62244568
713770724 875022405
282400727 299111654
16
229658417 527561496
256085569 624201636
534882607 704602379
78608938 284317204
355156557 592246227
148760437 464366624
749519952 368458311
567000759 365535233
676304958 900829347
392146185 819972246
84382945 428824327
68161670 772157407
454212935 507058678
858173649 873155971
641208133 808638168
687354253 230199628
