5
5
148009991 943610107
904322204 300351760
148235247 346491745
759310655 973696061
543127398 447552111
5
2357678 118229685
974828261 20821364
3842228 721289385
654148908 373919779
722008226 279309808
5
109565373 352190741
303699405 969128066
386016094 202111044
324096270 89384701
767603355 769830801
5
991792192 499813155
392219714 780937024
878363334 257375321
537529317 233662583
613179394 102965802
5
61783643 168024002
807478751 881888962
105467968 958863250
649208648 561883508
874499184 206207673
