5
9
390150831 511748405
167897744 960005872
209434759 640360222
92876165 215484242
821557706 575131886
492343803 627683038
460694132 438018950
559860959 348605176
52454405 145102187
9
51517925 715359721
466375683 450873671
95754755 651049306
439898742 368844904
378749428 326029533
541851755 631792959
222419126 122109028
291227250 306873827
333415949 267612872
9
241330975 524639884
928510206 69829700
440875405 288494616
530378324 39777015
639285206 472350345
804011806 24350053
89615772 972235653
252600111 820723446
169982595 677331156
9
395568029 724427382
159956148 258893542
806971715 969873044
130303836 261956427
193139519 694192227
209185067 941833017
289511796 793690076
518947542 624031241
764307209 8677466
9
710995349 104036282
162285800 900916508
170766758 202222445
740928576 427958214
42304200 63206375
18738436 115519201
112003265 52846098
174732393 826422870
691200472 621201788
