500
179167877 34077717
786056997 681540973
782309817 663982816
796076726 764188432
232171966 56984695
77244589 6676103
368970020 135332999
459325789 204790716
776998348 642810715
487413900 228981491
720623595 502240101
426807547 178111674
340643218 116901774
568607378 305726514
722518628 505747842
54790211 3657482
794980259 750148483
752125222 570167583
746469418 556361533
63231493 4687590
771908028 625543307
766937911 610242318
757473006 583986004
577764408 315284434
784881936 675610589
496460882 236975887
781571915 660822365
376426554 140385535
49350578 3056272
218895740 50949074
747550150 558964711
754757180 576828246
717131104 495929117
759847998 590401079
564806133 301815206
774373518 633737526
741050260 543732575
755556633 578905913
758063990 585579879
596120588 334724580
172256196 31385333
760937027 593352477
108905774 12220471
473470672 216805375
789290296 701237097
136001239 18954325
530887007 268470328
753022446 572412572
771129668 623037305
666824717 419990144
410844002 165529581
451355782 198140459
470309110 214079055
736525901 533728872
89536451 8561492
745458075 553949190
264190463 72959949
184418948 36180774
649202286 396712953
791491973 717366218
196404603 41127351
80512315 7165989
283757352 83635039
60474637 4332375
795252463 753351419
636055619 380610080
520658187 258959479
790749326 711704956
692990503 456936216
380491407 143174926
618646530 360054797
176417136 32994502
125091634 15993417
586724397 324693699
787467115 689562307
201588458 43321999
19208885 744989
537121841 274452414
613806723 354499827
664804942 417235435
221811632 52260587
575285971 312688303
523213254 261318427
499359354 239578468
759177126 588584491
394477605 153195519
773582731 631089597
793320383 733317144
788862149 698251517
776410777 640700958
44034386 2545526
387219996 147920587
765926919 607298553
620978200 362755222
205800667 45152972
141251824 20489015
186758428 37133793
225989973 54147057
712955599 488745318
696854403 462712972
765039272 604721983
796730016 776980577
717998955 497455264
703844178 473645521
610010643 350181112
797077326 791818968
794058891 740490532
794212946 742012645
398695714 156312171
788258425 694407879
237417776 59435223
193409345 39871687
785268298 677478217
270633064 76391768
314838447 101385007
723875764 508305119
343603499 118762279
589183269 327283309
190731281 38754855
735601266 531753628
779881907 653810425
627055271 369887079
273333283 77856197
569296607 306436337
676082711 432778636
741995517 545873829
57664122 3990570
594226209 332648101
630346741 373764384
797038852 788991342
490173881 231410348
786358932 683209123
321602795 105359790
784605833 674281640
792725793 727945281
22577671 959498
465066786 209595459
603257463 342615992
792299194 724208747
764223048 602361604
749801816 564431102
554293075 291198196
732260299 524684932
791746808 719425600
726877223 513992741
611210173 351535524
82351410 7442014
796625595 774482344
147107987 22385893
501267959 241292944
646896599 393839382
348171643 121662677
774838346 635294689
354306144 125637615
642467139 388372799
728002357 516168078
204349400 44520341
50975696 3234841
681803306 440775264
561161492 298081435
683531129 443222768
694948398 459853037
241880433 61567315
216862933 50035021
540101007 277322084
94332549 9355834
25455007 1148970
158889636 26404899
419367009 172211259
8703932 167290
660233658 411038545
234566096 58098067
382571505 144630034
709927370 483658296
767198518 611018101
345273577 119820156
571056698 308272049
515719498 254402678
787935713 692403460
796215483 766264970
92609805 9068464
361155889 130113434
699027598 466042638
303425456 94737985
656125726 405576976
251001637 66105746
439204019 188129585
10316161 241330
30484575 1485740
373814346 138608066
551884707 288798562
651952760 400183001
631755538 375449863
736074653 532763945
707226762 479151963
725498971 511364704
32932610 1654495
351329011 123702371
616337316 357397903
502400133 242312909
797003481 787105097
253966929 67627186
748907744 562251597
753922325 574684812
6278517 99913
19861060 785660
256429798 68893588
743821865 550102930
782754478 665920283
169321326 30262966
65730037 5031169
743204746 548671253
119705008 14689655
663637190 415649336
265991418 73907221
781967374 662511342
0 0
349200667 122327189
555689903 292593413
294819710 89818150
442118095 190521537
573419419 310739007
228847939 55454696
106873466 11791167
152175537 24067905
711604957 486471988
371666067 137153050
197899213 41755305
796377229 769292904
785117210 676744565
792607713 726905483
634203590 378379625
737847401 536600453
9393827 198761
793580778 735803779
215140226 49263556
557730447 294634186
763349413 599933887
775461869 637389856
117507409 14172746
607792652 347692151
358527268 128390631
365607982 133071283
794672963 746736915
733345669 526962303
625035903 367509688
729498720 519067595
654720073 403732239
795487207 756269488
359999354 129355314
103775464 11149079
131284902 17612332
714628016 491585532
705433684 476216356
239755680 60547231
182251412 35307376
509811705 249004168
706648008 478199354
792103360 722499825
685608746 446196707
750494621 566131778
434450323 184260337
534581654 272006134
791132784 714597901
562725188 299675650
199882069 42597083
784291733 672825773
713087641 488968876
483034164 225135832
275009843 78780719
414352441 168275985
678760443 436515053
796523061 772256235
122603998 15376618
333943434 112792920
248022789 64586196
700234750 467931904
39597430 2152139
550374031 287308015
67200752 5235388
645010238 391500700
53255515 3487007
605086506 344656830
478664138 221308464
786911886 686267980
289254319 86701876
466215384 210562392
715473628 493027186
719451353 500102549
653359103 401963269
630204614 373595478
704424891 474576032
155065732 25051854
677221058 434366127
638907772 384051891
69787802 5595742
437544329 186776827
85080870 7852816
99490614 10303846
110705501 12609419
311806398 99611695
770439859 620849979
784058476 671749032
673282536 428886112
762544269 597733474
504489222 244196521
454172872 200486826
167263580 29481973
668773749 422669852
793794384 737886194
210648963 47279859
583999826 321827880
671029607 425777952
41202548 2293524
794924355 749523437
395021817 153593887
448109920 195459342
797096901 794677013
746000697 555232790
362931174 131280315
755466836 578671102
102174862 10831559
333515285 112531839
266705741 74284174
769535608 618031972
796505978 771888002
598241189 337056939
604566771 344076896
306187087 96335800
600888432 339975053
247227141 64185013
277401295 80102541
593326341 331663877
400450241 157619353
692123255 455648456
165910139 28971150
73503956 6126856
207948030 46092206
12924138 365695
778321630 647719375
417422175 170683129
245337723 63243065
701933462 470615466
721786675 504376875
163723533 28152924
783375285 668652683
230513280 56217796
761426585 594684083
1424325 6541
507515507 246930020
475551621 218608386
496708395 237197878
45756621 2707017
467174099 211380866
674101419 430021483
510649391 249762167
796958320 784739919
389798043 149788700
224729905 53574196
449752863 196814865
567021032 304093275
795899405 761554598
780482359 656279746
258163199 69797064
486082469 227810753
748199587 560533673
432058649 182323475
330471611 110693115
115021919 13589626
661348562 412543867
546626910 283636627
317004092 102651748
769312437 617359227
300427472 93005928
143162025 21102040
795123558 751753790
781010801 658472791
622476825 364501910
549512789 286460399
356931364 127345109
542626392 279758750
628263975 371310094
641450715 387135419
436237425 185713566
532357083 269873991
278526009 80724698
789867315 705323242
518220406 256710058
79197197 6968829
734388955 529173103
770154763 619946925
793023717 730612270
161719403 27427764
378243394 141631212
144056856 21389642
338618500 115658421
326664905 108394962
71134110 5784830
122299834 15301577
777785852 645698068
12330902 336914
638453969 383503483
174171633 32122717
392804439 151976192
796832418 780132375
795720547 759203827
495017813 235692549
544370710 281442551
291759980 88103265
739755424 540823030
690495477 453245147
157207123 25801621
112237476 12950865
687326745 448663389
796758610 777856083
772763442 628358601
783523897 669308774
757089825 582961940
462330566 207301818
96845843 9815144
386824285 147639821
128151045 16777618
775723639 638282743
261216754 71398093
529159929 266852416
581955551 319682163
243317926 62260451
133311323 18186455
751095918 567619852
512747696 251667924
560412270 297327098
212495372 48093627
3530163 39040
440247124 188982926
679801264 437971418
14880280 481376
86915933 8136534
35744459 1848722
324670061 107198042
341465317 117408467
689382742 451634369
738517269 538058032
493075258 233965755
421181533 173647626
149452055 23155786
16834725 600315
730984935 522059609
580509213 318164058
297884530 91555885
790451585 709498615
412348563 166705383
408273671 163536455
76040673 6497948
336389938 114291049
785636750 679365121
384237169 145805910
790593628 710547477
188571560 37872418
445183458 193047475
472038571 215570376
708331316 480992486
778957800 650188945
796459446 770886442
738856302 538814186
267562514 74742918
367484567 134332344
286602564 85222348
28197852 1332059
790289498 708331752
768269673 614218672
37043253 1950687
327909377 109145710
756405809 581140962
47957213 2914226
480436390 222860379
591326923 329549159
794476009 744637121
456465592 202401027
406009807 161812830
767943273 613238850
657904680 407923312
138460594 19663128
404724673 160837868
779259335 651361832
319384016 104049035
787094896 687317009
396465177 154659828
698110398 464631906
402911028 159466379
651263853 399312258
744962399 552779497
281289831 82258466
429777996 180491645
308782065 97842988
789556566 703111764
424308921 176123326
596629102 335283075
788391025 695239327
526115024 264010049
796907311 782465673
