500
78276396 14364164
946751844 116499132
64859815 5995383
120176229 80264527
57692584 2974787
105118149 41784960
104724472 41260896
105596112 42428853
51000719 1179596
119241639 72220679
47732250 613204
42144662 28256
110447651 49850923
987417212 76166992
111017157 50833394
54401245 1985572
957110362 109877832
999999999 41006540
68716390 8071085
116611692 62610126
96557338 31328985
929990017 123953205
94923345 29485910
50301114 1036097
102420778 38317209
111576227 51808768
934590330 122412939
63712363 5423688
107204898 44658704
118375450 68108984
119340507 72778700
119175017 71852649
97254193 32131828
83338291 18372440
108237838 46214154
87931233 22385572
98133198 33149342
953381993 112522931
113627454 55693020
120185762 80556991
113730699 55899511
928695720 124302657
94028497 28498213
962147917 105838813
86795709 21347875
120208170 82096499
32417129 61723813
983391074 82063820
992502712 67277186
101354330 36997826
109771564 48707774
46970804 502367
100189314 35582003
89072249 23459307
119404834 73160099
995975101 58726695
116343915 61913100
103403420 39552350
49171844 835703
72283782 10225156
97576693 32504857
47451509 572221
120071244 78332286
7508131 83206059
43211241 90861
52933479 943666989
942921974 118517071
116655363 62728128
71284629 9595305
43749119 57337512
53090992 1655133
43261515 94387
16120897 73244508
82863508 17979966
70429201 9072294
85629744 20322126
111157602 51078204
44982620 258222
73521539 11030967
44503826 207038
68352877 7869832
93307739 27714916
110642026 50185021
45180612 279983
93082526 27475063
76788077 13285844
88232550 22662880
63384248 5262805
948406066 115528562
74715043 11833174
41660406 7147
114702639 57958227
119514831 73849551
120164263 79979103
106534439 43708480
67130574 7194264
67510299 7403922
115668377 60208419
118143006 67233341
113817032 56073400
117958830 66593155
117873259 66306070
119967891 77142503
119272371 72393307
66850779 7040341
118992564 70868428
997251919 54640409
70145034 8901476
73238784 10843787
53288792 1702675
92735273 27108255
107874242 45645221
999688731 44572675
78779547 14735530
84672992 19498640
58957363 3407708
91825980 26168785
91277792 25614916
981643449 84507323
92366715 26723814
118816675 70022250
998706182 49459703
999916497 42023718
939020683 120407890
115810721 60560612
68944321 8201307
43814068 142623
958718284 108630715
80578575 16118901
951967384 113395351
118293486 67788102
77138098 13536448
926712836 124684238
84006264 18930850
49529793 896901
85021277 19798061
55096865 2173728
120152352 79722629
120019397 77710817
101032395 36603756
53707114 1805222
102355653 38236321
45773002 349287
120115899 79045402
97813409 32778863
106375210 43489219
61382552 4337398
101940034 37720930
51486680 1281202
109461519 48192690
115205943 59106759
77719782 982589385
61196493 4254747
966691963 101784585
66553755 6879572
60008737 53209777
111650389 51938443
989621130 72673483
104821575 41389518
116991319 63647604
117580460 65363112
113069137 54589132
73851034 11249312
25429136 65585749
994609269 62350802
110104067 49268464
91561283 25899886
21255269 68622280
999573005 45613630
936261883 121690210
99463661 34717079
46571615 447489
87105325 21630025
118444693 68393873
16824800 72594813
54530320 947771313
3248316 90950710
63099718 5123385
988791871 74050946
120135440 79390659
79676884 15413839
119945518 76921144
965164394 103222074
119609637 74462972
45391287 303690
59684687 3674105
51939122 1383292
95644816 30292580
58022437 3086046
65838541 6499916
118730295 69631797
92198936 26549887
119889223 76418308
117463665 65013115
46710608 465691
62735546 4948022
112905261 54271410
117617889 65480827
986049384 78194307
112623598 53739254
100734446 36240999
113253260 54949614
968606050 99967255
945385895 117271308
50723726 1122317
110218227 49461928
119462556 73514486
120200421 81382530
81503225 16867464
119563587 74163444
107668842 45337110
925210131 124839815
104032841 40360363
60921668 4144624
982690771 83058113
960411592 107254373
0 100000000
89867495 24225997
52729408 1569308
999204161 47535090
38452757 59383110
103588278 39788042
109604534 48429098
55922562 2412702
41310405 1336
49276314 925036053
71068207 9461055
971792761 96828547
64082541 5605216
114250540 56978179
118455654 68439036
929290526 124171592
88709685 23112108
980086105 86615439
54297786 53892326
90901580 25238756
66912907 7074502
102894526 38906801
76130873 12817379
112218389 52979689
117533189 65220558
117166420 64140766
86412400 21002209
80225900 15839606
62521607 4850532
93808731 28257170
51753375 1340885
114870407 58333522
70822022 9309208
69965132 972342571
79842180 15541911
67054586 52552148
69589474 8571943
100418261 35858425
978504579 88676172
66196431 6687041
94606691 29134823
69249093 8375814
118973768 70771699
996833092 56032427
53405150 1731125
117215208 64282690
77306763 13658272
85816421 20483485
86759618 993517535
45909506 365676
115564843 59957273
92864678 27244928
119102832 71459179
75704101 12515358
933575117 122775857
993197780 65738951
108931299 47328978
41006540 0
103184362 39274394
74194512 11478371
76425911 13027132
116471191 62242442
71894038 9978622
83101576 18176308
22822277 67415789
120182664 80429722
78043464 14193611
85305498 20042609
113451453 55343139
69835512 8717144
82509681 17689101
42876305 69165
48775110 771175
87558492 22044135
114611953 57755886
116908682 63419018
108457438 46563363
90516286 24858722
78908205 14830970
102661931 38617171
120197201 81159150
116847069 63250041
964202468 104094432
81813511 17119437
3832090 89584838
947187636 116245016
50178325 54943943
116110064 61315508
100083471 35455513
923981617 124876271
120000157 77498497
96759217 31560591
955169094 111377878
970387892 98241897
95395909 30011760
52368763 1484276
88473334 22888286
120097727 78747988
112392735 53306165
107943275 45752764
58632525 3295164
941832530 119053549
61673248 4467611
102211909 38057938
108156328 46085708
57428812 2886954
55767190 2366006
74452175 11653914
59287707 3527581
111376264 51459425
78412733 14464692
49872338 956618
117419642 64882994
120210722 82382906
108184719 46130395
971283004 97349514
114502021 57515355
42667789 57269
108686714 46932506
77756567 13984191
119669529 74855556
58408851 3218261
94320227 28818838
996176886 58157641
405795 97691939
56690648 2647639
62168595 4690638
54979220 2140785
98502030 33579055
89621235 23987898
96967742 31800945
80836160 16327113
11267024 77956500
101699970 37424136
59459470 3590725
47195742 534973
113132864 54713757
999744743 43989635
84382743 19250612
57191836 2808839
975329836 92662714
82208829 17442336
119442276 73386841
112767358 54010582
119771082 75556923
43497919 114855
46241470 406572
79230889 15073705
86154165 20776640
81214271 16633138
990748257 70781460
75435572 12328237
103880424 40163136
106971258 44321258
937227800 121265189
98670030 33777435
118060483 66938513
79609632 15362245
56458490 2576354
115896423 60775078
114103646 56669778
89251511 23631844
120205076 81760488
75834777 12606956
68113903 7737538
64475090 5801026
114333961 57154970
118603499 69071971
105392950 42153495
115453167 59687365
56073177 2458178
993636852 64738946
115372558 59495538
109264915 47871468
99781479 35095497
98470448 33542045
119048032 71165592
949991217 114588430
49774929 938942
999273983 47216908
112027643 52624364
99000389 34167914
60006995 3794919
118884004 70332505
60101902 3830617
77605225 13873970
91395412 25732795
994123087 63586362
56414729 53601251
100000000 999999999
48928301 913732884
83699948 18674605
41410222 2452
104623385 41127875
54734288 2074374
57018176 2752701
60695724 4057324
46920265 495123
119854732 76148694
96138641 30851226
83788514 18748607
49000447 806848
940212497 119834355
104572329 41060902
991837527 68737193
72521173 10376273
52242407 1454518
119717862 75186404
48220840 686406
107445806 45007438
106700029 43940260
116003496 61044455
42368680 40640
87399994 21899209
119882038 76358859
100232595 35634065
974558726 93627475
42037983 22695
28501702 63763635
120040126 77956970
67764551 7544397
973044815 95444522
75050338 12061956
8927749 80843863
54065500 1896535
117714019 65785250
101450102 37115324
115041126 58725124
65496923 6321767
109899362 48923053
118531520 68760852
117779407 65993191
117118877 64003636
120076855 78419524
111857079 52307559
117295954 64517628
104331889 40747853
44172429 175333
95252949 29851731
90236580 24583104
65139605 6137778
60456055 3965395
120190732 80806986
96360680 31103943
113953889 56355668
110863146 50565942
118915646 70483326
50628275 933935692
93472447 27891044
48118164 671019
112562084 53623494
119822617 75916755
119922742 76712082
55395150 2257448
116243938 61656669
50219153 1020704
58123402 954363583
99313196 34538384
995229301 60709737
51384151 1259000
48403719 714314
106118204 43137332
118200510 67443499
980910506 85509887
103723456 39961169
973308705 95134670
997697798 53157378
976992117 90579924
79155323 15016533
71519129 9742460
984712105 80158849
118670906 69368484
63240733 963336993
50357851 1046804
943520768 118214902
61986023 4608156
998183150 51401092
116790719 63096125
44594466 216286
931600863 123435763
105856955 42782479
72853330 10589116
95858885 30534642
109117697 47631706
