1097
27414532 140891370
36430657 157247543
24093966 111249554
46576433 169508002
54149698 177028388
88825619 198373696
56217607 178904753
48468694 171487628
107733310 33987530
59030269 64938659
24123326 130357008
32011499 93938276
94504771 199573735
87524567 136864556
24181351 110916591
123464783 58156260
55854249 178577274
77000594 143002374
82827575 12397853
34813391 154904102
65102084 3766356
71655050 56392871
58306612 65514620
34456762 154371676
65638266 147067884
85091476 197238729
122608818 98108373
71938806 56227521
83356691 196614990
68227086 188724083
29766734 97532304
88851452 48889815
23601114 127531829
122134065 99096346
47418584 396081
30276184 147372771
81602717 11656115
89170543 16539760
63963527 185496335
70289546 145762638
110496746 116647028
27335606 102107309
30861339 148493471
126522804 87484714
72298798 56018486
23418377 115054099
67324746 59005121
89618296 16856299
77075361 9131513
24570096 132303322
25511901 106544404
59506609 148119022
53775495 176680258
122395940 55858745
91101936 48236001
23049785 120720436
23371497 125949060
27667179 141519074
46044176 168944143
29068506 98744472
36129074 88061470
71498872 190904312
91529803 199034159
126645226 67498759
42187405 164654380
25080716 107760616
126346716 66413163
42591063 165127227
86056934 14431959
23050913 121051978
90973899 198918680
81215507 195777031
48341179 478821
86230336 49726067
127220910 69767205
24444373 109950418
90911429 48288785
78794084 10065454
107580533 45348520
94360836 131822239
40647139 162794153
93804128 132265647
68376623 188830480
104936740 45489393
80185347 195352174
96472191 46900364
25838373 105656131
94060127 199500283
60548632 182675412
127400141 70797444
71159991 56681894
51662964 71229451
43327918 79588395
28237210 100267481
28650896 143884073
78445631 194585089
127816783 80161084
126686259 86776626
86765790 137382985
80749019 195587369
51943558 907288
53289684 69731418
25095463 134225631
119486456 104129325
50605240 720840
37161987 158270335
52243802 70684822
35888780 156474642
23827292 112482678
104111139 45578930
23933511 129413540
85922711 137950718
23416820 126278152
24334710 110347218
23055789 119816609
124552571 60728034
76056707 143443197
63108399 3171728
86909753 49498720
78402166 52835285
72520321 144974312
55015589 68212253
97289754 199905216
86835378 197805177
127957362 78886464
69829100 189830973
74988235 192880385
97416612 129289602
49729670 172759147
34394300 90405875
76149241 193478074
61685079 62885165
104728640 30622973
58677169 65219556
80797396 11191601
23271304 116207419
29380949 98197322
68612003 188997463
58086998 180564285
48214951 74550066
23141976 117656267
74545226 54755880
48918877 73864943
121862499 99649708
48017034 171022841
124210155 59892785
35605750 156065236
42238917 80783697
84180822 50448286
89190046 198470767
74112970 54992010
25377780 106915607
92961189 199309549
31653909 149880154
67004643 187836914
25292681 134889335
88087621 49120927
55285876 67981453
98095048 46558329
94667828 47311533
54962635 1379474
44674645 78141989
128050332 75889858
66272212 59683065
47108386 75642442
26388557 104271742
26587540 138758992
94763705 199612105
63782072 61356417
63009639 184720193
58355428 180799625
126973831 68772950
109182810 45304060
110065442 45290828
23721130 113105617
55754979 148230468
69433337 189565661
77622825 53196444
79503716 195055520
37509871 86287441
32662371 151532529
65602054 60117729
52942667 70046140
23231296 116573247
84753905 197121395
71009120 6076365
108526252 45319856
51171959 174178141
45306990 168155941
29549702 97904497
96220972 199795689
52580571 175542828
96507449 22534763
97072599 199884193
52215273 175191145
45727141 77032897
128027445 77276503
82271700 196196028
60489110 63799151
98400638 199973830
42833595 80130175
119701038 50817481
23111956 123047259
41699270 164075672
75167176 54421240
30129181 96919185
37445156 158661293
34598749 154585728
45797027 168681961
91472549 134049407
76088432 193447223
94946589 47245936
82841014 50956213
30623546 96100372
85882429 49845474
103213984 29031332
50485812 173507387
56061465 1569984
68217722 58448558
24883117 108401141
62766750 147650185
93864272 20201982
93311198 19747077
25561405 135749591
28859136 144366689
50052974 72770987
24489611 131969929
26238793 137776124
74439058 192590295
73909131 192295906
76388375 193598636
23065558 121790258
40005295 162002323
56587919 66894509
115296234 110793487
95127560 131208910
82664068 51027266
97890872 23784907
70424253 190222862
49815522 619626
88915062 135897847
41935046 164355854
27658182 101413765
75098469 8093045
111580731 38650865
24830070 133284622
38757859 160404911
29993960 97146414
61060411 147951694
96238851 130292826
77275989 194033334
80291569 52014223
26264128 137848023
54998990 177804565
57476453 180027507
26904245 103065624
51081614 174090193
80553317 195506836
23895843 112112845
126799471 86228787
93854334 47507075
64908398 147225218
92514826 199228804
27166163 102478252
54448949 177305262
91791887 199087167
120310502 102641737
53549465 69498237
66751170 59372733
124391751 94183493
111808399 115107560
27040572 102759551
26060268 137259339
29953824 146723824
67841600 188448403
112635228 39999800
76533401 53718891
113546360 41213657
81689811 51427373
69224466 57835246
46684018 332522
60717633 2517913
96745014 46841385
28246988 142925320
97068951 46772521
118673485 49014725
85718892 49901684
98775704 46423492
45035231 77761221
116015649 109759864
38778314 84739715
110941592 116136207
108799260 45312649
125639961 90553973
49020504 172049174
61917696 147806016
32987171 92464539
29459297 145689192
23707517 128195679
108351138 45324927
80147166 141423223
41006540 0
33213064 152424316
127961038 74588429
23141972 123513644
27535703 141192815
27573214 101590743
108359918 34739676
95985182 22066720
23503043 114472226
81948207 196068223
73423278 55378015
112330703 39598828
103873009 45606352
123903048 95317938
25706962 106011275
37874037 159244167
45478548 168341105
103047478 124295684
23158629 117416860
23290853 116045337
126205950 65921477
124085148 94898329
51333585 822188
24877718 133458837
45352799 77426670
89741580 48626273
102316550 124958606
37721937 159039769
63384213 61639243
90446283 48422008
60165711 182351887
64215971 185698249
40968345 163188780
37678324 158980741
48521931 74250371
23088824 118656361
23335696 115682760
113855336 41629538
70060544 189984231
47107320 170068794
23136609 117735425
59342806 64692165
93359185 199379697
46675842 169613168
77568102 142726274
62643074 3034551
84027985 196861651
28483406 143487423
35453372 88959420
26132635 137469099
33974265 153641408
78802875 194746159
24738721 108896132
31996359 150446798
96772634 199853974
111901064 39046535
32459019 93259588
55607634 178354658
65986398 59868432
38662633 84878879
123384605 96461298
105711857 121795995
70604012 5889819
71356704 56566761
126338246 88214621
59893134 148097687
36211464 87952645
27192899 140326356
24546654 109580696
40282633 162344535
64203535 61062114
78206532 52925422
23845667 128945070
74275999 192500730
95873939 199758792
26218786 104691852
31794898 150113481
74176165 144288685
99119597 46356684
38269404 85352695
24949486 108181083
23048939 120416332
89591716 198577410
117178156 107987429
54624186 68550329
125111963 92137134
119979228 103253000
24926580 133633614
101934327 45875607
70239132 57223522
99171545 127762721
117849842 47612342
85122148 138487521
91414715 48150268
76274621 53849191
42086531 164535452
124041039 59498315
38222300 159702464
47595426 170583178
92033409 47982163
85211938 13891543
46107074 76648408
26683396 139013190
80775835 51809860
97392527 199914159
26787371 139283041
23508363 126915218
35040284 155239674
62273915 62442825
38340171 85266812
108731130 118614388
33594603 91558555
93103271 132812593
63220360 61756486
90601892 48377425
91245985 18080626
57046378 1744298
111454119 115534585
89436404 135528241
70931047 190549010
52975918 175922807
104621022 45522628
97134138 199890249
126567806 87295793
37332664 158506674
76000743 53988485
28816357 144267691
47324399 170297702
97071973 129583975
84763681 50239504
39582670 83787021
39273656 161073059
66658327 146834985
91159065 198959146
25157704 134437494
27437429 101884455
23658822 113485393
80915086 141019438
85818368 14279037
121562022 100253719
23469335 126644986
57952053 65797609
24250455 130939292
25221496 134653231
70567128 190315233
23150283 123629887
61966434 183859996
102539501 28328632
64000435 147414776
83094287 50855182
31182358 149072738
68383070 4931293
29699848 146202392
98177291 46541581
31515606 149649329
122583564 56245610
76497388 8824734
105586457 31545863
119195531 49923506
44639699 167428840
87871073 198104225
81504151 195892265
71249100 190749606
77602556 194190914
99999637 25804366
87608483 15450776
31831856 94211440
41376397 81748721
50427792 72411558
55283421 178061889
87601138 49271958
28925890 99000453
72670447 55805631
104360448 45550678
82650132 196344194
30670381 148140673
63404197 185043056
64607017 60783344
108917289 35409290
125489055 63470682
127206479 84107733
128012526 75276945
78982773 194825738
26930457 139653412
23216472 124502354
75569784 193180229
83726965 196751106
31894525 94116036
93884681 199470790
113173419 40712839
83799670 50588409
36710559 157641905
98207924 199967277
63626492 147489077
80929486 195661026
115806632 110072765
94275098 47404968
128003743 77903829
40258116 83010145
90367386 198776495
98741760 24589000
123317353 57822782
58446618 2023879
59536168 181815478
98561851 46465645
105501161 45441555
29605015 97809382
41546093 163892904
60521118 148024428
23448567 114845129
24277530 110556191
67883740 58654297
84423140 13387687
125871725 89808913
77444621 53280003
33430305 91802095
87181992 15160349
93595658 47572919
68742586 58126669
69492637 146022619
58255820 148173763
92444603 133318759
44089816 166820220
25681787 136128698
75665663 54159730
125381658 91330867
89363410 48737271
121994722 55063678
60797997 182884402
109479269 45298271
52830488 70147907
118200721 48195134
118987272 104996086
84420920 50362002
42915283 165497472
93952311 47482405
54759456 177587197
50798328 72056250
127095434 84717799
24140512 130437334
40984698 82189139
42508428 80487242
127559089 71807568
128050655 76436149
100756667 46060351
25814784 136535700
48302549 171316712
33450929 152806950
25936654 136897548
52046181 70869101
52876062 1039426
114264076 42191257
97245131 23201017
61882227 2812774
63633749 185230755
23086576 122476988
109379303 45300118
27085473 140051331
28342348 143152893
44363586 167126269
100597833 126495791
30347566 96553989
98344606 24207712
76917666 193859242
46628094 76123274
96554332 199831010
99017376 199990350
39780569 83557097
25581024 135811798
53853002 176752565
94374223 199552941
89096504 48816594
49260079 73534173
88494561 48996747
33933566 91060072
51899792 174885089
82440578 51117884
23346952 125748081
30408614 96451926
83542565 12832539
74438841 54813571
67008566 59206894
62655632 184428501
73234423 7159586
23728510 128311706
74237767 7660079
67368686 146646480
112807849 113895154
44405891 78427149
96097463 46982890
73265914 55466856
68578930 146307797
99500061 46283265
23223905 116651543
25301608 134918464
23543046 127146217
101336641 27129811
57698065 66000893
35308909 155634303
26346288 104376161
37969671 85717835
116654467 108800061
102684851 45767764
110268996 37044340
24600425 109387131
27822059 141901620
101130602 45998848
99974604 46194504
100959999 26755253
24508764 132049778
60765229 63586956
23323051 125539208
35184797 89319580
71888726 145217296
23791395 128651985
33770402 91298614
25033396 134010464
86418668 197680794
69897274 57428752
33031060 152130540
125766507 64410968
37222119 86644619
59187242 148135580
90264113 48474208
27685062 141563292
109674300 45295294
66595973 59473168
72251297 6671857
52372092 175342209
56626591 179271791
127847379 73784205
89764770 198622737
86535945 197716187
27214623 102372129
85020622 50147988
23166772 123858988
90145119 198722309
43829815 79042424
95748781 47061435
79440264 52376223
100370577 46126521
88749486 198353098
50740625 173756795
119239670 104559627
126927576 85600323
104109467 29967902
116878512 46014473
59443122 2234239
66528816 187481739
90550403 17536843
30808940 148396888
101460494 45946712
85463857 197365328
83781549 12981404
23278133 125141325
102111327 45849891
72694129 191602397
50385116 173408058
126801005 68098373
47249887 75501556
116901040 46050924
28095819 142562956
64389732 3553169
128037304 77004358
106889369 45370928
44183572 78663814
113741896 112733582
70627167 56994708
23081171 118901696
66653614 4274952
33232907 92095703
25013976 107971034
43689846 109610
66249971 187272153
56427732 179093834
25725756 136266670
70788351 56899682
55967073 67406420
101325429 125845918
32818834 92717255
36995761 86930109
34167135 90723562
30420856 147660863
62567670 62226319
34198908 153982039
88181828 198192766
37715525 86032476
23072495 119205143
41603531 81493926
61436536 63074442
81322455 51580592
41282043 163571483
98338272 128494204
53949343 69143667
24338482 131325874
73038341 191800193
65356937 186590974
59785040 64344939
95314150 47160836
27937241 142181805
121106292 101159845
23201630 124321969
43214631 165837444
72346860 191401765
76443368 193625791
63847031 3390764
79624384 52297241
26110355 104961939
64343554 147343892
39028192 84439997
98092985 199960545
25168644 107498378
68490507 58281088
57150897 179740282
97760468 46627548
83545666 50683058
23385858 126059467
23059814 121557280
24210715 130760319
56386887 67058186
79049848 10207131
23392712 115243581
23130505 123343437
54319399 68816985
125337067 62958707
64931290 186262007
61112037 63322030
59149108 181483927
36918863 157933496
125919564 64936469
23564264 114079646
49677176 73132002
123624339 58526790
38505193 160073557
95341240 199695895
34764739 89889645
117422748 46904901
25615815 106260338
43787439 166482077
105875041 45420109
83673477 139448974
101658661 45916475
73428361 192022963
84473333 197023088
41910357 81150779
42633829 165176496
23185887 124119063
99308731 199994696
27773606 101175862
115297319 43665041
23383707 126044001
103705215 45627774
67160332 187951466
64059308 61162222
41745856 10958
84110064 139160119
90034929 135103592
31703400 94407564
86068881 197567093
24059965 111383254
23398410 126148373
95507570 47116318
108058242 119345993
32232183 150831853
29620481 146034237
32678468 92928812
99915320 127102068
90680329 198850094
67606946 58826510
25371505 135145320
106298523 32331265
48557287 74215958
65770272 186909025
31321793 149319114
127930563 79140735
120235108 51776312
53566541 1142058
61615201 2741495
77980253 53029802
33601876 153049538
69656563 5463164
69137487 5231591
68883694 189188956
109440878 36041914
23198161 116927375
69159261 189381425
30552996 96213631
71873362 191124691
54322349 1269198
62932600 61963017
42454755 29023
45713077 168592338
83324892 50766039
51503438 174500321
79828386 195197255
73485095 144590054
127245337 69873794
75811405 8465434
23946765 111866091
65204975 186473590
78821905 52646260
123503050 96203047
50051826 173079119
113411790 113145260
106413558 45390618
109877775 117351572
47957683 74802528
47882903 170883269
42609805 165149004
74850856 54590728
39032885 160762988
29190831 145106169
39116782 84334255
77901405 194332546
89988797 48554135
88308345 136325207
80656175 51860316
106559232 120940088
79936169 52164715
29342452 145436742
30593487 147998015
87022674 15052790
62357482 184182647
55776399 1520268
114537266 111741631
107954465 45336661
64360447 185813631
54473709 68681149
127908284 79341536
72917772 55664421
25274164 107203272
23352136 115554901
32812910 151777355
47645633 75110095
57956590 1924537
50956201 173967744
32454990 151195235
23172879 117238038
55572031 67737285
122964143 97362154
23097850 122731357
71222575 145457184
109356779 117928295
28339202 100077729
127700508 72771499
103366536 45671031
28362712 100034222
61676293 183618055
28824338 99184964
37956986 159353710
35659710 88683482
77275818 53359338
65263976 60341087
24742397 132962973
88393401 49027449
76795665 193799454
67429432 4553092
124859075 61542789
43190160 79739007
121664826 54416711
85593340 138172100
92689026 47807294
89443773 198538307
49497079 172527408
117759176 107060103
30999654 95499640
93250319 47661020
95148060 21320251
36263083 157010310
79956461 195252908
64788620 60659544
29036132 144765102
116240373 45030436
92592750 199243829
29270445 98390712
24625147 132521234
118431024 105956129
58903674 181273460
32271227 93544011
46865003 75885724
123775110 95603129
65847953 147021806
98621497 199980473
126553419 67164869
82551055 140138679
78548876 142240855
106033305 45411345
56964143 66590421
31451514 94796754
40157584 83124598
34526368 90221359
61916018 62711132
30991311 148732283
28530813 99723322
99457436 199996640
65878806 4000001
39372926 84031688
57303613 66317739
79342009 194984517
33833681 153418359
59778593 182022169
39790837 161732681
49350748 73446314
26772165 103363544
73946136 55084187
68912351 58023954
121048361 53247158
24416147 131657049
26537124 138621391
120784605 52765986
121415205 53938661
85381226 50019891
79987691 10735024
122981809 57095727
75383972 54305618
99663705 199998883
87505876 198000069
64616934 186015604
88514267 198287293
57360196 148207839
30851425 95735270
41179663 81969799
49214343 172244018
91984803 18666570
35842983 88440074
44959333 167778134
53452176 176377236
115788229 44374369
48656838 171680704
23060351 121581438
23075351 122181138
40592394 162726710
106930857 33052590
127499016 82434599
31251444 95106561
49024046 541051
23973053 129614965
40339953 82917074
24809550 108652032
67713074 146553922
44218397 147367
69612067 57601020
23050711 120028980
127932617 74385723
124646949 93478936
34960138 89622124
106632452 45381044
39504752 161370404
84194901 196922802
35710988 156217552
127998910 75066978
87868007 49188434
76637031 53666828
99722529 46241102
74456970 192600125
45157217 214899
99668314 25479770
23113046 118106209
79091286 52528560
40011113 83291504
23777919 112761436
81565110 195916423
56202388 67210668
28066404 100586987
73575145 55292598
39588855 161478133
104724964 122753107
85716847 197451329
26645779 103658240
124784951 93082801
75175221 192976908
51357860 71520759
68202439 146415339
43815498 79057771
60206473 2400273
23053585 121246694
35346906 155689598
125134913 62338561
116662492 45675432
23894548 129206232
92122256 199151951
76904713 53533906
61079438 183119940
82074342 51267907
26529671 103932285
78759440 52673798
107408518 120041657
95706956 199740289
78074910 194413570
112139237 114707086
71582125 6346965
102349721 45815452
36472771 87607719
80987306 51720943
65080837 60463754
30100110 147018437
75170517 143845255
91719578 48067094
82699496 140051239
25243316 134725747
127702538 81109483
23244129 124834804
114695245 42803084
111095454 38054216
86534332 49624151
79367739 141822628
67525676 188218417
36710993 87297128
24048588 129989522
65486409 186690957
27335931 140692163
45992326 276304
24023752 111533937
101839310 27629909
75965631 193384084
42735763 44391
97558661 199925871
51000808 71862387
52633624 70326788
66854601 187725425
53198727 176136225
23614945 113756407
60175766 64041724
38060547 85606629
74765593 192764775
57723752 180245352
114008157 41838717
36070533 156737212
40636443 82581506
56736766 148219495
81833475 140535697
118101977 106509391
110383670 45290421
27946430 100827985
24695121 109049389
25967375 105326307
43690412 79192520
92323881 47904659
93029653 47718165
90928275 134449584
73818627 192244903
97430550 46696661
72112273 191265226
83003910 196481482
26397120 138225007
87412082 15316292
46324407 169241365
127382496 83121802
61389501 183378808
82080998 11944447
23096181 118452282
126146957 88882205
61794585 62802168
31654793 94482246
23062764 119556934
53548331 176467527
107182674 45361270
42319789 80694396
127165078 69529524
95132308 199665739
94851963 21057989
56925393 179538982
100000000 200000000
127643734 81538708
58587703 181000706
122906729 97483161
115521586 43988520
65902475 187010073
120838329 101660490
53729953 69337447
96259931 46946769
88173577 15841709
29790243 146390948
93619155 199425338
95782435 21885822
25021512 107947270
77928064 9594469
104041005 123385911
105214025 45463986
24703905 132821238
97856022 199946080
23658678 127904239
25475108 135475337
42388703 164891654
87173074 197904585
28744729 99330813
87262806 49382209
46937690 169889866
59712581 64401323
92603360 19166312
103061074 45714355
46280697 76472892
64349433 60961002
127011662 85169263
95780307 130678983
43437658 166090273
