4000
101775699 126174099
116719408 54958515
95183196 25878172
41006540 0
77880148 11926277
117950719 101433040
64707792 187947515
99064388 129091798
108012928 118663768
55977252 155510537
77570431 11725585
92832823 23687170
88115924 139304834
116009915 105768448
77594528 146782909
44877828 133783
80703048 13837763
120417408 65566330
122143365 77549967
31499537 149360184
120695184 92761869
119729588 96368476
121230238 69565148
120227552 94614576
59218169 68171369
101542836 32458094
46537109 289021
104032109 123612774
121879298 74057965
96311322 199890937
83750314 142656285
99729943 199999420
122201015 79429188
122119293 83082024
88656494 20016365
62764671 153837988
53875313 155864761
108122828 40376244
99593910 30347650
117400198 102755843
55483727 155602404
98086271 130103017
25862369 128518861
26004446 123086568
97107640 131095356
52425237 156069365
111169362 114180641
66924780 152315059
116427467 54313670
122194335 79008730
77890512 54360266
47426516 391098
121803602 73383156
85647790 17540713
67118870 152234389
83765824 142645068
120337879 94193599
64132738 153380658
75618126 194401567
117141668 103346850
90965590 136872904
121145592 69094824
107904992 40090339
116187892 53795369
44312423 95152
47914322 156427401
76298117 147569896
90258402 137496519
38764655 91206773
97944757 28631292
95763302 26438637
25885640 128953064
108298769 118277983
72869235 8918676
77150164 147056111
76623072 55069826
64037859 63954271
41979960 86837290
85702121 141210825
70307121 7558577
30235268 146504140
52248847 1166179
92264787 199511750
102545842 33591399
28084036 112477501
93301348 24115692
40614220 88630562
119829373 63303013
117181898 103255763
122019920 75570413
61527309 185586195
108219277 40504688
110194890 115624378
49293558 174440262
57064889 70203040
113668352 48836879
121172660 90557102
94374980 25112287
75702356 10568783
63734650 187253013
28691628 110588377
79577699 145517800
71955620 8418686
25823835 126668737
69100881 59966293
27164098 115772768
74276820 148724323
60753791 184978293
97431054 130769979
76425608 11008356
71189399 192063947
119590536 62506998
70208495 150844666
112405071 46687310
51366244 156187995
120364978 94088026
49175225 629126
55404172 180436240
58963904 2896931
121388736 89395816
73917902 148922119
121917651 85551310
100143827 30930226
87165648 50182293
53224102 155960780
46053573 170933934
121580612 71732809
113084904 47819768
54323027 155795636
47011513 172005119
98495890 129681654
26092865 122134796
62758113 65036877
121686355 87469557
59222908 154811555
115964226 53319241
103311169 124449933
97641609 28319356
106835121 120201406
28558357 110981220
121539221 71457832
26826922 135915612
117317432 102947085
94254761 24999689
113912636 49273611
31027396 148332870
62384452 4084005
122169457 78158631
101161079 32034147
98539964 29246734
108503081 45857594
83503466 51626803
72780928 149540264
32722213 101057149
53623186 178770317
25952562 123732063
80138115 196376310
26431127 133874063
79321095 12884879
107684818 39804651
83632268 142741320
74933998 10109844
61025226 185193083
26750975 135560635
122185393 78646494
57669181 2504539
118713381 59888130
29868527 107403293
28323659 141253089
83296823 142980600
46321945 171237167
52659810 1250212
75537634 148016052
80583660 13754570
34853760 155781474
66303960 152567177
69820852 151026658
67318360 61303597
97022430 199929486
46425550 81360945
77288217 146971877
57985399 155095872
121601912 88067433
100154676 127937638
28038519 112626282
37797718 160480542
121494025 71167636
34158112 154553459
121576193 88235795
106213062 37936789
75214253 148199921
102382598 46292157
65557414 5365230
121373307 89485614
71911277 57989527
31788816 149968889
77994602 146533928
117536595 102436527
105551515 37124673
80213827 13498053
116879309 55315613
122172999 78260056
97486023 28159644
113815410 109929092
113238889 48083970
107287237 119620357
25853041 125338410
79670830 145456674
90959666 199328296
50144255 780559
106929709 45915101
57211179 182029033
86517678 18240890
98712210 129457988
75806114 10631136
48041729 79511630
85358798 17310507
121480776 88838750
96200580 199884531
118674145 59780257
68110423 151803380
103858496 35107986
113985331 109628755
109729889 42577612
60100337 154594101
80889238 13968387
77816381 11884858
100485395 46549136
82589336 143479048
60810668 3510243
122176254 81775380
95448197 47601236
54847836 155711256
45132967 154934
116154358 53723414
52028099 156117014
105494629 37055478
54440105 1646897
81726215 14563466
54477958 179581280
47436360 80198017
64590752 63491763
104493174 35854863
58283695 182943689
113040551 47744046
77993828 12000416
53364661 73853702
63535338 153586009
113735362 48956550
42615230 166875691
76813965 147260665
118897021 98897331
107314709 119584757
110875553 44269639
103970186 46124212
122056112 76065619
97787034 28468917
72767618 8862452
119175084 98094670
52996852 155992567
49694117 77678820
72004412 149948779
121982667 75116087
104331801 123258125
46076567 156484515
114290431 49977995
113943471 49329756
60113500 3271331
91333700 22341507
104947954 46040438
64810636 153137612
79146927 53684872
110946859 44379250
30992292 104710227
37296257 159738443
89977984 21151407
89125204 138468874
75179643 55912118
90771743 199298899
46346658 81452565
41856517 4507
51748681 156148896
64660742 187914329
122194018 81178911
85737973 198257153
65925297 62399104
99107860 129046162
107069810 45908650
102468530 125403693
66825245 189398571
55760865 155551583
53302844 155949649
50923392 156229586
79893903 13276740
51011051 76274174
112115888 46220276
105754733 45981241
122083995 83648682
73142147 9070607
90275076 199218989
117163557 103297307
27588609 114164574
30120141 146229958
117505785 102509027
44759396 125110
121628433 72055944
119230404 97930257
85044470 17062089
74252538 9707809
97837265 130357825
79802350 13213530
120469586 93678244
65778510 188689082
49525119 682399
118423712 100202242
115146159 107478294
31537911 149441746
111733146 113330382
51874082 177062733
112667128 47116367
57627238 2492164
111114103 114263368
122064226 83938879
83527452 142816336
100983639 127043657
26040079 131039199
69982171 191360118
94087121 134031530
26443779 119379272
44708036 121465
68367444 151689319
99254806 29991454
80635481 52935975
45929659 170792864
80343036 145011378
116085733 105613615
103248503 124521867
114323803 50041332
118779653 60071308
47961409 79602483
106422808 38198889
81874089 143974001
75253466 194225251
52865187 156010795
39950984 89534432
64079856 4750395
59546977 3083337
44585904 83558170
90521327 199259108
63313007 186941979
73092046 149373199
75630041 10525340
54258275 1603897
92669466 199561946
73486130 9263319
75641679 147956221
50592468 156258800
50741769 156245999
109312313 45841796
35311086 96509067
84510192 51202568
78374129 195654134
122202006 80786928
54210260 1592705
97053910 27717636
52440544 177623655
121944256 74688683
120880293 91946037
93956652 134154139
48079403 474977
49418604 666110
121972350 85017187
65628308 5395220
110406239 43559869
122173024 81869456
83495920 15865590
119914856 95736843
121730733 72799716
56600053 70649353
71519232 58257450
120041275 64072665
118271436 58698962
120855172 67592730
71215266 8025718
112318628 46547313
62856832 186599295
90792893 137025661
122045499 75917401
47350139 156449570
117918585 57795439
113341983 110744753
82047593 143854398
43493273 84907433
116238767 53904788
76343993 194748743
89379542 20633969
55690843 155564645
106661332 38499434
97843023 28526512
37177105 93580424
64184914 187576584
115046222 51449064
111899902 113074700
80451233 144938974
55811187 155542116
73990766 9554490
78288042 146349505
120126347 64394137
97542974 28218089
122204944 80555264
107381889 119497584
89552880 138106097
27007471 136693556
105561254 45993621
121894066 74199159
106565950 38379064
49844867 732352
81019839 52749823
112952152 111396428
66795651 61708601
79334656 145676099
63307887 4440842
64323925 4850534
64531957 187823170
82385771 15041819
33127430 100291899
116742658 55010074
64962637 188127216
41138458 165020132
96570619 131627739
96439401 131756740
78359822 12240341
120323013 94251243
45362334 156490812
79780100 145384741
108296973 45863119
117490077 56739973
55227951 155647104
44365445 98544
73395961 9212468
67919340 6403206
28494609 141789006
82923052 197391627
118317273 58818570
67199029 61395517
92783744 48325759
117054391 103543110
49710838 156328462
121035525 68506183
121936528 74611986
32330675 101812332
84731749 16816554
118247962 100669831
84633167 142014041
61515993 154215297
36365758 158297595
77798863 195409861
122014426 75499355
118394794 100279804
57656415 155167911
25828296 127387621
121783053 86717004
64641031 4981545
76829880 11257678
91934021 22876434
56613203 2202760
106410928 120739567
121252457 69693095
114509620 108676797
121616886 87965839
105309580 122090877
122202777 79570501
26580132 118567165
50237115 795793
89945192 137769785
104306962 35634754
28038519 140346643
43027385 167378860
27310253 137870096
53702953 73512216
121926480 74513038
44363165 83830988
59615088 154715534
51456147 1011338
93059223 199607656
71518489 150198286
118348534 100403266
79743854 53380672
90624930 21715006
84779378 141906032
106054171 121183423
65464817 5326175
26319469 120194996
122156842 77850308
26259071 132777377
122170644 81937019
107548965 119278990
71865734 8370168
89645091 138027626
73579586 149107606
26599424 134800186
119334760 97617830
77622980 11759501
109777573 42645856
45487189 170287231
86551918 50408735
53539125 1439895
106723009 120344253
73706245 193440167
103993931 35266677
98306964 129876152
109864743 116097267
26409073 119601268
68989952 6905058
118113560 58291987
27365135 114997450
110358942 43489294
102315242 125574778
121226655 90287285
62688068 4199453
112826382 111602922
82904096 51889983
46954680 80750060
94975495 199799695
76568318 11096084
120153803 64499940
49094701 156368505
39499037 162867014
44162388 168742898
69935899 191332668
104936902 36382660
118026801 101240676
80189545 13481235
93288074 199633843
65557980 152856669
119861597 63413935
120044744 95278116
63402102 64488418
26089067 131522211
103588924 34792830
75627719 55645382
95261904 25953561
47901143 172966414
30832583 105082960
53245285 1374897
29096433 109448539
117244717 56156188
27816560 139620885
68552926 6697725
108809863 41302401
58842523 2858824
59430321 67976186
58848439 154901661
121319329 89794965
121161144 69180465
63538135 153585064
116850499 55250839
110044525 115840594
121978690 75069631
121726537 87166504
48635933 78845084
76559876 147413820
63645830 153548506
106093164 121135230
114307916 109048526
82191785 14900200
31968083 150338141
120955464 68095444
30040284 146036646
79429112 145614672
26510152 118975450
122187899 81414530
65717890 152795342
90661172 21746715
104349807 35685300
100092407 128004455
29367169 144300379
47242203 368283
54633532 1693348
85369106 198154454
74504522 9856159
120777294 92407481
80014423 196326858
69384371 191003985
29501448 144655162
93478615 134598855
35083702 96885043
50375375 76949217
68457771 151648984
71602464 8229325
61456842 66168636
49485675 174640411
99712397 128409133
70474928 7644027
64153505 4780530
47830728 441972
86302685 18065996
121860892 73884741
70800972 150557156
53453692 1420903
86234607 198389078
121112774 90850200
120641243 66553215
86264336 198396675
105697450 37303020
47622087 415505
63698403 4595749
106204070 45954328
79866259 145327910
110409448 115310858
47859520 156429707
26078501 122278720
119842301 63347459
107519603 39591973
121524147 71358894
56930841 155320783
119245855 97884041
26609554 118402868
115688393 52745141
110319405 115443128
96810692 131390685
107794373 118954784
59191956 2968909
46943295 333181
107806735 39962557
87276358 50142372
72516637 57584673
56971482 155312361
121762673 86884720
77635990 146757162
89742485 137944367
117739062 101953321
112281113 112480154
72105263 149896349
110782054 44126727
105076701 36550679
50946153 918981
53608423 155905196
121555277 71564341
67000576 152283795
111120299 44647203
96356197 131838377
30742858 147687828
49556796 156339309
87894418 19378136
114961326 51280619
61346093 66265822
60697051 154439936
55387294 155619452
105712368 121603971
41347398 623
121935381 85382951
104908589 122572194
111705185 45564974
120178857 64596946
119444942 62042531
31457558 149270433
91113329 199351590
122203236 80701755
62899905 4281245
71655167 8257311
97690097 199959750
80852886 144669640
66448047 5747506
51277932 156196402
29899866 145687733
55606128 155580235
47720893 427969
80599365 144839778
67881726 6386011
36767305 158929739
65433024 152904410
67172684 6065624
89548747 20779716
63368401 4464684
66528067 152476919
46725809 81013323
50519636 156265020
117944207 57859891
88741327 138790837
62401901 153951614
78083678 146478222
46690093 156470374
47789669 436712
69242403 151294341
64750021 153160045
118113042 101019940
35884551 95591578
41669784 2548
57953416 2588574
93979129 24742314
51007282 929936
70154093 59204921
112930247 47557586
101738695 32677268
117306928 56302882
99351827 30092959
101967172 125962465
97739637 130457214
70332295 7571341
78994326 53763490
116469747 54406312
26930476 136371944
52599732 177781058
33373999 99835028
87062278 198588026
53851159 1510150
64464546 4908576
70549015 7681836
122130518 82875258
48409304 519904
86227716 18005337
115900902 105989750
29190730 109191954
116807176 55153771
105378757 122007538
119008533 60713896
79680258 13129550
25825385 127165487
61447793 3737581
122206005 80112523
32410788 151233699
75517768 194353241
73074394 9032878
122028490 84412256
25965557 123566698
43502727 50091
117655987 102152373
110287111 115490336
106576398 120530355
76952052 11333582
84606091 16718458
122205219 79951637
121598720 88088559
68292188 6575485
99026163 199994839
65239142 152977659
56352322 70889467
47210624 80455919
84994538 198045992
27056524 116209091
112251760 112526518
101495495 126482964
81744210 52411683
54738766 1718670
25900866 129217842
94607222 25331164
121833200 86299040
96987769 131215096
79575993 13058358
120654332 92934430
48802451 156384915
50218214 792686
122205587 80481972
37508329 160054565
90377835 21499179
121113542 68919139
96726241 131474207
119394406 97435426
121056487 68615193
44989210 169711038
79395355 53557783
121246205 90187813
70045147 7426242
64003973 4719470
108882739 41401529
120622675 66467583
47317645 377617
25916674 129480725
56821091 70437047
87308704 198644920
99526793 30276998
80041414 13378717
44888927 83190791
65504364 152877176
84064752 142428257
92083494 48531016
53874524 1515479
51017276 176202848
77276200 54701903
89593253 138071740
68687958 60268702
121211378 69459023
116609634 104517014
40630230 164361803
122021783 84492136
70209116 7509002
27111181 115983647
28148103 112268168
83683567 16008111
118884852 60364613
69312048 7061794
99810423 128305019
98148840 199976228
111540847 113622537
59369745 154776012
117569933 102357475
115547919 52456427
44135067 84366
104258713 35577963
120168309 64555983
66978990 61565389
36432781 158403774
72147931 8523023
119978860 95511139
54946734 1769073
93028952 135013565
68739527 6785852
105900209 121373470
113676079 48850652
100382534 31186943
40984524 88140384
120993372 68288937
78386551 12257959
88983306 138588712
112530752 46891998
117930718 101483540
43422449 46232
115653938 52673912
111579419 45365715
62623534 153882553
107536183 45888861
116038072 105711086
27894679 139878886
111739675 45619641
111843060 113161948
121136296 90735375
111228650 44815750
25941160 123885099
121057533 91117352
76717299 147319056
121674915 72383518
89461241 20704319
114161169 109314785
46470982 156476137
71768995 150070504
44461624 104793
99849099 30616655
122205666 80034239
115643672 52652696
32499061 101483731
116201409 105375656
96893950 131308257
80731433 13857639
115498578 52356087
104418866 46084571
100569139 127492277
91691489 136226517
97389931 130811465
110679356 43970465
116569794 104602550
26033599 122754126
58282059 2686501
122131464 77308296
114620875 108469462
73826095 148972544
120265634 64936910
52418262 156070231
27474060 114590342
107750999 119012389
96751441 27413305
119788166 63162894
104859091 36289434
83694612 51544216
115746307 106301184
76677182 11163279
118513015 99960926
114931339 51221250
113470237 48486649
40444856 164119533
73509002 56946452
43868481 84441292
107350507 39375504
98400363 29101877
108440884 40802718
66180189 152616208
29939070 145786544
121093372 90944565
77717041 11820440
29491906 144630011
27971868 140131023
46082912 242694
87943664 139445357
101448469 32352581
70759438 7789975
93138743 134912730
120064434 64159787
95609806 199848092
82490086 15118334
61102385 3613292
119290600 61558239
121831513 73619104
34228644 154678910
121656805 87687772
52222232 1160876
119967544 95551099
36593092 158657737
119696585 96477288
103420810 34596940
76476863 55152401
60151076 184492464
122196489 81079728
119919244 63617886
48821794 156383846
51642234 176831129
114212916 109221092
49783962 156323107
46689531 81055116
67504742 6214873
26118402 121880248
106868217 120159147
119831536 96026940
117907619 101541354
109224335 41870320
76343645 10958044
96005256 26675053
58054116 2618476
119100643 98312794
84224815 142311860
73233020 149296659
121284559 69882666
50016105 77333268
122006390 84666176
121220091 69507638
50329001 156281082
68212860 151758118
84736669 16820404
119226071 61359440
94414842 133721833
52760300 156024944
113515601 48566480
45342899 170120498
81343708 144337224
60478633 154497611
74228567 56493210
121433423 89131082
25973898 130306151
118908993 98863651
104982565 122483533
114953250 107845104
86555857 198468054
74210511 148760952
112079545 112797002
106925323 38833341
60870351 66684565
66397408 5725509
25986771 123297437
81205231 196788418
96685326 27347088
81548962 14436856
94329920 133802495
46814782 156466919
58489121 183116071
89005549 49530854
49239654 638900
41200812 263
79275689 196027287
63239108 4413750
115536328 106719169
117817011 57540516
82476072 197241360
122082169 76465041
61361510 154258838
118963259 98709271
118711175 99416345
67047546 152264412
40241741 89133898
28549987 141956987
42261907 166437143
113759648 110026446
45675542 203666
55933220 180912258
115656403 106480910
26849640 117158141
53096344 155978704
78960930 53781266
45125894 169869576
47001447 156461506
111051232 44540254
112473431 46798563
85608261 198221630
120596983 93170219
109541139 116556078
62179654 4007414
92215718 23128782
121845585 86193755
121556459 88362280
75892072 147809664
49735153 715119
122034228 75761728
92683073 135330283
80984830 144580653
42983729 28555
82591599 15192806
27989426 140188092
120221410 64762501
83594905 51587285
118180562 100845154
42154227 8816
33026797 152452216
72109562 57854886
32962872 152327819
33393500 153156019
80663481 144796838
74741806 148466354
121035710 91221469
117984645 101347275
69157944 6986725
109685616 42514569
30451567 105983156
81819862 14630660
72777274 192939430
26066305 131309673
28395584 111475963
117395354 56513204
118443106 100150063
28381035 111520761
92138481 199495446
62095600 65609640
58215160 69106757
122147410 77639788
42126315 86647902
79072129 12716755
25878548 128825650
118230375 100715616
28946755 109858110
105218968 122200020
98050438 28740217
122187639 78722767
74412023 9801687
117985719 57964913
94204094 199731350
57051840 2325620
52330238 1182486
75671647 147938861
100665184 31492071
78342018 146315118
108951934 41495792
93306554 134758226
100394432 127680180
103074312 124720186
121182126 69296463
27526970 114393479
86837761 198535154
38850718 161983519
85797381 141138115
93558516 134524719
107982096 40191047
105449298 121922504
81490932 144236764
83762068 16067924
116677537 54865670
54102946 1567876
121742860 87040738
115430955 106926520
115358166 52072903
79923114 145290346
98007930 28696373
108594906 117873229
51091984 156213913
117954631 57886175
78125071 54231140
119299196 97724374
100915904 127117405
71715699 150097770
94211850 199732143
57535424 182307300
57979712 69329533
105784588 37409839
85126070 17126382
40127110 89290777
94990294 25694499
26997235 116463529
43909972 71395
113055385 111226509
32921107 152245949
25852445 128295932
69599779 7203301
98563850 129611470
121957420 85167152
99055394 29783201
89594695 20819404
107954419 40154874
95337197 26025727
95185063 132982118
107455726 39510130
76188532 10863050
88071180 49857735
92945623 23789916
93350074 24160539
120728189 66968043
57403405 182194182
54628688 155747235
26124506 121822068
62082618 3971263
109249871 116965443
120386751 65435528
33668635 99300339
76231202 55292421
44547459 83605147
81678611 144108302
106441224 120701284
120283771 65008988
117893643 57732698
30663528 147505368
28409741 141523764
84663105 16762932
32041226 150488245
83591727 15938248
69870565 7338541
54058938 1557713
46465520 171398654
71440631 150237931
105020056 36482589
100761023 31595839
79161180 145788566
77474209 146857500
102179538 33175533
62484687 153925979
64671304 153189029
96549456 199904697
48748379 566581
69037899 6928347
81908089 14694220
63434325 153619767
109097339 117178147
105204324 46019798
43948983 168489747
49065865 156370183
67365617 6152161
62506530 65252756
109354970 116818480
113876032 109822581
72332623 8623736
29506897 108342983
113286297 48165629
88303896 198864991
27520773 138613421
25828339 126110877
62359064 4074404
87333950 18912227
72701035 57463114
30081240 146136080
119275473 97795426
102796286 33877249
52718567 1262494
100654955 127399883
118372616 100339030
96971574 27634298
118013861 58036688
77069136 11407053
40819166 88359070
63481260 187066776
121993356 84802615
101269688 126730885
71422211 8133969
108654128 45853672
28775893 142637255
55809378 1987557
121073445 91041343
83185705 197478221
48674467 556333
117100135 103440754
108196797 118416430
78553598 146179751
84414578 16569769
119420533 97355007
50804176 156240497
90841357 21905214
46046961 81803617
74011458 148870640
106480526 38271428
114818240 108099788
121870482 73974763
70232284 191508385
103521232 124207668
104171769 46106330
43156618 85330857
108367193 118184687
121946613 85273455
113261362 110881982
49149302 78273934
114353491 50097743
119030940 98515260
118557529 99839947
69719545 151073707
41355686 165295931
43308339 41113
74540960 148578131
67215310 152193468
25840123 125723986
91024868 199338396
121815596 73482708
121201322 90414698
66822248 5911065
55981912 2032957
97236973 27904377
101683270 32615230
54056178 155837074
121963743 74895780
109512935 45839190
73338792 149239117
111824296 45754038
119727233 62957785
59347752 3018682
90101359 137634031
122139461 77466023
88080449 198817890
48407517 156404919
32792674 151992119
99207297 128941768
43439746 167878587
26310594 120255135
69998706 59315412
117289678 56262203
31939162 102608508
111326462 44968242
77063412 147108994
45906099 156487084
84503995 142108370
122070144 83854942
68802242 60184885
63776274 64173766
34618446 155369263
84032970 197752553
54999001 72219368
70640241 150636015
51323049 986999
120842320 92118104
88825768 198967131
52209848 177395473
84219095 51320890
44604366 114277
91775130 136151582
104549779 35921952
78262103 54156743
73480342 149161880
63159177 186826774
121722578 72737237
87159613 18768087
95253502 47651253
31178013 104284661
45858442 156487561
76254228 10903271
27923673 113002611
33871446 154040249
121688670 72484223
49498635 77891921
86688775 140449483
47284051 156451957
74061810 193627727
49073762 613809
56570885 181473967
58616675 154954985
48836402 78620919
120529029 93443472
92155903 135808653
67635728 152012517
69636628 151112213
79651413 145469443
90175169 21322657
44331885 96367
32325724 151063545
26180178 121324817
65728584 5437752
61241367 3663048
30528417 147192952
42956865 85584508
56671058 181561412
122185076 81507996
103727527 46146853
119131189 98223501
92753405 23615020
30421449 146942762
98395019 129785539
70411551 150747646
115796957 52970443
119611351 96753060
56842475 2265938
89312670 138310030
57762089 182501304
46185171 156482423
89771217 199135883
68272096 151731857
43650650 168133001
47325636 80324278
81443001 196875755
70692127 191776760
66327441 5695196
59455677 3053658
115604132 52571389
46728156 309247
116754750 104203416
105629649 121704223
120523043 66022787
76968086 11343609
57375084 2418784
108740685 41208352
36606017 94460841
109998938 42963435
25996941 123173871
111719503 113351251
63337603 153651942
57063440 155293283
116184740 105410102
43994537 76199
42283906 86444113
96011290 199873371
83841223 51481133
122192334 78911010
25826504 126283118
90036258 199179702
98454261 29157782
80096435 53202797
77533132 11701635
120553639 93344623
116392368 54236851
61374892 3711217
81056103 14086259
66713400 5863368
105564128 121783609
121354906 89592040
95638175 132541196
83869669 142569905
115370158 52097010
42351986 12369
33429931 99732397
88036563 139369636
77355429 11588141
34548918 97778710
101236674 126767059
27163829 137313829
26818480 117314040
117287274 103016216
103553309 46164081
105161861 122268564
116326869 105115294
120791362 92345890
69350573 151244641
106378069 38142792
84526872 142091675
117198639 56048313
45942565 229194
108053235 118609805
76555512 194847758
44524512 108952
63836551 187326364
42706715 20737
44004771 84272689
47649824 172696608
46595026 156472976
121447855 89042725
35956469 157639909
120419861 93873374
87407559 18973266
42034961 7019
39022750 162220210
117377462 102808583
52042712 177229955
51596967 1038381
48618211 156394451
50418370 175598355
82280457 143693526
26419571 119533110
43245126 167643181
118056556 58145905
120748352 92534116
82224903 14924276
119994594 63897259
60987115 3572425
85873641 17721057
51938549 156127392
70716577 150598629
117480726 102567918
116517472 104714113
122147970 82501678
110766124 114783193
66090168 152651290
114898874 107947854
51961243 75288081
77026187 11380052
88126688 139296043
80979839 14032308
115818989 106155069
66343848 152551262
101259911 32143239
81448359 144265827
27189821 115671707
26119527 131781588
111780820 113257374
56052072 155496025
113713035 110107317
122116433 77038906
66001048 152686016
48597843 545743
94977569 47722760
88522110 138972296
114179716 49768896
120828119 92182070
121958990 74842470
65497911 62742714
93270045 48188237
66140449 5614457
94661685 199774289
47138819 356038
84147286 16362992
103619281 124094265
27278310 137751338
56266057 155454230
94229261 199733904
63898627 4676630
67826679 151928529
121854131 73821279
37029564 159333948
66073599 5585626
80330992 196452953
96075550 132113407
43203811 36729
83936595 16201128
77953453 146559607
109748860 45836317
121445314 70861526
122122654 83022266
115088907 107588009
77528579 54560565
120108500 64325848
29640311 145018527
93231412 24051329
114263420 49926768
30758874 105255862
86480004 140612302
118418036 59086808
34660223 97590829
69502891 7155127
112661941 111871800
71354371 150281790
121639927 72135110
80835785 13930850
55010905 155683875
63936907 153449133
61791247 3863182
48564851 156397136
82696911 15270068
85491764 50812926
107265234 119648866
92855084 23707408
99427206 30172193
87854179 139518236
84010475 16257648
34861969 97253641
119360898 97538387
121454707 89000416
78708144 53916489
122179725 78466373
72494655 8712312
48236790 496386
65377569 188415484
86845782 140326340
26260254 120652003
117349885 56404785
121259301 90121066
94065401 24822785
113427040 48410704
120103793 95067440
118538628 59410611
72419976 8671461
26689041 135260086
120815672 92238015
83366474 51686157
115102459 51561114
70425527 191621312
49928131 745477
88545380 49689133
64297915 153322387
64894989 153106245
104444551 123124368
122190600 78829514
95526697 26208844
102230329 125669532
58075459 155076088
110224853 115580960
114598928 50568261
85260251 141545470
119442522 97286288
78567505 12377911
108722647 117697164
66646581 189277941
90329488 49087962
91460551 199401300
120625461 93053421
90518188 137268065
50740785 76560208
57372415 155228986
114017045 49465190
32223861 150859667
99563039 199998628
68454935 6651678
28624304 142181599
112385050 46654823
29333661 144211378
67813205 60925147
47184257 156455483
97734696 28415090
58742359 183328459
122099167 83415461
68949971 151427701
43701972 60266
98564736 199986790
99776737 46658090
58660489 2802085
100480055 31292190
85467406 17396934
80796136 144707849
103552725 124171247
106590344 38409803
54417842 155780866
87403014 50096846
51567473 75694008
31054609 148393379
92461799 135531705
100181053 30970121
66335873 62070965
102950871 34054816
56013970 71219256
122196224 79115163
118822764 99105348
100819267 31659047
122206253 80372148
119465234 62106502
115452932 106883461
26342883 133324112
97263316 47173390
72880263 149487443
120998770 91397521
122077648 83745294
96484421 27146470
106888478 38786631
41142343 165025087
107476613 119374153
105624202 37213386
111894314 45865621
109086461 41679998
121736911 72847861
30142080 106727939
61939219 3917922
103628895 34839542
120866408 67648515
98251658 28948045
58945038 154878578
50142005 156295846
50243796 175421153
55400530 1882891
29768365 107659882
46026474 156485434
117879409 101611685
98311083 29009442
98809317 29526659
111475192 113721692
34371854 154933282
91384923 136500322
114178134 109284087
73930790 9519550
120599018 66360086
87605713 139719262
90101879 21258876
32405622 101665427
95889168 199866136
99352745 46734991
117436149 102672094
99867333 128244566
57949597 182661456
120368900 65360117
61159161 185298462
46536221 156474545
62411685 65334849
64924558 5099206
47123374 80556137
43354639 43065
61604262 154189856
29330011 108814988
59813636 3170994
51520522 1023690
103928161 35189518
79791922 196237166
83602848 142762397
119517586 62272919
99983977 128120253
92559736 135442645
109071955 45844939
122115984 83140438
64808922 63309938
115081388 51519116
89222143 138386764
121423190 89193440
61150233 3630326
95844825 47501037
63537292 4531372
121496496 88740925
76517276 11064673
51456065 156179309
121316127 70071105
58240521 155039631
57452473 2441248
98716172 46860534
30933231 148120596
109713985 116311722
75287406 10320154
122041515 75862021
29030440 109628939
109110461 41713029
94913474 199794824
46130199 81705723
121436844 70808901
51813247 75440290
58713349 154932895
89386537 138247392
82973343 15474042
103206404 124570025
48914017 156378739
25908158 124338205
82980462 143204282
77886830 146601125
46285201 262833
52563545 156051387
121008168 68364723
34058780 98611773
63878705 153469219
92930521 135103848
61899991 154103546
89475052 138172237
69706171 59524053
49877584 156316020
82032781 14784701
61757839 154145282
75409814 148088950
116633518 54768078
51167626 156206791
98401443 199983247
55796345 71432103
118934845 98790600
119411288 61936450
71852390 192434957
116045358 53490325
86749263 50334784
29413969 144424346
93144272 23971353
89120112 20411380
119706319 62887832
103442471 34622060
53719747 1480354
91972223 135974487
46841798 321678
90940132 136895438
45317417 170782
63761519 4621139
102565555 125294741
46378669 156478362
62859065 153807782
69250170 7031640
30551268 105746478
45610878 82323513
121404311 70607825
120972534 68182464
67316089 152150652
77798437 146656168
54729331 72487099
63187209 4393363
81033244 196724733
58134179 182817902
69542331 151155957
121543791 88442981
45207759 156491007
120957525 91590747
103363205 124390077
56091618 181052236
33865463 154029444
48155330 173238127
113901811 109776957
78532994 195720787
76638349 147366635
36238001 158093494
96375710 27039282
65077946 153038035
67470581 6199432
25861466 125122587
80277007 196431543
115892022 53168476
120815039 67394380
38236097 161118136
122133736 82809162
31110839 148517767
71084830 150416418
112416858 46706465
30614522 147392373
102094015 33078637
60022936 154613576
91276324 48784026
68103600 6488048
115201316 107372362
79467148 12984106
118473492 100067971
112237272 46415983
121119862 68953468
85752642 17624403
103167535 124614324
26564793 134617335
54759169 155725984
83053781 143152600
121884807 85850937
107661997 45883881
106741890 38601197
86377457 198424623
66910864 189454896
83827612 16117888
96820763 27482741
75906870 194539955
61894859 185869535
26882371 136165079
101006234 31863923
120735880 92588521
109356611 42053479
118292530 58753847
46324668 156479502
96445011 27107609
52050619 1126753
62174327 154021406
96164746 26831726
88303359 139151624
106154235 37864130
94674519 25394752
68845729 6836276
107613646 119193667
94363255 133770910
114460314 108768386
122156003 82311873
115042309 107676728
97518152 130681992
25831842 125988637
31220860 148760564
39677898 89912937
36174526 95135566
50750968 884248
121336611 89697544
120837575 67505723
69194799 7004659
115348289 107087878
85043683 50989434
72964123 149442507
29560633 144811115
93123900 48229409
102941434 124870898
48577895 173686906
120903338 91840644
38716710 161797855
107953287 118743462
97928241 130264915
49015020 605104
63640519 4572540
48548085 538901
107648515 39757815
90316109 137445794
39338976 162651865
49538493 684455
107108777 39066627
87933371 139453746
118259362 58667552
119814179 63251162
67427596 152103031
102983986 124822703
82136357 143793114
75869877 10669510
122073949 76335756
61653468 154175585
121410878 89266201
33892779 98900826
121594577 71825898
68024958 151841105
51259112 975381
57119329 181950085
35569439 96089824
82801223 15346695
89567867 20796229
94152305 47943891
86376862 18126226
64206163 153354858
103117730 34246828
99792273 30556697
45000126 143766
98147348 28840281
50685941 872713
121821126 86401149
52474262 156063088
59284706 154796618
69991841 150946896
100285314 31082154
95989873 47465069
47405197 172432255
67720870 151975169
108298756 40611124
104671727 46063283
122199093 79294492
90925262 21979234
95962393 26633017
55191919 72028298
113723753 48935809
52156224 1147746
76032321 10767953
26918639 116820758
62294192 153984815
116545845 54573965
54168120 179289779
66627399 5825780
108236098 40527147
99463444 128672190
75025860 148306459
35162882 156311638
89865510 137838552
119906519 63571235
85992934 198325188
58192144 182866679
54219343 155811774
75119726 148253417
80656748 13805374
43387090 85040040
120246393 64860607
52124297 156105700
43064715 31324
74841687 56114867
36103289 157877259
42581712 17685
49093069 174230865
68670468 151553646
38253213 91956319
72670083 8808599
71626687 150143173
70700264 7759503
63119149 153723857
122203490 79672396
48450027 525472
120509752 93519855
108335906 40661142
121939868 85339323
119814026 96085934
83700823 142692026
76036820 147724562
31540335 103464312
88001692 19467530
26200678 121146022
107270946 39273826
78317960 12212805
59917293 184302486
73580276 9317094
121591101 88138530
37438224 93183968
40200695 163799207
35460188 96266759
108520930 117974624
121905873 85660898
84505138 16640040
118190506 58489858
114719997 50804563
121244872 69648772
107185830 39165073
59049696 2923908
53611510 1456048
81347510 14293306
41519451 87437449
84735422 141938748
46186178 252825
43699485 84650678
59214861 2976173
98360483 29060542
82431726 197226414
92001662 48555930
66517280 5777695
86800408 18472394
78804015 12536407
75738299 147899928
60580806 3430828
26367771 119871731
101763516 46370582
103652549 124055727
37221495 93512905
117695465 102057838
71835301 150036557
43595690 54725
53215686 1368476
98908940 129254036
117634662 57090858
64119054 153385460
103197564 124580119
118595994 59566001
105956752 45968935
121717930 87232391
102000850 46339238
90711251 137097801
94004193 134109566
85803454 50691916
41773624 3541
58570946 2774295
41803756 87066351
103528609 34722467
73637508 9349896
120590028 66319391
119021431 98542709
93233369 134825784
92700462 23566948
64970112 153078258
36008023 157723809
25958750 130121585
83884331 16161162
120694920 66806895
92325487 135655316
91202418 199364636
89279473 20548077
91123411 136732963
92165734 23083848
65043963 153050735
90009243 137714191
39174992 90617168
122108908 83258894
54291209 179405860
46644778 300387
115188059 51731945
78399577 146278332
36342892 94871169
121171687 69238744
118451693 59176734
27607286 114095682
89830316 199145694
71142890 7988177
76390413 147515001
112728040 47217667
104720239 122796581
70107179 7457498
38524766 91556598
119559324 96918018
42479245 166707053
86458903 18192974
112688959 47152661
32851823 100811447
35713879 157242141
48178241 79358237
87109928 140116603
42946008 167279736
107667936 119122048
67071020 189559290
27789240 113451596
95541970 132635058
72086278 192563131
66394282 62024476
119759363 63065480
116262724 53956417
61885305 3897894
48332076 156408544
106766463 45922890
80306221 13562101
73011637 149416805
92069942 135886361
25891944 129063939
47439411 156446343
122199928 79349722
120462594 65759901
83041302 15524454
122053283 76026103
121566895 71641480
94793842 25507828
84954677 16991438
114550326 50474264
102497246 33536100
58738448 2826376
105987819 121265398
87719542 19232595
120938114 91680775
121137835 69052206
60409824 67094207
39931702 163443890
71179390 58492070
85870837 141081907
57906115 69399327
52649780 177830311
48324107 508283
116690921 104341896
90744088 21819551
100911894 31760373
57254548 155253607
83173254 51770405
70916777 150499931
121087517 90973009
30925064 104867011
30345467 106235862
69311373 151262696
52768383 74460566
58638266 2795170
26390790 133631232
120876106 67696867
119642164 96653948
121740568 72876529
31577314 103382167
61168592 154312536
114770896 108188697
121370565 70400947
53166974 155968851
81938879 143929438
80517664 144894493
36466970 94677503
84359279 16526920
120445185 93774092
95706788 47535850
95435845 26120785
99590285 46690684
76131798 147668470
114232907 49869188
44783220 126811
73001958 57268753
62898381 186630583
111547964 45316084
119550465 62378302
93695096 24478989
122028079 75677330
105521719 121834966
90548036 21647751
112567131 112024883
94558012 199765029
64544202 4941487
66909401 5949280
76132495 10828835
62106969 186031358
102776414 33854483
95234512 199819652
96584294 27245914
75049230 194125907
101845024 126097594
107175772 119764695
116588208 54667686
28296306 111789464
88505547 19889183
37444579 159959962
73760693 56787360
27460338 138402575
104285478 123313072
30848555 147929491
60502249 3403928
109424519 116720521
64363837 63681247
44275279 92867
74738201 9993996
121308789 89853919
108585716 40998554
98959411 29683083
81345459 52595869
62272324 65455565
69070344 6944118
41190095 87869397
45644792 156489340
108973962 117349759
58383201 2717130
94341060 47892946
50405225 156274666
87610141 50022413
78982878 145903540
94189537 133935106
100101094 30884489
93361165 24170758
68920137 60098507
72083281 8487893
105193457 36691257
29107394 143586185
34022063 154309947
46542988 171485515
45451382 182651
68476164 60425209
82688334 143409692
94501200 25231080
111368117 45033262
122039808 84269514
104208940 123403858
59914740 154640687
68325269 151708152
121676641 87541745
79193371 145767721
53519615 73696781
51167547 958833
67614041 189909121
93790951 199688052
120194730 64658659
87850633 198767676
116642669 104445850
31972633 102539386
112777195 47300194
59469339 154751612
112197762 112611780
118834042 60222296
115923471 53234051
61514400 3761710
80885601 144647607
101589550 126379369
33776131 153865492
91524654 136375666
61079251 154337171
45396404 177728
105755854 121550917
86388415 140683207
119214428 61323832
121419533 70701480
101288474 126710289
61760164 185765721
107060798 39005445
107480422 39541753
121509641 71266712
69054361 151380173
111016732 114409084
82727358 197325846
78748440 195810957
81237178 144409779
88153690 19594398
102640205 33698910
83611531 197616836
68346619 6600948
71918537 149993396
93597865 24389074
66242469 5658484
76859984 147232777
62591726 4162561
117167763 55976195
82220364 143735063
122191563 81275021
122176500 78366816
44920568 137185
26053152 122543070
117675250 57190213
87456987 139839119
37923756 160664253
46777795 156467963
57173534 155270427
56071446 2056733
53745779 178887401
57525968 69761160
65512706 188507723
117972694 57931785
29664646 145081546
92758345 135261584
115300152 107181371
64625073 153205788
81958422 14730739
26482244 134168087
104655487 36047316
66388430 152533384
84079790 16310916
67573223 6245843
104362632 123221552
96705875 47297471
82117932 197118102
55114760 155666307
33529945 153412502
122102590 83360875
118579335 59520607
121532092 88516936
50841664 900347
100744326 127303531
89727117 20934018
68166532 60657110
75451746 55749734
74486711 148608249
54118606 155827449
58694379 183288240
111992838 112931320
54919149 155699331
102060890 125858148
92409590 23303291
91400511 22400933
33256191 100051970
119234032 61383808
55620414 71604560
112054136 112836391
105954861 37618777
31650479 103223820
106097998 37794866
121919891 85530198
119067685 98408605
74107758 9622696
115920366 105950246
122165479 78053325
121992514 75232039
107864165 45876909
51762314 1070265
111186191 44749619
118095996 58246847
104853129 46048143
80021814 196329822
105073015 122375109
66224893 152598655
26637342 134997207
121826045 73571952
99338849 128803456
120438796 65657627
95436972 199835137
85358721 141471187
114491682 50361877
79858034 53322866
71771281 58084795
79284580 145708635
116409684 104941737
86260072 18031413
56374197 155432873
25868634 128644248
122079627 76424909
104527289 123026101
33501243 99602643
51665637 156157834
51209520 176396690
73146437 149343669
122093145 76642249
52660181 156038438
68579452 151594577
68863339 151466769
50675228 156251714
49447789 156346489
82310109 14986343
70875519 150520405
34015255 98687519
37685231 160316518
98853288 46832150
58139829 2643929
120319763 65153717
91655585 22627921
115460857 52279616
117549125 56882880
40426798 88883183
53956917 1534312
42551929 86100044
120835155 67493763
78782749 146032403
108867872 117496695
110596229 115035541
117707373 57269059
94346048 25085131
95286783 132883268
110710826 114865470
26162438 132100084
113789856 49053936
28104590 140557396
72207569 149843087
102871025 124950618
55362418 1873281
100273738 46580480
122182246 81600425
57217816 2373374
44843993 169542442
66777785 152375220
34444439 155061830
122122236 77141495
84274325 16461154
89021286 138556850
28884282 110031944
28749486 110419489
121915222 74403316
56843885 155338566
118817785 60177082
88182682 19618614
85077734 141682730
82416606 143599211
47975736 156424774
109905981 42829681
57507375 155200303
26101876 131636554
45041650 147209
93188175 134867313
119662069 62741356
60075006 67394165
61677430 65975085
119125168 61055930
92066440 22994817
102174945 46317597
67402366 189773270
84747665 141929662
86612646 140508960
93048375 23883589
117855515 101670947
35518711 156916298
44436107 169064782
98653911 129518300
107098872 119863670
33644684 153623811
113112402 111131956
26777710 117519803
39691268 163123503
31833337 102832874
27309876 115204797
91291989 136583028
88425983 19822431
121814787 86454689
65201850 62984019
71188817 150364508
58720691 68632259
87634407 19161758
111936086 113018933
88094602 19545069
47764694 156433541
32983773 100561887
91817627 136113450
81607440 52474743
80475592 13679543
40831073 164623592
100014804 30792351
102775788 125058258
98874034 29594050
83163552 143075130
31339658 149017716
60393631 3366747
69466779 7137340
120651206 92947350
120575305 93257466
104089176 123545441
35057134 156131065
84866478 16922110
108412289 118123156
114665581 108385919
53679835 155894389
94754780 133397372
116484031 104784863
25830578 127545234
94606411 47821729
109171692 117074463
116508879 54492370
45669012 170495394
29802519 145437125
96515209 131682265
106221797 120975778
47471774 80157684
26460556 134048132
107284525 45899281
51020125 156220643
115693106 106407544
110353615 115392880
116110530 53629399
38101328 160922616
85968476 17797024
53931924 73282115
120324628 65174047
58334285 155018814
108618018 45854607
80141675 13448081
68808984 6818799
120928301 67957961
107224449 119701705
118155526 100909978
77453027 11650293
54564495 72650849
86551960 140556283
68512826 151624399
56696297 2225551
32072850 102333977
56783381 2249549
45752724 156488497
121781328 73200405
46789380 315885
94650397 133497432
28259720 111905497
27063700 136922716
106279350 120904164
59568020 184015043
73549390 193356329
50452999 832207
47523258 403168
71860729 150023415
102440796 33471887
114843325 108052660
120976064 91504512
52642607 74589048
120888121 67756789
27108081 137099689
112591257 46990953
101083815 126934277
96257386 131935311
96218989 47409888
65985579 152692022
48070531 156420620
70395451 150755419
88281478 19701325
30657497 105495298
26526027 134409887
35291806 156531397
101171792 32045940
53763053 1490096
54714469 155733315
95788663 132394212
58772876 154919253
116981042 103705958
79498034 145569772
75709917 194445681
111403872 45089307
68837231 190674598
57714848 69580794
29057581 143446086
122206581 80275638
81652588 14510837
114272281 109113432
115249666 107279066
110480113 115206854
120639809 66546558
92881600 199587115
85255469 17228558
99113170 46781117
54829063 1740453
26200035 132368325
104843383 46048953
72931198 193023073
86126116 140885908
94600621 133544883
85277500 50897318
111048652 114361341
91045642 136802026
117073310 103500793
87323748 139946241
94474759 25206174
89613944 49325360
61416534 154243367
81147520 14151138
56988720 181837467
59055260 154851998
71716835 8290212
95862329 26535254
51562008 156168597
89964505 137753082
66367157 152541936
97386535 199946805
58408679 155002226
52898338 156006287
85538906 17453908
95560478 26241615
42922370 26649
51955001 1107857
53107119 1344954
110920376 114553066
54319058 72894760
76198925 147628723
83427440 142887652
68269744 6565037
120207341 64707734
110735714 44056098
86923054 140265090
118501506 59310591
120946607 68050504
116740234 104234983
52342303 156079509
61050604 154345050
121751871 86970368
26426091 133843891
116537919 104670542
90754737 48950893
122189027 81372280
47055345 156459886
75940546 147781192
65272913 5245345
57857835 2560296
91038767 22079527
84781567 51092808
70427041 150740138
105519188 37085331
94769921 47777982
120710883 66883477
117735855 57339211
73732688 149023847
64989495 5126387
110778032 114765464
120923168 91749651
73429810 149189460
70069366 150910636
120673591 92853284
67192369 6074412
84454025 197883296
88444036 139036371
61992465 3937710
122197899 79217848
107024561 119959060
71400100 192184109
122033284 84353935
117614234 102252163
64365046 4867490
56385615 2140833
81444638 14362440
100201863 30992459
44477782 105854
78183775 146415434
50131236 77210074
88631326 138881899
77695086 54468055
50242523 156288070
92524856 48400143
29669018 107917225
52473678 74762235
88754250 20099371
45587371 195268
37009902 93836071
91145693 22174400
94166069 24916722
109052291 41633095
103483007 124251819
111945011 45946484
89777779 137914071
78456273 54051752
69904725 150987640
121895372 85756039
91568705 22550560
112508472 112118557
117012725 55618280
26058062 131229189
121986379 84874460
87000642 140203474
49610857 695708
52353381 74885582
26787977 135735761
121954397 74793414
113369569 110697588
27859623 139764373
121760267 73032277
121632754 87856505
71771383 8319420
84131957 142379411
122161693 77963815
68884354 6854666
111373064 113875316
51358098 75911640
59855794 67591389
112600716 111971248
54982791 1778038
84894549 141820005
105344172 36873093
118632566 99633798
76525290 147434531
26345594 120018309
26025557 122844841
119267858 61487765
82371593 143630401
95190031 25884712
115267922 51891699
108506768 40891802
30999575 148270228
112345042 112378719
103726501 123969943
72852197 57365026
120385079 94009561
75386523 10379444
94248123 133879843
75455592 148062898
31843856 150083171
35609425 96026191
45316397 156490912
64824958 5057817
48942557 594569
46387650 273457
119149412 98170182
93427727 24232091
38543499 161557409
90612142 137185279
50076462 156300859
109686351 116350890
76788954 147275787
48713694 156389550
56638441 181533047
116131396 105519904
75369877 148111667
119341682 61717890
119565258 62425728
55887335 2008069
46787137 171757430
120476540 65820006
91825510 22779519
81880823 14674573
63582602 187141849
78875727 145972537
110574389 115067856
110990096 44445783
84772642 16848557
65290310 188355113
101160249 46452545
33143044 152678229
121802003 86560450
51897643 1096598
117789619 57472520
73345423 149235501
34923639 97150783
121276902 90029959
56548898 155398160
114340944 108988084
64569405 153225822
100477454 127590898
62185175 154018121
103756357 123935254
89883672 49234744
115214907 107346214
55256547 1846619
114852274 51064897
116944221 103787423
27376528 138109074
113991763 49418592
122086835 76540118
39483882 90182733
119674667 62782960
61132484 66453770
52413856 1199503
26309302 133106673
102740004 46249900
121185963 90491705
120779748 67220415
99010258 129148400
103265887 34417782
119194898 98035950
112037331 112862424
82171517 52217675
70183078 59184441
81149603 144469127
78402942 12268787
67008323 5992724
36872621 94046248
50912638 156230573
71107359 7969784
121737359 87083328
43861675 168385432
80089639 145180059
42670293 166943166
111409243 113821068
101159946 126851073
75273585 148166343
45834313 218790
90542159 49019233
72693240 149586857
75045418 55992581
78112724 12078173
64287406 63745120
118919093 60460652
64494416 153252539
79005762 195916886
77194303 195142145
59101145 2940116
56952053 2297160
100703870 46517619
114990385 51338231
39298953 90442051
83301729 15719703
72364132 149761013
94176230 24926209
59996854 3231966
58918654 68447931
109846441 42744420
98876485 129287826
48228066 156413458
63746504 153514273
101553976 46398256
121662663 72294772
104048730 35330967
69365136 59773045
121332904 70172384
108196264 40473986
44178543 86994
55194325 155652818
74953449 194078452
121349745 70274303
79362940 12913303
119507823 97080777
48383630 173480888
103299894 46189378
122093725 83499838
81530686 144209588
43578707 53875
78034690 12027103
112865313 47448250
80801878 52854869
27734353 113639098
106672932 120407866
120533392 66068119
27707644 139253800
62995436 64833624
110581309 115057633
57762759 2532179
66021466 188854517
75548702 10476519
120675474 66713677
79980789 145252184
73899626 193542563
82520245 143527235
77170562 11470944
93703835 134389662
97170621 27836466
115792818 106207774
78669540 12446225
69710243 191198713
120204740 94698761
94299148 199740820
46888538 326931
121838295 73677782
42798599 23251
111670974 45510758
31386071 103812471
97427119 28099220
84042941 16282499
113838838 49141497
112353907 46604365
64517389 63552970
122204093 80635525
84879534 198011964
29601712 108093067
37306398 93384019
93578428 24371107
113160237 111052159
112893210 111493299
65812264 62489919
122047370 84170165
38784913 161892398
98316459 199980967
35794903 95732933
57572255 155186211
121489639 71139852
54940354 180010916
121517426 88609348
114416019 108850323
31772805 102962200
119316585 61639392
86134711 17930390
25850826 128255327
26244912 132682471
69172109 190876654
78434006 12289322
100920644 46486634
42075872 7602
60242542 67243735
81867799 197029668
79955591 13319382
91502988 48711761
77313519 146956388
121846055 73747424
28915412 109944093
32443102 101592281
115824120 53026964
109790772 116202533
61851902 3885541
114796442 50954842
95079699 47696045
83390381 15786293
122018049 84536537
48472489 156401763
114042385 109527136
63443750 4494399
94754922 25470851
50804222 175987943
62385430 186243119
26479654 119157638
60173679 154575472
29252165 143989389
37811007 92620218
51388604 176576584
104584997 35963717
78130968 195551195
59732300 184150631
110888694 44289787
90471331 21580782
80399216 53051966
30244643 106478851
68161362 6514804
114419830 50224436
106409400 45942415
72591734 149640790
52234459 156092665
55179193 1827141
115404246 106978802
67290787 6118532
37712789 92768692
96472276 47351220
116890357 103906351
120988090 91448048
88334254 49764142
95969194 132217567
121999974 75320597
122168215 78124255
62211749 154010008
77929402 11958348
66561657 61891624
75109904 10214148
86229351 140806208
88235279 139207277
117163015 55965110
66009147 5557913
112980347 47642008
121989457 75195911
111956902 45965455
89906071 21089050
76926498 147192386
121465258 88935247
32249126 101975111
122155518 77819997
47898197 450729
34396842 98035734
115857181 106077993
97900337 199967608
55613367 1936870
54275584 179391177
109894996 116054161
67713146 6309205
103031776 34147860
122064820 76194740
59629334 3110331
86792806 140368108
115033525 51423777
77290382 11546812
116854964 103984112
84685698 197953807
58254049 2678057
98841529 199992479
39844342 163327552
84202223 197806356
82644966 52005595
45609538 156489573
61280966 3677281
80783677 196630557
120278271 94422403
38660283 91358659
25986020 130444464
78970665 12648474
120013760 63969272
104872059 122615926
59124420 154835318
67111750 6038439
104641834 122889869
121746858 72925919
53389090 178546564
115232089 51819888
50088926 175263497
87992923 19460218
118547425 99867498
74589238 56268072
27867051 113188869
47994080 463523
99952730 30726210
113402969 110640479
59657613 67769751
58528569 2761342
34537642 155226794
36921935 159168113
99646966 128478297
60975012 185153464
111653492 113451560
49764782 77602449
121794720 86620643
77207761 11494432
92556113 23435962
122204645 79854089
110460709 43641330
58886879 2872730
60559187 154476643
120005530 95416947
75086365 55968028
65850045 5489652
99890293 30660131
114120596 49657716
57302283 2397756
35833185 157438631
120131304 94968077
97819674 130375778
95664400 26342466
112723555 111771274
91601316 136307179
109151751 41770012
98617395 29327132
109647254 42460190
73873670 9486378
119670535 96562011
102647718 46260733
103094671 34220239
44207256 84022969
47126863 156457448
117414448 56558783
52500742 1217344
106523327 45935996
110526783 115138075
42421221 13863
120069065 95191903
68037057 6457292
120250546 94527965
62629040 186427610
109480605 116641456
101976156 32945221
49017044 156372953
121658120 72262173
120086076 95131050
114670363 50707391
86218882 198385054
33207137 152801088
109947523 42889205
32671215 151751289
114068986 109479694
86964142 140232474
101688478 126270298
47050199 345561
66453744 152507025
118286627 100567787
105384446 46006287
116447920 104861162
58309648 182965497
78209712 12141773
26698175 117928360
93473856 24274631
35418295 156746973
119496169 62204784
97515898 199952611
108797052 117594578
107461650 119393768
118380186 58985688
66479287 5761124
104789144 122714590
121200068 69395984
41091034 95
92265850 135709244
121770759 73115630
78751576 12501234
112164000 112664957
69951229 7379007
121019486 91298806
77908135 195456472
63818121 4644007
67074005 152253353
67932829 151881738
114379632 50147665
109311742 116879149
94518422 133623226
89975915 137743183
77640200 195341229
118485336 59267075
47166378 172173555
100580819 31400977
109049754 117244499
51852415 177041189
73802257 9445088
57555739 2471240
119961189 63772895
73365797 193257880
63852254 153478286
79704584 196201848
92617082 135390454
51863819 1089986
75940744 10712330
120152197 94891913
113563358 48650659
69145580 151338634
51370692 995681
91920104 136021370
102634635 125217139
106824708 38705906
52595747 1236921
67799827 6348648
122163550 82124646
111006637 44471336
75156450 10241887
88562001 19936674
25997633 130576235
121305921 70010107
68717001 190600551
53788534 155877926
45219416 82792774
79223529 12818827
92270499 48474493
46592124 81167760
61835926 154122386
115580724 106631389
70340626 59074390
108127461 45868145
48041652 173116899
63981129 153433724
45781995 213806
28816464 142757425
64734589 5020284
89003159 20311312
90878751 199315719
49377486 156351012
92449354 23339155
121703655 72594041
105823369 121467929
62573741 153898163
45828907 82063309
51706374 1059423
115492023 106806535
33609160 99407439
51422647 156182620
72309639 57721782
120749400 67071753
86921329 50271505
41066103 164927144
115732010 52835563
92399237 135588441
121457862 70939626
48147139 156417244
120175375 94806762
35625657 157095023
102726706 125113636
25921776 124148618
122197152 81051458
68908227 190717770
120302527 65083573
67496352 152073272
121854499 86117193
121039111 68524795
119892768 63522091
73272178 57096231
74106026 148818572
121864223 86032490
121928055 85453185
117130696 55890244
122199059 80968008
77262509 146987613
25943881 129920164
109297194 41971099
79490608 196114947
61430746 185511281
101008519 127016524
61712070 3834025
85994157 50619198
57262928 70013102
85200169 198106477
113743256 110054952
87150778 140084101
113651453 110214010
95796332 199860244
75607267 147976149
49709091 711048
55454556 155607567
55504328 1909075
67572222 152040329
117458064 56663089
30314236 146690639
49269235 156357812
50531048 845664
83391235 142913444
106514208 120609046
113559042 110373202
54394084 1635945
86627139 18330294
91016230 48866963
75979366 147758381
85176921 141608205
110222967 43289052
102071266 33052873
25824240 126539419
119479083 97171513
83198450 143050414
98717701 29431402
110523376 43735348
41847909 165919348
121282611 89999357
31294465 104019879
104826861 36250958
27255944 115412235
26233012 120877252
97324920 27994469
45384048 82594987
50509793 156265851
78872756 53828236
75486667 10439380
58416743 155000420
119883421 95847170
31665208 149709394
48850064 581232
60915729 3547158
96773409 199917100
82893530 15414964
111800209 45715688
25843991 128030405
55739738 180740229
49925756 175096320
122143657 82597933
52986807 74237529
53213018 178377686
27675246 113849409
69579495 59616491
46528111 156474749
106996673 38923965
28573042 110937232
29237191 109066148
97980131 130211906
31492369 103572409
28482257 111209887
116298020 105175472
121995951 84775694
117851794 57627679
103800253 35039862
89332571 199059879
52820742 1284074
117331278 56360499
105258714 36769916
113207470 110972882
59888930 3195929
108451411 118069686
81985329 52301777
58169889 2652872
39174399 162428206
115151565 51659064
87237024 18832051
25891205 124579323
98201170 129985012
121022259 68437457
55284027 155637558
119095281 60967297
116807047 104089243
62973364 4309666
121153924 69140706
47796044 437527
43331186 85110267
64957845 63186115
39832042 89699018
60646124 66883687
119459518 97233135
56798090 181671819
121904983 74304453
111260531 44865446
54888382 1754847
76820304 194971044
34762020 155621829
110151293 43184500
70380376 7595784
106352446 120813100
26708394 135358414
95895677 132289506
81774836 144042249
76132245 194647746
91230346 22249638
50072204 768816
70833218 191858965
70604873 7710480
96217941 26884034
64442921 187760099
111494769 45232215
94945375 133214080
60308318 3337549
27586605 138839862
122194200 81171713
98654239 199988639
59719830 154689439
38923219 90976098
73374752 9200568
90042166 21207069
86154954 50558041
50565531 175747066
32166937 102142338
107910849 118799929
103262573 124505723
118220982 100740056
121472157 71029636
59626901 154712592
45889784 81990754
84294823 142260840
77399536 146903702
116780954 104146410
49592023 156336862
87703708 139640095
47686286 156436694
54082287 73131038
67407254 152111798
42476265 15171
49841267 175009346
47545255 156442282
122178818 81700522
63269050 153674639
81673866 196960046
118860949 60297654
82439462 52097506
41525549 1603
100342568 127735917
71024815 150446262
110843220 44220183
60384996 154521646
57798057 155136983
117042458 55686433
43896757 70668
75219740 10279688
74948133 148350364
109426680 42150865
74078254 9605470
56160582 155474944
56493641 2170145
77443883 195253848
35244962 96617703
78700021 146085636
122203477 80684390
55604393 180618129
122106631 76866916
87533000 19077399
112074312 46153272
118313203 100497189
118672169 99524255
87810584 49950670
104739481 36147113
27416873 114803674
81058674 144530672
69904520 59382513
121709727 72639558
82771248 143351533
111879459 45841935
97503149 47120796
102713997 33783035
26285204 120446311
100000000 200000000
100063290 128035670
118858149 99006278
83071612 15547084
106600400 120499927
95581384 132596624
83006862 15498886
78529985 12352918
112134285 112711609
82967806 197406434
43795904 65272
101074243 31938665
114065746 49555145
65824415 152754355
106344008 38100204
59815257 154665593
116306473 54050869
107740757 39876912
83981913 142488431
96515601 27177447
25836959 127788947
87802578 19301687
97016756 131186211
118062451 101150284
72277825 192667625
63010150 153759074
40967521 164800173
74530628 193867396
83893551 142552580
111608952 113519230
87377497 139903044
112024679 46073763
71640796 192317699
120798813 67314220
121079133 68734270
98040580 47003654
91680903 199432544
93705812 48065540
119594043 96808041
74359563 9770795
25928087 129665402
58456627 68879795
103411047 124334901
95386530 132786310
117020459 103618737
69293337 59825542
120092346 64264856
87477633 19031382
75744941 55576161
106014821 37692439
119939809 63693818
97208009 130994635
97787229 47058820
28256960 141041468
71253894 150332007
60180008 3293813
105135558 36621508
110569727 43805021
35711345 95864956
63933213 187395819
81640568 144134394
74713810 9979602
119397452 61892843
113427335 110598800
114768736 50900363
88905580 138653887
115602752 106587768
91757159 48632297
61291139 154278583
68341114 60526344
33305297 152988843
69440072 151203332
42756968 85838925
39051459 90792580
51082895 943542
121363186 70355921
91751266 22713232
113620245 110268076
76765984 11218123
47676136 79925782
25858797 125186830
104165405 35468183
26297526 120352775
110960002 114493888
119373107 61816260
59530477 154736521
121213091 90355531
110599823 43850299
87264461 139993608
69764208 7285211
53557349 155912875
118954586 60560436
111235917 114080913
91015009 22058501
106256473 37990872
121295334 89928999
119938284 95654381
52133996 75110749
49629274 156334244
116908971 103865264
41417098 955
49009632 604313
63208213 153694667
53197991 74022798
88840788 138708136
71785291 8326869
73994866 56639812
121001460 68330274
88488084 198902417
80768204 144726615
114528882 50433164
62716409 4210324
92281430 23187903
38385849 91760641
41953541 5862
84177122 197798389
108301223 118274641
120493334 93584652
42857193 167171355
58159192 155057678
118364100 58942725
78046999 146501185
119641048 62671949
122201985 79502039
55895262 155526217
87162120 140075075
86029486 17845930
116088575 53582467
97007862 47229804
42637233 19037
53996289 179126319
53383762 155938127
108258805 118332343
60805124 154411008
73319150 9169415
91452826 136439777
38474734 161461317
26233824 132605859
84393885 142188643
114163742 49738804
121981008 84929220
28006221 112731922
95029355 133132932
64065788 153404133
81154192 52686244
26945963 136437216
26953319 116659523
120757892 92492409
71877664 150014625
55544055 155591588
68319359 190354125
62921425 153787719
115558280 52477563
71497242 8173528
113275516 110858018
36011224 95392184
110847153 114662391
122006865 75404870
34248750 98287645
122102846 76803634
73781110 9432868
72005828 8445877
62492705 4124958
36367970 94831923
113887472 49228479
48894020 174020861
81784982 14605620
97145038 47199423
104401419 35746288
107586740 39678252
72277263 149806597
42892321 25822
61839140 65833418
72559964 8748056
60522994 3411030
49654994 174816805
27202456 137461947
61668312 3817974
106138356 121079353
72966022 8972535
88846997 20178236
91884633 199460946
120401910 93943663
102381759 125500552
70916892 7871294
26020783 130831786
46487230 283816
79125095 12752441
121564581 88310280
75016837 10158921
71329094 58388631
72486225 149696695
103969424 123686396
28182080 112157335
101616180 32540157
105686952 37290157
65177317 5205101
99523764 128608483
95083322 133080682
115476567 106837005
119624435 62617326
97546859 130652915
64249492 4819900
73735884 9406736
97198656 199938166
113620919 48752744
93848433 134255145
59730440 3143516
25878469 124763852
54699443 179787171
46033007 237887
113373223 48316738
109490737 42240003
119785429 96181663
115312645 51981490
110057248 115822387
48416038 79091257
104563069 122983561
96085665 26754006
73118583 193124654
115414562 52186323
102830528 33916556
72594257 57533261
68952710 6887226
120568616 66223814
93451298 48137180
37580044 92969449
117265491 103065935
117090116 55796329
46272447 156480601
60307240 184619033
119184395 61232232
52973454 178146092
118739383 99338143
59510586 67903023
60281046 154548177
88915034 20236188
74693256 9967474
85537235 50795142
54214372 179333581
99574606 128554774
49222143 156360715
68447197 190433445
49028733 174163039
53348312 1397480
97301030 130901109
45032866 83017035
43105220 32839
57302258 155243671
45488118 186029
116919549 55406747
48782822 173903433
60861807 154395814
118797750 99175337
100845468 127193867
119759771 96267528
56135955 2073935
114360488 108952254
104129488 35425942
58462325 2741146
69883988 150997333
121963555 85105893
119040084 60805780
51171231 76106378
89512415 199092448
118584446 99766037
88593043 198922592
99884796 128225979
29414615 108588017
119851660 95957318
52919329 1304950
113014005 111294703
55176977 180227992
104058461 46116363
122136958 77414130
118080120 101105001
65946767 188803759
45976176 156486151
122125261 82975655
45241528 164192
93545597 199662018
47614755 156439551
120603701 93142707
61998117 154074442
53453510 155928140
94908190 25616481
119848220 63367821
94058772 199716401
33817699 99032281
101811910 32759710
49328990 156354072
120743796 92553996
80167205 145128562
96304396 26969097
56329093 181261880
76492195 147454282
31107658 104445019
88336860 19747711
108664827 41105561
79489888 53509672
84852907 141851127
110018956 45833642
97090892 27755177
55091544 1805197
117351421 102868673
66612147 152442692
122206298 80191546
93797390 24573589
68759074 151513783
77560168 146804221
121829243 73599471
90233466 21373407
101387238 126601891
44720648 83394040
122098571 76732509
79719516 13156522
114118134 109391954
74695929 193950235
99220446 199996668
65923629 5521179
80864902 196661677
83123278 15585686
37232891 159643129
115840769 53061629
122088038 83587003
49325503 78081005
74599512 9912182
37936728 92430507
41749044 165794351
97602532 47099044
70536705 150686582
116577456 54643880
25848078 125470415
104154973 123467738
41285661 445
80353836 53074494
65363731 5283587
57738429 155150062
76894380 11297644
121404880 89301405
30210812 146445940
108989957 41547791
112603697 47011446
90158816 137584027
26165897 121450848
93873160 24643863
67654751 6282748
58996822 183540826
66146049 62222236
98488660 46908624
28657207 110689015
110661777 43943764
114564017 108575475
106774272 120279082
118600564 99721747
114472571 108745626
26362099 133448147
98162474 130024761
110329476 43445816
96889941 27552234
89832358 21025185
121387667 70505778
75396974 194294959
98816596 129349928
83793712 197675834
120500636 65924915
49563216 156338878
56217226 2095642
44667904 169336537
74636526 148525015
27755533 139415735
115000198 107756350
87790750 139569738
74189384 9670661
115968000 105853554
120655695 92928757
88795454 49602853
56541089 2183079
86025525 50607242
103707661 34931601
121288287 69904799
122200665 80871984
119059684 60862996
26128563 131848701
65929514 152713735
80232887 145084898
62269511 186155067
113483057 110503481
47903521 79668001
65817289 5475629
92504777 199542126
121604757 71894621
107881717 40059970
102155125 125753249
75995181 55429924
106401091 38171621
41567029 165564183
66717565 152399753
26555398 118705416
37210049 159608688
42049254 166172021
30033239 106994080
29943617 107213524
63176984 64678675
93604102 134482385
122049755 84138035
51896070 156132281
88665450 20023951
26889753 116958161
101354591 32248135
68056119 190189356
114716999 108289732
89458996 49377460
80934950 52790463
87579518 198706932
101901759 32861142
30293101 106361665
72439617 149721311
65253365 62941685
119912689 63593736
115997505 53389341
59256444 2989420
76786303 54977725
78459400 146240085
99085412 29814517
112405343 112282899
48635221 550908
34723515 97484975
82813237 143322011
102898469 33994567
89086210 199014845
113962245 109669768
92913825 48288739
119526617 97021403
36738897 94253848
121152089 90658066
25953178 130049687
72231603 8568568
86280078 50510814
82914507 143250743
88344309 139118085
61216000 154299403
60662825 3458996
118980545 60633896
122060220 76125242
57137430 2350177
59264774 183764432
109553413 42327522
111601586 45400801
110648867 43924190
115760752 52895163
96183438 132007740
121713272 87268036
50011138 758885
117747480 57367953
56741310 155359380
101376785 46422175
118227346 58584747
68154960 190251381
96818545 47271780
40288207 163914466
67283858 189696747
67826386 190044387
57878496 155119336
116357323 54160704
116966553 55513428
53967559 155850650
122157575 77867141
56447491 155418397
95377113 26064094
122183017 78569611
117769345 101880539
122159594 82223049
75785526 147872233
121268429 69787125
112788717 111664606
94854511 133301482
67991786 6436434
103096413 46210398
49316869 650632
99392059 128747421
90424225 137350734
115556096 106680103
99304734 199997205
118283432 100576222
93926231 48005274
74316594 193759247
122111347 76949360
28183572 140808537
113583390 48686182
94736869 133414565
59409303 183883986
112824797 47380168
122151488 82422191
101473053 126507651
99181074 29914335
121655403 72243125
95098798 25797726
112570929 46957601
84109442 51366709
62865670 153805662
49985705 156307799
73672331 149056879
54339929 1623137
117229124 103148648
93387510 134683242
61587962 3788556
122204150 79772403
65147935 153011842
28879847 142941745
118994116 98620934
107518533 119319071
121074707 68710910
107007073 119981479
119161739 61164504
28696306 142399133
105309772 36831547
89088662 20384433
113178001 47979228
85784417 17649776
70100007 150896129
111455458 45170260
109972186 115943938
78601942 146148688
25823356 126894380
63546633 64366756
112253267 46441790
41587630 1977
110650175 114955483
51836685 156138986
120710203 66880213
122151931 82412082
74381318 148666574
108883466 45848384
106928328 120082389
65662527 152816598
27263671 137695666
49146822 156365334
89170904 20454909
50285120 803759
92387543 23283429
41666245 87245376
66444798 189141419
89809264 137887008
50496385 76819964
53007105 1323621
62826456 4252850
26736943 117725951
122114491 83165570
122009952 84628570
80414316 13637038
65330380 152943329
113342394 48263089
54518700 155764824
69369626 7089893
96636055 131563322
118155844 58400676
105914855 37569632
101930843 126002834
35737326 157281085
60246744 3316542
71001645 7915090
60630145 154457823
60742692 3486574
105848029 37487624
110083845 43086272
62688655 153862069
76674453 194903292
68650671 6743869
70839783 7831458
85942145 141027284
62287244 4047553
28740792 142532516
77005596 195057044
90106596 49160933
84409915 51243259
42482633 86189000
107836759 118898467
56313643 2121495
122068767 76255036
81257851 14229563
85617202 141275390
86716425 18403384
66874506 152335744
121662163 87648369
121094507 68816619
70316922 150793213
44041742 84227000
121699069 87374717
62078802 154050310
101653612 126308740
61047275 3593748
78896852 12598803
32597653 101293713
56623957 155383074
107393368 39430298
83417259 197553755
122125889 77206747
60050693 3250122
120551942 66149873
38378885 161324432
116372082 105020727
102882273 46233610
102346696 33365021
26278407 132906298
86280151 140766947
99717311 30477636
119185537 98063787
52834737 178011525
117471962 56696433
111304462 113978160
113196343 48010780
105418182 36962623
90870041 136957473
121970132 74969690
110273616 43363454
99553307 46697191
110277229 43368772
41362958 87642275
26040809 122675161
70768814 58775948
44081184 81141
73248555 9129959
117512454 56794036
71310966 8075598
116245180 105285083
57444238 155213815
27416703 138250185
44241662 168836202
32547603 151505902
29201851 143850225
103346442 34510790
110062853 43055819
109613423 116453990
91183443 136679606
116429222 104900591
89631013 20850790
80595552 196557531
26080567 131444705
63067851 4346596
114441081 50265066
120907897 67855618
92826621 135199107
28789336 110303849
29707542 145192454
100031036 46616438
99654940 30411928
112183263 46328860
120658378 66633426
70992798 191951455
45500107 156490293
48979265 78461750
54525486 1667359
67930156 60836379
45424651 156490640
29308335 144142629
69592408 191128410
60952779 154371415
121727095 72771697
77189838 147031923
72548878 192815257
86888672 18544947
38294484 91894874
65453807 152896481
92002555 135947134
74824069 10044725
109814125 116169308
122130830 82869088
43784609 84545156
47566403 172606852
42261483 10639
118758768 99284328
89271630 49440551
78677659 146100015
108915025 117431522
67545660 61128574
55396125 71826241
121117850 90825496
26630223 118290703
25868701 124953014
99272604 128873156
60527155 184796113
102900442 46231632
119743016 96323589
45874920 170730492
95695811 132484934
116763323 55055923
93067806 23901307
121884366 74106298
83223587 15661016
77033932 54838015
50828749 76466808
103897095 123771229
84982613 141754079
93776202 134322375
122151161 77723089
65078284 5163555
40028793 163572516
122166637 82044230
38097938 92188200
69696922 7251631
102264772 33272144
92640226 23512254
122138755 82703480
114902138 51163438
46922848 156463818
110269479 45832956
55705436 1960387
85452021 141400793
46093240 170978830
43027467 29983
74448069 148629654
91499628 22489105
65208141 188298049
109590122 42379321
58515458 154978069
122056748 84043261
71345624 8093683
87062246 18687751
86051696 140943174
63125871 4369329
113518432 110442864
50605531 858571
32131996 150673255
59179372 68207124
65598166 62662040
121618709 71989573
114772434 50907634
70559589 58921527
120162796 94852977
86810637 198528702
97654169 130544014
74845440 148408227
109557762 42333630
42707664 166988800
77701937 146716180
120345123 65259803
90315066 21444484
120719480 92658646
113136827 47908501
118634525 59671331
26142739 121658361
74465612 56344617
121873627 85949836
120023863 95352077
26656562 118149287
64397729 153286930
79089453 145834861
112440099 112227618
85155632 17149723
100988621 127038227
28973100 143206923
103832269 123846818
84624547 197935336
56096002 71139109
73520176 149140097
94870555 25580719
98244424 46960359
121791402 73281895
108643164 117806719
110126138 115723623
87547941 139765890
84244268 16437918
120402357 65502110
117590219 56982685
34956069 155957906
94970394 133189919
35171928 96738651
34212804 98348976
27642107 139030098
118343466 58887645
119989518 63878340
66291714 189037711
37121765 159474419
100255654 127829281
76974934 147162922
118751669 59993764
48152869 484958
86998039 18634870
56732997 155361065
121644611 87773599
120859398 92040898
114647116 50662030
120302527 94329897
91966056 22905058
68517445 6681047
70914159 58675340
108115297 118526403
82110377 14841021
121770997 86816561
113319263 110783552
50369746 817890
108401411 40749434
117814874 101771026
103193900 34334667
120760118 67124250
108050443 40280590
95445092 132729344
121502849 88701143
85522142 141347571
82272644 197172631
