3385
21712864 392759
82883051 5564163
770223903 644963939
750681258 580426947
34522282 930411
278237644 70441584
566898763 299415118
30607893 732291
368217236 124799959
204901506 37198265
107710251 9603852
733155349 537874477
754820978 591899337
718239066 507375309
778293351 685955011
538838620 270055138
707470605 487319387
720107039 510985923
216267835 41642000
772481954 655035016
307374359 86404189
591762340 326825825
288240185 75752092
606284539 343530495
291473722 77504028
641321275 386594774
652381081 401489461
381905831 134428936
632759928 375605682
656146423 406714245
217469758 42131784
754623552 591335864
661173168 413784484
750130297 578948213
766825483 631410097
209808806 39080342
13809305 174900
664517579 418561032
482833658 216202563
768045938 636087612
89039487 6469090
569566316 302285587
766624775 630649043
722925040 516509994
515983713 247283960
326969255 98023948
574380508 307507395
751905524 583748434
763655571 619963186
680039901 441681563
601615448 338092790
202361138 36239862
396566858 145142032
561580816 293732075
2697293 12771
770955786 648090549
752810974 586238582
772975304 657382061
435323939 175379684
61337719 2999973
115700241 11136994
785064518 751115256
87906837 6299563
358356049 118095457
533272674 264413996
599978585 336198861
224015050 44852574
771472865 650371448
483255935 216584146
492808068 225323339
748994262 575915619
335337530 103182787
100124214 8250606
594579775 330016688
702517310 478553005
738093086 549032205
752366710 585012115
126562181 13431221
776111052 673320441
349188033 112028812
694819344 465406100
713480303 498334588
519852930 251060780
154659191 20525827
621876276 362111432
738565461 550135001
732328671 536065838
710469321 492758304
783091209 722656413
744069505 563290344
8410451 77254
81912690 5426887
189345482 31492319
494322542 226726032
80243345 5199972
733831292 539371125
759007554 604481611
51311234 2065064
781337793 706760487
773595402 660366933
357742263 117684502
68038618 3712887
288473435 75877824
116142290 11224071
170476588 25224697
582190585 316109904
415405486 159493007
661763711 414624381
211230418 39635432
50938918 2034447
409009635 154545781
419237775 162499548
428637275 169968701
78677773 4995466
750450675 579807250
546561740 277978310
238804250 51292180
164542217 23402432
570914544 303741954
414109508 158483697
542193038 273481526
783873446 731984169
289754983 76570358
173103054 26050010
245394639 54310523
737070125 546667224
104209590 8967051
624243776 365008843
220757961 43486457
766090034 628644592
705960155 484615214
735378570 542829156
147308391 18513864
415742566 159756707
456219586 192790955
777298413 679987255
692495205 461571990
130626190 14355602
517136496 248405414
693137896 462628068
293682820 78714413
747160671 571106972
406239337 152428427
719193863 509217222
522632876 253795608
177672193 27523684
367248299 124132919
757238154 598981306
613142480 351603613
65577349 3444596
36127409 1021382
557267603 289156373
45382426 1607762
596727366 332461532
784127155 735488812
649672455 397778144
511645081 243092299
567220564 299760678
605905925 343087172
652860236 402151716
89416915 6525932
651742152 400610455
578912810 312489985
772881987 656936071
785085442 751542567
785534679 765205047
731888998 535110749
277855124 70242225
198881020 34941018
304331390 84665255
449436964 187046720
110894242 10205943
783206330 723889618
643219915 389102753
2899796 14554
772793213 656512211
732773094 537035817
641597937 386958917
785429890 760907311
638603186 383049464
748582825 574828754
749832100 578149446
199586536 35203032
785643245 773457656
577781947 311243782
549684253 281216716
696041629 467444824
150609625 19404626
33213050 858450
173450551 26160285
658735517 410338306
761127448 611372202
525963627 257096313
40856942 1307191
785641008 773043642
500505376 232505711
769272866 640990076
778047852 684453965
674643985 433436649
66189510 3510675
605301557 342380241
324726819 96662513
349639187 112323691
784317846 738300386
57056761 2577131
691940706 460663676
769688591 642706073
4718683 32585
709541270 491065928
160929044 22323480
621033420 361086727
179944500 28278194
785527515 764875166
430045686 171103275
777255343 679737605
74144353 4426123
374458507 129141351
777917806 683665870
785298041 756746396
211860055 39882212
671339726 428500147
773510724 659952761
161729728 22559946
554404374 286146494
777468091 680981642
131000359 14443029
663442345 417020456
287582182 75398050
785605092 769103912
696843937 468795379
63248203 3197629
174192480 26396008
777380877 680468735
720466950 511684808
145937692 18152977
354537490 115548193
151617593 19680235
27144519 586859
359511854 118871628
481756252 215229513
334939769 102934606
690495024 458302175
553741404 285452292
620735171 360724727
619221852 358892490
615659186 354605023
188905491 31338989
165735548 23764290
722167104 515015379
662101010 415104972
257919786 60232168
608277963 345867212
98877890 8037198
189666726 31604417
769355253 641327853
310358245 88129030
784826886 746631852
767280346 633143113
208046781 38398932
771672524 651271612
521904164 253076931
721904217 514498093
29514845 684260
721723673 514143427
213611661 40574554
706075990 484821328
303787233 84356381
102017325 8579871
99633868 8166313
785035225 750523898
785641594 773145224
481383926 214893443
88576551 6399729
586457132 320864554
705072921 483040347
214087947 40764924
75845781 4636437
687492672 453453392
559731257 291765465
133503963 15039424
693644939 463463097
576003834 309288440
684998259 449468913
679051450 440152430
546228003 277633429
96676883 7670128
71387920 4095324
584832364 319048422
767160315 632684855
782263627 714577591
229708425 47289351
305517452 85341228
400193506 147855972
710195681 492257957
745636609 567205303
40302758 1272379
201513450 35921902
10250233 107186
420946337 163845236
184311080 29750874
747689739 572483188
191802996 32361074
672504227 430232991
466487954 201660815
442331026 181133714
685982133 451036614
232474929 48491821
46713329 1703179
783148720 723263126
381173592 133904367
410057476 155351736
782429495 716118926
362367028 120800658
785645742 774142641
783631670 728850143
616364094 355450176
669060733 425135961
547846583 279308008
777794384 682924758
242448932 52948207
249827362 56382520
424759028 166863608
265879168 64131422
262028663 62226074
377513468 131297470
778892077 689684199
784096709 735053866
771006073 648309219
104460846 9011851
707957642 488198116
287830471 75531549
569223278 301915720
617669876 357021228
677086669 437141072
779962766 696687495
633836758 376964142
230558398 47657193
342900267 107968990
350151842 112658888
99180969 8088885
767312501 633266046
744803585 565112023
220473005 43368100
475840617 209910930
322369290 95238875
30983898 749463
642129812 387660065
251152998 57006792
319170526 93324891
767485267 633927383
698399100 471436684
610389632 348348973
512854009 244255754
779547899 693923154
551048289 282638389
723672766 517997823
785379185 759182426
162667358 22839183
456544238 193067926
289072424 76201253
302575490 83669534
784909690 748130005
500237842 232253803
671574881 428849104
327671564 98451483
676207630 435802839
747461402 571886278
508854605 240423251
614649192 353396444
530327617 261450962
206337967 37743997
780659098 701558761
479627044 213308274
266747361 64565121
776457216 675226766
393423046 142811209
36005046 1014319
775917444 672265447
782116581 713264301
534538575 265690959
284448436 73721062
687743473 453855347
773718420 660972368
671623437 428921252
42753028 1430453
155371922 20725825
698920269 472328643
780096929 697593040
516761892 248040412
598341489 334312731
612631716 350997763
785544440 765661291
518825205 250054138
784972011 749298319
766881828 631624225
102989573 8750868
382952175 135180611
686546050 451937986
449589170 187174689
291940124 77758645
542512111 273808730
190636462 31946336
556734493 288594866
510917734 242394267
673571704 431827404
95918254 7545930
728115575 527087852
298957925 81638794
159516235 21911032
137713596 16068892
575034654 308224323
532666032 263802676
122609284 12562460
785486596 763074030
397394396 145758097
148943117 18951713
369318014 125559567
184745273 29899401
129321980 14054428
350579702 112939079
768243169 636860394
162978727 22932373
386878278 138014868
678593837 439448081
785602918 768930932
132750443 14858326
511042532 242513776
188212864 31097933
610682470 348694281
555014271 286787081
567663324 300236471
769898234 643585045
770442191 645890565
301209739 82899489
600284400 336552398
785260126 755729858
765116306 625090948
782578164 717528997
759366354 605622089
767591916 634336502
263332088 62867632
782739749 719113185
66343703 3527425
596785639 332528123
120228694 12058039
429208161 170428374
750000202 578599602
426049243 167892206
37075654 1076931
666992034 422124110
122128523 12459551
345591184 109696154
124132096 12891399
85684652 5970397
18465505 294569
71845232 4149201
457295833 193710141
752228020 584631265
778244311 685654248
737258494 547099715
17812981 276406
785589883 768066338
785628455 771280567
782213962 714125497
93239285 7115580
684964606 449415391
444851847 183222213
638054043 382341489
531670136 262800223
160209511 22113003
623749736 364402306
730582222 532300315
775126284 668075997
682363064 445305413
420087021 163168324
770747598 647193835
312568432 89422370
763678254 620042017
604778490 341768863
436759300 176551472
735208032 542445098
588449402 323095472
784452887 740386126
374672318 129291482
464474597 199905109
376978641 130917894
203485703 36662930
767766701 635007393
773836416 661553665
691056046 459217245
145519268 18044293
779490007 693542259
726214525 523144174
762455127 615837630
784464882 740573931
773992582 662326555
732531070 536507182
290589271 77022840
723371321 517396021
452089410 189282024
725285847 521246047
521097236 252282000
769800817 643175895
785320954 757389021
258129784 60333352
105126015 9131718
765739195 627341101
756477357 596707961
82261394 5475631
207155548 38057024
539583173 270814217
785157848 753134992
527095195 258221610
294622624 79232577
17129764 257783
650927200 399492437
767380474 633526179
618286740 357764589
347446672 110894152
157159206 21231915
383353816 135469484
355495416 116185251
231851380 48219552
637697646 381882640
457812784 194152189
193309354 32902103
644379439 390641056
275731795 69139849
673710223 432034691
462469740 198165020
6006844 46639
322081245 95065768
771874874 652189788
293770959 78762934
246726415 54930700
431700525 172438806
367457038 124276524
586161469 320533899
616605079 355739620
776376720 674780896
785611854 769677721
378845747 132244103
781747674 710085836
256787521 59687404
759507852 606075152
625694594 366793081
759116055 604826108
701559785 476887795
759255876 605270460
715303287 501766495
780475452 700234730
243491672 53427519
236069644 50073055
591369534 326381910
558937929 290923804
751202837 581835644
524295049 255439261
641166315 386390983
783794172 730934356
247149493 55128162
726529430 523790843
123776106 12813799
272206307 67329229
586805874 321254729
762133891 614748831
613994655 352616218
13423505 166455
678420777 439182355
109066276 9857771
387209278 138255360
588562791 323222581
236963575 50469240
427239426 168845389
660562538 412918422
785300143 756804631
778215757 685479306
92336757 6972925
647709441 395111063
183041961 29319432
672710167 430540478
391968431 141736178
748523451 574672469
60523179 2916713
462359294 198069306
483882506 217150926
297531597 80843547
92175112 6947429
420533349 163519844
7784359 68482
242589288 53012511
433662694 174028925
259890325 61183894
572863320 305855474
215744355 41430793
113564055 10720127
782091011 713041329
110015552 10037878
191332698 32193273
31733260 784294
779331475 692503231
656805836 407634656
484793888 217975961
731227410 533683812
11637522 132057
93671997 7184486
91717007 6875769
780163025 698041646
746161944 568537893
564668028 297027860
634454155 377744425
577086926 310478885
297991333 81099307
447538495 185458948
537794240 268990977
175077540 26677655
613652000 352208676
639602654 384345969
710080628 492048129
104250557 8974354
683365030 446883564
729804968 530645596
2333754 9617
721364821 513439021
275277138 68905105
257201945 59886422
401344381 148722698
311801136 88972451
775689488 671030490
382280652 134697978
341028771 106774270
744204592 563622897
171214509 25455417
572123750 305052342
550068617 281617151
47682037 1775798
136161577 15687244
536473777 267649578
12184841 142217
785005735 749938927
663922352 417707468
173262957 26100736
649889363 398073974
774475700 664747434
400956450 148430461
538170864 269374646
627224393 368683454
783267912 724564941
545185136 276556852
769579062 642252373
778993802 690331460
427966588 169429521
556542984 288393428
785235041 755077148
332389517 101349386
169147099 24811968
541209106 272473718
276621270 69600710
644906212 391341814
746719100 569966552
396316738 144955901
55798928 2459018
511208382 242672859
720276326 511314397
743320157 561455880
53574367 2255594
785360210 758573082
698659262 471881630
191506129 32254983
724277607 519209258
33256134 860692
349986145 112550543
463800111 199319175
756112341 595635045
676683659 436526653
353224516 114678581
784488913 740953682
46078437 1657131
357064798 117231627
677599103 437923986
390581272 140715114
271336113 66885789
372961354 128093484
614027022 352654731
369036524 125365180
486411755 219446381
442734596 181467368
352498842 114200340
411066863 156129406
153539334 20213319
453693032 190642268
687195637 452977679
737634958 547968161
302735237 83759962
554732600 286491206
440072560 179271241
716268346 503598594
370162755 126144110
527951180 259073955
774585988 665306720
658948408 410637774
701319362 476470103
580190779 313899351
713148149 497711589
489408588 222187379
762856829 617206839
54335807 2324342
783709551 729839202
784338407 738614852
563472497 295750110
306449416 85874042
484763090 217948062
746579931 569608772
229519950 47208044
374049360 128854264
291039758 77267877
48766334 1859568
514513889 245859214
278594084 70627800
704377600 481812625
761673842 613198156
696662161 468488835
76022531 4658485
7188914 60592
678364723 439096406
245804263 54501125
768123743 636391632
154984562 20617002
389819967 140157151
602634882 339273784
784233609 737033180
785513963 764262843
58875779 2752201
140944091 16874676
612645941 351014620
347769627 111103743
584812684 319026466
617012901 356230422
724700943 520063185
234041438 49177717
781243737 706021529
255947588 59284582
704836030 482621312
779762152 695338366
719425576 509665512
381587589 134200636
573510351 306559051
73241356 4316783
778596378 687828635
249481340 56219890
773911571 661925506
404043288 150761499
415138418 159284416
743694737 562370771
784364377 739012758
137647816 16052640
704075091 481281412
296400022 80215627
783673789 729379373
370471604 126358229
760573413 609536767
211609318 39783865
118617787 11723614
113955676 10796205
217218029 42028795
740788390 555373820
742989830 560655422
192451973 32593263
667260624 422513190
205594957 37461352
508415626 240004259
18214108 287563
612888783 351302667
162431179 22768552
730907003 532996262
223231129 44520841
783741053 730244934
424372555 166556278
427662724 169185385
636856481 380803539
742272428 558925472
243854622 53595598
12394615 146176
768353093 637293235
187788887 30950793
775671252 670932772
493993674 226421141
785398873 759832227
683940802 447792635
481966214 215419100
485118949 218270923
16150037 232233
608647204 346300478
780930187 703585623
753809471 589030205
785636824 772392938
25627704 529175
52477150 2161558
515735863 247043667
678972396 440030340
367910061 124588309
784082339 734848612
764285251 622159762
316340373 91644481
270803302 66614449
695421424 466407661
665797648 420399474
785446071 761477766
428891058 170172992
219979308 43163359
544788323 276148106
264379397 63385174
340153766 106218326
582694073 316668504
465578783 200866795
623183330 363707661
736477374 545316829
783758937 730475696
734425084 540689857
573708922 306775287
316640690 91822279
366086078 123335719
639748012 384535282
97386475 7787640
458473598 194719795
68366451 3749410
280519172 71637772
724203323 519060110
498314528 230447427
782828364 719987425
288773080 76039576
647994086 395496759
261479911 61957488
81579482 5380384
531397690 262526110
503397405 235235929
784571977 742287889
562606504 294825680
697873925 470540836
467732062 202748196
101199092 8437260
598055813 333984362
161975264 22632876
735900811 544010244
783550077 727840616
473329423 207676264
684722847 449031600
364328048 122135410
497085453 229294764
472098918 206586323
51646723 2092693
345408582 109578754
585427560 319713270
627689449 369260812
779733397 695147019
773027613 657632233
365135005 122686087
181929300 28943859
746866511 570346797
761000296 610949978
579649515 313302299
725833481 522363239
338909093 105430289
765450188 626287776
642904663 388685164
41869930 1372665
411432622 156411611
746448996 569272190
183391357 29437891
785577133 767298237
785647909 775077445
353634993 114949693
233604399 48986001
783925003 732680472
344790702 109181640
526281701 257412457
584493070 318670056
173834375 26282227
228758122 46880392
587643844 322192858
555902352 287720127
716392689 503835711
783357044 725548534
527867109 258990182
301514625 83070738
261716164 62072999
670627988 427445552
401806651 149071258
378156116 131753990
783463600 726799127
784204971 736611577
393592005 142936244
46958590 1721124
763128591 618140313
784742441 745153476
770832669 647558336
241745398 52626153
717579468 506107853
662711953 415976650
768403883 637493312
702037642 477718235
62507911 3120463
231469828 48053076
195072249 33543199
433001613 173492563
247281610 55189871
376172231 130347548
621221161 361314774
593591746 328895592
474413023 208639210
106734795 9424532
380474116 133404589
784923341 748382808
758046515 601465669
700572283 475173979
146749864 18365873
710807872 493378100
260523802 61491473
576682231 310033943
362098842 120618715
459177154 195324821
697573797 470031301
751041977 581399929
633642589 376718944
495896903 228187407
473628172 207941466
785494038 763390698
128413052 13846624
103412882 8825483
413688386 158156585
698164749 471036578
521634339 252811035
563822294 296123872
235641604 49883766
7322233 62317
784025482 734056422
662871811 416204928
785268149 755942796
341459080 107048266
777204775 679445043
565429090 297841709
321946261 94984813
714525611 500299330
660966623 413491260
361547782 120245879
745475987 566799583
347379817 110850877
336832637 104120346
675088873 434107180
320704755 94241139
751539606 582750744
332628422 101497537
310938748 88467804
598792245 334831037
409644130 155033624
409226364 154712235
195528252 33709291
780271311 698794756
213166136 40397172
66935952 3591925
694690229 465191963
714754742 500731205
706340158 485292040
758097757 601625178
359614785 118940830
105818359 9257280
673014558 430994994
209122212 38814118
138024213 16145802
526728454 257856727
776034970 672905302
780844839 702936961
68790695 3797229
446071837 184236553
58597032 2725053
589881526 324704733
490835022 223501387
785647203 774751275
315299791 91029000
649206101 397142301
646549768 393544172
746999366 570689697
393016680 142510533
781705786 709737786
3158567 16840
762978385 617623168
248608641 55810440
297670414 80920713
48364094 1828164
636683515 380582065
449016673 186694300
776709348 676629569
532349582 263484040
626851873 368221776
31432043 770015
128086457 13772985
443730177 182291981
513028492 244423993
144034600 17660349
739096026 551376855
465328440 200648431
185436410 30136869
776807188 677178394
700313794 474727255
766018621 628378766
545913321 277308241
785499247 763615762
782533236 717094445
300249111 82360808
764979310 624603644
709412305 490831500
780323667 699161092
785124256 752359128
779142846 691285625
682529751 445567044
778454197 686947703
582843900 316834856
0 0
348409684 111520660
6762829 55406
612296653 350600837
225814763 45619199
779032126 690576191
200661650 35603388
753580934 588385056
649376490 397374614
741324559 556653345
717879258 506683259
325157554 96923841
758834074 603932089
11298942 125794
340411869 106382051
784959499 749061502
763532241 619535075
129624626 14123845
365696430 123069504
143795514 17599042
385528987 137038243
779894388 696227140
86089936 6029806
707300915 487013774
555271452 287057261
485490574 218608605
712962518 497364076
703404838 480105532
748210493 573849579
477072944 211013377
242197512 52833049
315649074 91235449
783895959 732286061
775013502 667493337
123021400 12651067
257582829 60069838
117804573 11557599
659448965 411343541
722050805 514786415
726290303 523299613
79943844 5160266
271005216 66717272
671911075 429348810
176991339 27300022
392223060 141924038
227507623 46343778
455854319 192479964
322949205 95588159
197256786 34342155
774878507 666799046
227911050 46516688
352071520 113919039
537108600 268294202
123694782 12796190
67530850 3656902
634661304 378006976
319870468 93742306
407370650 153291282
757613430 600124863
157822102 21422044
760184396 608261145
759862268 607215657
380246584 133242096
782537681 717136894
110462430 10123345
297202269 80660752
28313967 633709
305893923 85556277
146958481 18420818
545460406 276840494
267909723 65149117
304180401 84579498
444121022 182615877
274169161 68334634
228267371 46669520
484241170 217475562
685317289 449976468
168764718 24693987
781519001 708212011
69195972 3843314
146414454 18277717
733643116 538953998
417724486 161309691
180800051 28564409
781383106 707121434
769492775 641895211
668383009 424142929
516313828 247604695
303178040 84010829
618554430 358087370
768758939 638905482
570432062 303220105
644717205 391089693
42474319 1412164
593230815 328486789
779236357 691886028
734826883 541588701
3895283 23930
268258098 65324521
65919136 3481379
780597258 701109807
152046189 19798896
576330429 309647300
190923108 32047985
312172768 89190311
83434672 5643374
422610900 165160248
751975067 583938555
528309633 259431233
402020793 149232749
373370694 128379657
653275287 402726035
436133334 176039457
441210345 180208103
142669537 17312036
723538555 517729698
335722992 103424068
153882863 20308829
779605345 694301343
376402391 130510147
614527688 353251426
157011882 21189994
754087986 589817966
729413389 529815920
14574014 192666
785197256 754111039
761252374 611787862
782153418 713587741
581721553 315590187
549324567 280842085
782904059 720745437
740887792 555610642
629983771 372121016
437981692 177553134
662399892 415531243
474074214 208337862
736282574 544875104
144380710 17749559
10618557 113592
133950386 15147356
421123596 163985011
720990738 512706506
85462879 5937893
633165513 376117039
622959487 363433605
785521258 764588985
221672028 43866959
648558576 396262179
330772105 100351142
484900737 218072810
78271363 4942929
783438515 726498100
775577213 670434110
26834647 574693
380305081 133283854
757713206 600432150
686820430 452377081
784680442 744097581
695787180 467018552
674950911 433899230
570851890 303674117
125230736 13134161
738716792 550489043
290032338 76720471
100844095 8375543
210867832 39493697
192140487 32481694
76814390 4758089
417874165 161427193
785406841 760102957
30149187 711925
779266234 692079176
716686651 504396456
223735821 44734007
770182744 644789481
383657527 135688268
230975727 47838262
679800613 441310776
730087146 531244812
706484768 485550702
567895149 300485643
561876112 294046597
730300539 531699603
742058839 558412011
513893834 245259184
636096140 379832371
754723303 591620161
58481753 2713889
22555273 421106
595640414 331222779
564213430 296541878
547565172 279016363
487819236 220730812
721146478 513011232
607950775 345483500
219032074 42772614
28697383 649364
593045357 328276843
738937525 551005757
769978090 643922862
348180858 111371328
458258389 194534888
610159113 348077413
780209399 698362715
52435474 2158084
697311667 469586901
86742711 6126139
38689813 1173232
665867373 420499939
674246699 432839603
186248662 30416886
102414799 8649654
6220984 49087
738041041 548910856
140276127 16706573
277560160 70088654
575212045 308418975
69332877 3858908
557461730 289361178
225081937 45306793
779302834 692316853
371794687 127279035
437620127 177256578
182398235 29101961
558210575 290153103
275000037 68762331
407916984 153708697
167707254 24367937
14439213 189443
717732588 506401738
55042241 2389083
778769486 688909209
299849980 82137208
194623811 33379866
756961583 598149062
735084844 542167874
140649145 16800400
44146239 1523238
628334509 370062586
414645486 158900281
118804109 11761787
772608361 655634646
661931161 414862895
566636835 299134282
295737379 79848337
783945325 732956593
100541649 8322991
493540278 226001042
607566247 345032604
415167761 159307327
699776236 473799697
226771742 46028441
777616465 681863752
726481461 523692080
747288806 571438646
785495227 763441894
596387318 332073682
642673448 388378930
683826169 447611625
451719463 188968678
121005248 12221388
329023127 99277708
771633454 651095136
152439651 19908012
657302816 408329316
769829942 643298139
634744277 378112235
684460237 448614722
482413408 215822977
782459997 716403069
416905803 160667227
196341591 34006290
672200358 429779332
718845692 508544816
272669178 67565502
782559132 717343500
588633581 323301974
746759894 570071727
697917327 470614710
709690104 491336576
206506191 37808154
5585042 41928
628784785 370623162
519148774 250371006
60143834 2878011
784768043 745595009
348747447 111741118
135596398 15548857
723858189 518368542
775965371 672526374
426494493 168248275
414426463 158729958
44659223 1558105
716778720 504572550
411654001 156582479
564532067 296882507
84680031 5823635
731798130 534913846
784511974 741320856
98615147 7992756
214049093 40749364
707100249 486652699
31938229 794151
234385201 49329165
327442188 98311740
704585272 482178021
733382929 538377791
139239987 16447673
719691927 510180876
629397837 371388778
716970464 504939642
185182825 30049701
780537768 700681722
700758177 475496018
287318946 75256615
780428739 699903521
198122216 34660514
529511736 260633678
489190430 221987138
525015420 256154439
240751689 52172928
308408257 86999414
439772788 179024813
217526550 42155036
729594036 530198527
398439476 146538504
340832501 106649399
766294592 629408089
701153131 476181362
274623821 68568556
605511569 342625862
708210537 488654889
351333019 113433064
632924041 375812571
182579893 29163293
343954005 108644272
745269030 566278692
752128394 584358056
154341465 20436857
425356594 167339537
117515700 11498889
674678678 433488922
412377679 157141601
394047563 143273417
696403761 468053760
621558031 361724222
252230381 57515588
295511708 79723541
764705301 623634486
775493388 669991734
783051714 722244261
615989729 355001314
132196519 14725583
116262293 11247772
9724367 98140
606695359 344011589
121352907 12294796
333720618 102175252
386542354 137771130
253723198 58224335
457897710 194225043
780793128 702546925
750242734 579249619
748689315 575109399
280998595 71891282
692609939 461760045
42245914 1397234
529075261 260196828
647107525 394297160
562122448 294309161
660998410 413536360
113120222 10634341
655860982 406316330
240101153 51877508
501174369 233135933
40722447 1298682
9399758 92588
255662595 59148168
164368422 23350008
785506353 763927155
441334143 180310164
435750283 175727040
512298005 243720146
283628037 73285304
713027179 497484960
644101446 390271815
317941690 92594279
208267813 38483848
669491452 425769521
75459719 4588322
773342061 659141216
206780785 37913369
776643919 676264459
756818528 597721111
398745950 146768294
379190338 132489345
710565255 492933818
264960191 63673249
471957847 206461668
749134918 576289414
442910220 181612735
11915375 137209
74486451 4467747
358801050 118393913
781078162 704729941
651231510 399909625
328775252 99125730
653934424 403639458
413398769 157931927
381861963 134397466
55731771 2452757
713382226 498150573
355826055 116405284
716039975 503163984
438331134 177839852
677343324 437532840
281299817 72050597
747783702 572729482
495006818 227360716
737544397 547758632
536798332 267979118
138849518 16350495
744388823 564079635
366770032 123804164
171931090 25680459
638343767 382714538
210431379 39323268
775755619 671387721
388936623 139513219
620620391 360585422
109779143 9992703
360135392 119291634
657750981 408956394
785310391 757090714
695073818 465829025
714365454 499997551
143032338 17404340
540615018 271866721
72867853 4271722
469085689 203933644
514134225 245491665
448809414 186520709
769122107 640376893
245083525 54165903
468106280 203075564
418568373 161972727
444255489 182727363
717259794 505494385
101629353 8512248
32791785 836531
782608055 717821444
709125515 490310648
27394324 596763
784629883 743247680
768500991 637875983
745814571 567655158
768017007 635975444
267210677 64797794
15911460 226085
687441638 453371606
590726009 325655452
456410501 192953775
504196958 235993230
118222146 11642567
699017425 472495224
446369968 184484749
73464399 4343735
626326242 367571768
291335309 77428696
247929411 55492679
538461980 269671309
333010369 101734425
366991729 123956447
617995153 357413120
766733295 631060233
502790828 234662250
764771079 623866492
567385559 299937977
43610310 1487219
336404380 103851253
499867579 231905486
350747873 113049230
740629914 554996387
647430751 394733862
273969945 68232262
724433493 519523368
491708746 224307887
167354805 24259360
351751422 113708341
771431392 650186103
305188662 85153760
373824386 128696876
449835882 187382118
114715754 10944485
94069409 7247833
281475151 72143475
518251049 249492545
661460675 414193041
748824119 575464994
666591862 421545584
676799280 436702687
24336088 482571
197572935 34458357
618902708 358507475
645727169 392438925
778172644 685215593
99904792 8212811
418860601 162202675
734296179 540402955
765030891 624786755
291816277 77691010
781603775 708897181
460661659 196603152
19523432 324443
785500839 763685340
450966446 188333629
784610916 742930838
356277262 116706002
571467458 304340840
447117937 185107840
650693584 399172747
734629230 541145727
77271805 4815794
749559727 577421462
334087675 102403682
22933874 433957
620244299 360129233
529999318 261121889
778390746 686555129
328329020 98852421
706641914 485831849
227050295 46147776
782760711 719319148
407754678 153584454
615487256 354399105
525340925 256477616
26087158 546247
557986949 289916258
720850527 512432547
234668321 49453935
299274453 81815628
776250335 674084277
535143645 266302439
196823093 34182866
778715873 688572759
755029934 592498570
571233377 304087248
283180003 73047534
785218401 754651168
135146002 15438916
113712718 10748974
87520256 6241878
655551567 405885383
599259042 335368555
360420520 119483990
676435537 436149352
688464512 455013993
784247710 737244344
83870195 5706066
782695559 718679382
632460882 375229084
784053948 734451442
784544841 741848423
346657532 110383543
779192160 691602170
454923358 191687881
321519709 94729184
145132695 17944167
722420672 515514646
387637710 138567241
651442066 400198514
785250544 755476352
84238030 5759438
580492813 314232577
698752471 472041067
244746948 54009536
434243501 174500476
756688605 597333745
522833060 253993081
357143723 117284344
198524508 34808821
426826190 168513653
758196729 601933652
705570234 483922080
424097992 166338364
737848968 548464438
236843143 50415786
739804171 553041011
630435494 372686521
52819639 2190266
214885112 41084749
667520704 422889965
370700322 126517230
785625472 770911833
104639087 9043840
722296444 515270045
756206145 595909637
784662080 743786950
776931219 677881712
310649489 88298888
334429014 102616330
652026333 401000731
628443790 370198444
54720623 2359507
713830748 498992315
187326733 30790422
453356836 190356692
774132449 663021349
286134144 74620133
784801824 746187328
782382168 715678269
64786756 3360031
747541732 572095982
783567508 728053725
784276094 737670102
279208051 70948790
783330168 725250505
491294131 223925108
779441352 693222738
686934360 452559424
69769702 3908766
106365562 9357031
170043788 25090014
635144318 378620078
212530617 40145680
483678811 216966597
138406580 16240571
594114969 329488930
172335992 25807860
70541829 3997065
95077702 7409964
85071578 5880712
4358068 28775
271989856 67218903
440453677 179584742
2567291 11638
178926321 27938514
150278894 19314529
1198542 3282
143341070 17483047
578192617 311696312
737425920 547484836
488786181 221616485
753472855 588080214
167942396 24440382
775530986 670190122
155827478 20854305
752718978 585984171
785632830 771844173
170832236 25335602
762392794 615626014
690209317 457837680
711085808 493887570
261101245 61772436
736173406 544627575
147740008 18628982
251815749 57319666
636436139 380266198
504737296 236505185
85230765 5903931
575614232 308860491
783351227 725483544
103945000 8919999
325964356 97413368
773113313 658042668
510939768 242415354
648876753 396694339
221064421 43613846
363244180 121396915
769255821 640920539
765252282 625575519
388322742 139066003
782846432 720166591
477528451 211421504
765547183 626639757
755951881 595166197
358094187 117920057
784157785 735929509
664227681 418145242
285573263 74320105
380821641 133652883
368664166 125108147
235341143 49750942
65123059 3395945
323590760 95975117
721050646 512823564
248294554 55663407
380081548 133124432
343203856 108163358
673305763 431429935
785060944 751042345
728386505 527655816
510778063 242260641
532840059 263978014
148164671 18742512
422156753 164801103
640743768 385836069
415502221 159568654
637262579 381323568
574876227 308050605
645450880 392069442
414816172 159033241
309633586 87708485
744916700 565394528
375082553 129579947
785644911 773897488
599616342 335780452
635678219 379299389
554135552 285864852
485822886 218910595
149833598 19193277
292864361 78264503
284091419 73531316
632255472 374970499
689275822 456323838
744655349 564741925
8003136 71424
726753791 524253427
757383266 599419916
596150316 331803487
454146667 191027631
88386120 6371205
687927934 454151361
400592362 148156213
12727338 152555
735759592 543690642
222082299 44038753
200699627 35617552
306722056 86030139
766539359 630326057
489617223 222378881
777719086 682475316
458909056 195094189
743821434 562681399
609604619 347424941
785170299 753440676
764114707 621562674
731062961 533330916
737781403 548307582
718650970 508169230
77676523 4867210
142024830 17148180
406619562 152718166
37832551 1121904
770641727 646741283
741075347 556058032
684397414 448515012
731520907 534315603
243066776 53232012
282922701 72910991
228399704 46726367
410442693 155648467
169891393 25042593
107498420 9564630
615182884 354034695
657924458 409199665
572714780 305694042
678290385 438982441
705710137 484170589
421374903 164183315
761950850 614129905
708676532 489497574
488038566 220931423
768666456 638534111
734904198 541762121
646207188 393082320
772544568 655331937
742761123 560102972
279915781 71320017
785624404 770790539
560692717 292787129
740096655 553731094
503823674 235639603
333467770 102018310
595848677 331459862
203106319 36520046
153999791 20341409
685514222 450289933
771536286 650656840
585834933 320168778
776304626 674383005
785282038 756316050
635767213 379412849
758962553 604338969
97982963 7886860
777660283 682124737
731327931 533899763
720430974 511614762
734210444 540212434
760869575 610516118
416198039 160113175
653813079 403471177
478359898 212167263
712283587 496101112
527651779 258775674
783235120 724204818
43892858 1506202
755579563 594082752
495444985 227767400
375713719 130024347
724873388 520411476
35637703 993398
777456302 680912008
757104823 598579826
561432800 293574552
603719846 340533934
225564883 45512591
230160079 47484764
182017887 28973709
705347966 483527299
313543023 89994313
294265829 79035728
342082133 107445739
54596935 2348143
709196936 490440354
679269042 440488586
517357764 248621057
126169687 13343606
96964809 7717780
66687590 3564866
275978612 69267334
632015965 374669067
375291788 129727107
654538847 404478034
594289227 329686767
688640197 455297158
372139045 127519220
14112990 181889
764018595 621226567
257399526 59981548
716602745 504236342
684234134 448256185
133049060 14929993
328057157 98686454
611208037 349314499
763933096 620928302
446761555 184810953
687373572 453262610
58038511 2671064
642302673 387888480
8784443 82801
551731640 283351535
581091795 314893776
770288578 645238380
216907901 41902070
472576866 207009122
29847276 698745
785143420 752793267
669348374 425559021
244317948 53810298
624417576 365222428
448408680 186185668
123252873 12700921
493185869 225672836
461640275 197447628
387125324 138194269
136609521 15797102
89628673 6557928
569851282 302593077
44302450 1533765
178080320 27658121
239265273 51499255
285146898 74092830
743451875 561777013
730066834 531201578
164019938 23245098
141718221 17070305
542883705 274189977
442791950 181514788
666056390 420772444
767884327 635461740
157458786 21317808
404777904 151318186
475079403 209232465
634891449 378298998
774960685 667221128
321245019 94564600
267596868 64991832
727471642 525742356
784534205 741676232
385067695 136704943
14709954 195930
346013354 109967626
337280668 104402123
499455631 231518296
423087838 165537732
756540218 596893879
57213202 2591914
168396597 24580418
47236030 1741731
470032841 204765118
784780443 745810702
120119500 12035248
185793016 30259658
690697852 458632880
775297974 668966845
360700533 119672954
236510383 50268338
728166193 527193948
668822027 424784906
699518524 473355858
557661082 289571673
16487497 240961
462163535 197899732
262944192 62676505
702292680 478162070
408335841 154029375
776526134 675608760
768949358 639675488
785392283 759614554
90526029 6693801
362896224 121159987
785570572 766941198
497472197 229657266
715125951 501431738
577414689 310839465
343625783 108433787
715441005 502026927
318798634 93103695
33551163 876209
153195733 20117861
780871822 703141732
385881343 137292988
769441954 641685054
501794572 233721183
778507216 687275734
434677889 174853721
631760072 374347631
49111828 1886550
34171999 910700
558560535 290523835
755854385 594881519
45446488 1612191
359218128 118674173
506598005 238273322
127759197 13699316
19207599 315421
237825265 50854021
440866254 179924438
87110631 6180758
520031156 251235426
654213574 404026633
721512810 513729501
520855422 252044148
556973484 288846469
774742044 666100398
758515405 602928803
643662614 389689449
755050045 592556445
772074932 653111258
197906737 34581109
604931100 341947000
729247791 529465833
533656181 264800620
307567763 86515398
489691303 222447087
199966504 35344361
785370952 758911804
583627799 317706241
5147692 37202
277381932 69995869
61727045 3039828
156431055 21024818
659996441 412116846
750549038 580071432
486906591 219897578
402452865 149558805
56185995 2495191
201560161 35939402
621752154 361960330
381235386 133948540
715891476 502881592
785553333 766088578
398021306 146225816
131383312 14533241
460323351 196311651
413157964 157745361
785620937 770475870
338635136 105257050
601226094 337642026
756272262 596103565
141402399 16990278
655041052 405175490
683586432 447233085
366390396 123544101
371407168 127009112
24516044 488950
471079736 205686725
534894083 266050143
599072625 335153844
209709256 39041630
778568929 687658337
181239565 28711735
573272901 306300646
145688518 18088133
780201052 698304741
56630212 2536988
782791573 719623837
266542553 64462696
699914373 474037671
10056571 103852
472639964 207064993
220257883 43278786
354381142 115444284
559368442 291380356
250279893 56595306
165994122 23842951
444401513 182848480
732681304 536834889
488359833 221225775
79349894 5082646
765312611 625791950
23892744 467153
666804505 421852925
262405237 62411219
714990821 501176714
133797644 15110251
379595014 132777633
782162310 713666324
643414746 389360937
196480143 34056913
756418954 596535654
70153360 3952626
134711367 15332832
18777886 303295
553674751 285382549
320960219 94394042
779391688 692896785
205913318 37582226
213877786 40680778
715684494 502488172
770877675 647752716
251367032 57107830
127522376 13646028
353995229 115188297
733242650 538067462
151199996 19565922
663842760 417593414
3741896 22382
568570440 301212144
766924170 631785240
463429145 198997085
759793297 606992162
306203600 85733356
536048992 267218270
291566005 77554395
545782633 277173212
6554047 52932
781875371 711174752
433938793 174253038
89793309 6582828
580884548 314664954
592089579 327195705
269363142 65883192
543237752 274553413
404961124 151457075
57577571 2626702
641971179 387450773
597444207 333282373
224696416 45142635
424893328 166970529
80465479 5229601
727944691 526730109
659670105 411655672
637440497 381552108
633428390 376448517
376780228 130777384
732006963 535366709
745095836 565843872
295070095 79479511
783172880 723524089
657601813 408747653
418306197 161766607
540272008 271516773
654893229 404970088
116345059 11264128
774817970 666488661
640084778 384974054
769786730 643116769
289321344 76335860
354946525 115820138
318348861 92836292
743603194 562146738
717184151 505349340
783405101 726105366
728518651 527933221
609852501 347716490
36863071 1064362
673962287 432412756
785608959 769425926
695277883 466168619
225172482 45345353
659163855 410941238
656442895 407127799
645109078 391612573
688673476 455350827
783585158 728270837
429586751 170733324
91384884 6824461
286280972 74698968
724072571 518797694
589021488 323737503
777021279 678395643
701865340 477418718
389814165 140152911
562403046 294608560
636940402 380910997
53446027 2244130
296171323 80088829
635237276 378738269
39440549 1219043
454506414 191333434
680607854 442563671
31812819 788089
772409756 654692993
784730580 744950971
139834909 16595877
782294806 714865925
490551659 223239986
771242184 649347886
369775550 125875854
680328792 442129468
643780767 389846131
762568504 616222810
71655214 4126793
761279330 611877614
290318951 76875970
361880636 120471051
163328808 23037424
733450660 538527773
91821745 6892065
268592596 65493495
419658592 162830934
675973486 435447066
584322023 318479338
765672735 627095657
670426800 427148051
600975679 337352176
212842634 40268685
403043306 150004906
773190934 658415024
691834934 460490586
541425888 272695597
452410100 189553796
543927581 275261924
770998886 648277823
347589797 110986879
732964077 537454827
479443484 213142876
63739683 3249138
765407202 626132659
176240143 27054425
633285418 376268226
750851498 580885977
782042523 712620601
88260328 6352367
614916344 353715647
611900967 350133071
763358732 618934254
295111182 79502187
696243407 467783842
578607567 312153568
752557583 585538174
531011813 262138248
784886822 747711123
746304998 568902690
761747513 613445822
625080952 366038086
668085564 423709961
773125725 658102154
468081893 203054218
504331650 236120830
570216658 302987455
302125300 83414978
427288673 168884933
440379369 179523611
417306723 160981826
771146288 648925535
739225161 551679754
471494217 206052047
104977603 9104870
384067014 135983282
421739805 164471572
751390967 582346472
192379325 32567200
781546430 708433431
717425729 505812788
361098949 119942269
74878490 4516071
670201876 426815986
784288705 737859547
146339607 18258053
625353145 366372935
298148312 81186734
778959040 690110049
550700524 282275793
528634609 259756121
3336324 18470
565003096 297386089
32519977 822740
785583946 767695900
743149360 561040881
768164708 636551735
178507777 27799384
313192317 89788289
45651907 1626486
722770486 516204291
425693594 167608019
730441008 531999105
67874179 3694676
755206807 593007731
760466994 609187216
785097820 751799310
186580249 30531611
773650281 660636870
322560721 95354002
71354344 4091385
707723604 487775620
785630471 771539181
614754522 353522279
50233036 1976929
394497139 143606208
774659769 665681203
783375324 725757600
105469311 9193948
325555480 97165270
215431221 41304656
614361996 353053882
608941472 346645795
768855430 639294788
263915633 63155749
280199794 71469329
64481310 3327487
574463018 307597581
612117993 350389627
161510499 22494850
75056673 4538156
711934160 495453845
107987087 9655197
15200221 208034
785117943 752224922
709007806 490097256
775215907 668540017
630716871 373039080
470477272 205156307
700110139 474375615
749239959 576568661
3576227 20769
710267966 492390088
263529327 62964902
759689593 606658249
166607115 24029989
693970028 463999705
505695570 237415299
158827944 21711736
498778247 230882509
260860938 61655311
579896473 313574692
757449566 599621538
778065408 684560935
757786021 600656786
759616457 606423225
742452631 559358967
395334931 144226847
352863998 114440750
742222033 558804243
652189422 401225397
777977164 684025080
436401497 176258636
432164717 172814049
784189319 736384702
43167021 1457677
232300876 48415795
755725300 594505744
499140639 231222615
241505692 52516678
785578788 767393523
487420693 220366707
522287663 253455115
769309833 641141026
774311130 663918262
553405387 285100735
120410709 12096163
720614646 511972545
122337989 12504320
420443525 163449075
80927094 5291424
688212734 454608858
691537405 460003764
431096411 171950981
781299458 706459021
207616504 38233799
748354296 574227572
785452591 761716173
156640225 21084297
692654577 461833403
534114673 265263196
92940327 7068258
535921551 267089263
531914648 263046253
439023254 178408702
785338930 757921720
653109668 402496838
708427995 489048118
405821715 152110750
114334650 10870122
783420840 726290193
785438945 761224758
72664385 4247175
771947537 652521456
568966709 301639199
757470649 599686008
465132980 200478015
772236439 653873234
652691210 401917998
782999792 721708867
761493621 612593219
335193497 103092912
604181524 341072386
723433672 517520356
783611364 728595412
548970177 280473889
756075294 595526759
486589190 219608163
399724447 147503200
614378871 353073995
762006500 614317419
669627715 425970077
506077710 237778533
148618764 18864466
692072493 460879499
338331812 105065400
634141084 377348464
259567842 61027633
186952205 30660529
505282285 237022540
731368793 533987773
729946772 530946587
386128706 137471916
674393550 433060216
610847266 348888645
478590782 212375063
33408258 868659
143524195 17529775
239679381 51686610
781917520 711538293
106164160 9320234
783972844 733333001
694641448 465111075
740536151 554773468
696962381 468995376
666302108 421127138
728736842 528391465
438774845 178204534
184488176 29811400
502089188 233999428
703624793 480491380
747974865 573230646
406972380 152987358
282645383 72763831
736086259 544430116
428738682 170050295
132412924 14777327
406324792 152493498
339496571 105801881
472851981 207252789
785153303 753024744
725062682 520794401
711252793 494194431
273418148 67948825
276305430 69436753
640041391 384917457
603014702 339714643
783999426 733697246
209377009 38912805
781666951 709417264
164892553 23508198
780029275 697135871
775047396 667668236
771333130 649750740
174780293 26583010
782928504 720991038
119743923 11956909
773434733 659587070
785475149 762602924
342549451 107744426
445651938 183887232
484570831 217774003
698987078 472443160
301132363 82856032
226079365 45732105
785328255 757604449
216091924 41570862
734036115 539825257
659081226 410824771
739548826 552439855
55340969 2416618
702906345 479232904
60894569 2954621
364714627 122399181
543888601 275221848
766174315 628959116
520714409 251905490
685753776 450671986
555519338 287317698
158583875 21641204
690451441 458231159
590598211 325511499
768782761 639001434
451283426 188600793
258912714 60710735
223549111 44655099
763806479 620487661
177367669 27423376
404389010 151023442
231188854 47930766
216689588 41813171
679525089 440884342
94625964 7337098
183963915 29632580
677871499 438340552
409468405 154898432
338028145 104873621
665534984 420021741
107106614 9492600
669934373 426421790
254402378 58547454
750294599 579388704
53920332 2286756
142276846 17212192
469771064 204535079
183701249 29543151
265792190 64088040
463035099 198655181
609745670 347590826
609259954 347019970
782487007 716655333
718437169 507756999
727155360 525085120
785626548 771043368
337625787 104619621
22094786 405609
629077681 370988927
590290940 325165553
775833531 671809619
204088444 36890387
116676726 11330352
581415695 315251870
704299379 481675069
566120143 298580933
592378886 327522889
13148763 160810
715593906 502316317
384460813 136267079
119004311 11803086
59751293 2838467
253962531 58338118
660305431 412554333
777867144 683360272
298362548 81306292
507705417 239327647
767963805 635769450
775380040 669396126
741752276 557675955
778338450 686232618
689819596 457205030
771553653 650735089
776884853 677618714
271611578 67026122
588035939 322632173
560465672 292545813
433269090 173709553
727583841 525976229
70990894 4048832
623464193 364051967
762730793 616775938
216995484 41937855
509703452 241233708
764338734 622347346
785649222 775909620
249208440 56091697
195954900 33865063
339078771 105537605
430875269 171772486
455208666 191930555
727761188 526346628
474752230 208941106
149171020 19013050
476160038 210196363
740359850 554354564
772045229 652973409
428393401 169772555
331211337 100621570
469447480 204250923
201138778 35781626
753388163 587842803
317318654 92224160
784984192 749529450
357436175 117479783
771075473 648614201
27888489 616526
344349547 108898281
630200400 372392073
83150468 5602534
64131707 3290401
693817760 463748220
561029844 293145720
784584122 742487404
432575229 173146724
589142833 323873836
686075512 451185760
43308173 1466962
233410067 48900860
464823584 200208633
785596280 768472637
313903845 90206568
303402257 84137967
764449987 622737606
108330777 9719331
566308678 298782794
753219715 587371714
767040397 632227606
309415553 87582040
389368497 139827975
353888737 115117744
462831492 198478631
232702585 48591337
492570120 225103436
108774939 9802885
280674597 71719951
310033525 87940428
663694830 417381731
619656347 359417246
783011995 721833859
761852130 613797590
695623249 466744017
683089051 446448059
255301310 58975315
67789075 3685259
602100874 338654914
219540776 42982201
434885424 175022599
525711807 256846105
264836356 63611590
777543590 681429915
169467404 24910919
552366330 284014686
96274279 7603895
774511587 664929240
745399528 566607078
20381670 349420
468682960 203580771
144729754 17839885
763252939 618568975
399529288 147356517
682632867 445729014
194205491 33227575
500875196 232854057
15127817 206216
736597947 545590542
535502655 266665493
785648694 775537949
247692276 55381826
298561660 81417477
719060582 508959495
76186738 4679094
785458890 761954905
593905625 329251307
584222894 318368864
121682668 12364484
139665129 16553510
2131999 8302
480935379 214488582
656509018 407220139
443318925 181951228
204604402 37085686
115404528 11079082
268984394 65691594
329891988 99810531
751638932 583021231
689542201 456755199
540510802 271760393
103520457 8844588
777364360 680371885
598514255 334511378
658807822 410439901
760710668 609990203
784704049 744498336
246403600 54780225
15634835 218995
785616764 770107882
293236244 78468823
137039800 15902910
334776467 102832823
266156639 64269849
445862754 184062577
166919593 24125657
390891157 140942892
770688056 646938939
239105688 51427208
730185523 531454383
713600157 498559497
33727097 885710
785639721 772841728
659817825 411864304
664027069 417857563
214547585 40949182
761549936 612781620
73729130 4375750
778866629 689522409
382719281 135013204
752934395 586580030
163786977 23175040
773273549 658811642
724565967 519790699
785561687 766498311
726414653 523554688
723103371 516862979
279541759 71123703
193828821 33090507
496739385 228971414
754241816 590253344
356137030 116612472
664896035 419104100
441753433 180656466
587531673 322067274
78947051 5030281
616760656 355926835
681132200 443380605
552046132 283680124
120637935 12143855
91163441 6790656
102557283 8674729
530821787 261947292
741468184 556996582
258580119 60550409
36423795 1038494
90152097 6637100
39084545 1197289
362731455 121047975
592763659 327958076
256334757 59470027
315987810 91435847
634262067 377501349
606654409 343963627
781028457 704343523
312972373 89659284
781843292 710899397
111735661 10367479
278803358 70737166
694415699 464736791
50427546 1992701
595348585 330890680
340772197 106611040
339811936 106001697
430472313 171447243
762258330 615170247
444935597 183291773
774200376 663361995
25329994 518200
1951281 7208
740198494 553972272
681685657 444244155
685597524 450422655
544343818 275690436
479032430 212772625
738210259 549305505
619507726 359237698
719918786 510620710
757867901 600910334
422954884 165432451
79684952 5126366
705207987 483279473
583875747 317982097
760398233 608961583
758598438 603189232
473061084 207438136
506523548 238202466
657081277 408019619
456875264 193350759
770376257 645610506
778833513 689312310
517905015 249154792
777013593 678351757
205211432 37315778
331574248 100845450
612928759 351350085
34907089 952087
783308589 725012732
98704612 8007793
265355501 63870304
639112202 383708889
658253564 409661599
783667550 729300428
755508336 593876555
253037271 57898357
189942531 31700863
9244341 90038
304743500 84899989
130455908 14315891
759981099 607601068
519529187 250743649
356737078 117012740
459495451 195598758
202941855 36458178
202708565 36370473
218356429 42495036
390268039 140485225
47969045 1797755
667882269 423414406
785635462 772197792
116972895 11389604
324063342 96260554
754377362 590637456
630397851 372639372
779672290 694742239
224373663 45005211
104872553 9085913
758703923 603521113
693411047 463077538
539996155 271235416
774270195 663712258
713996814 499304084
341291804 106941650
520399812 251596914
459471 523
530505950 261629911
215022406 41139998
72210845 4192471
624757291 365639922
765915079 627993631
423540833 165896449
775442094 669721453
523821808 254969818
314940819 90816854
79188789 5061690
667658946 423090422
783853324 731714349
680949889 443096359
161298716 22432289
691738207 460332313
639376472 384052096
359901731 119134175
654649796 404632074
783491607 727135754
688725559 455434874
690863572 458903209
548269991 279747134
273608841 68046710
785012382 750065558
785046613 750752444
742594352 559700686
543484708 274806951
29064851 665047
754950187 592269659
785468646 762340405
539221988 270445945
252631053 57705458
392553970 142168305
650055588 398300855
52062767 2127122
780715567 701968956
631248564 373705713
384800019 136511590
76360299 4700886
517724339 248978498
689374042 456482764
248943039 55967071
780749587 702222460
496317548 228578842
464254137 199713472
744510590 564381656
237425318 50675329
477928226 211779902
218638016 42610675
476614034 210602464
741952431 558156371
308153285 86852459
330351082 100092325
40118775 1260886
447946117 185799340
21027309 369970
302844225 83821685
675306537 434436484
772324426 654289330
726011182 522727391
720777740 512290483
261789638 62108957
748107354 573578518
202043180 36120373
622652281 363058183
176845270 27252207
326528042 97755658
675725769 435070944
307799217 86648570
53220972 2224198
777129938 679016670
763041338 617839651
480507175 214102154
293952267 78862831
589534852 324314662
682090592 444878161
741152791 556242998
681341860 443707658
250690466 56788612
112291981 10474466
781799570 710526433
714634265 500504121
738296734 549507211
784643800 743480187
276994756 69794696
773806305 661405139
772701507 656076641
226425496 45880229
171502667 25545765
254864087 58767202
497016844 229230614
640420188 385412679
217913266 42313405
767704629 634768903
745689233 567338310
680666113 442654341
239143213 51444056
450548187 187981415
781618973 709021555
285765453 74422871
731690168 534680425
760759385 610151397
286549773 74843360
273106670 67789157
699282918 472950821
782507283 716847437
94324002 7288445
650371914 398733060
530415593 261539218
62794007 3150191
318892549 93159533
233078951 48755905
712156076 495864736
550461540 282026620
119310689 11866676
739407886 552108674
331091966 100548034
725768500 522230484
487645943 220572414
718115824 507138170
706807194 486127680
23599850 456979
764567333 623149567
562788671 295020096
776587700 675951313
541045061 272305879
758308647 602282733
760067633 607881915
190292736 31824490
743379150 561599430
728950255 528839972
179511206 28133279
601984055 338519611
774078078 662750786
240334545 51983317
700941155 475813468
21261642 377654
741782294 557747954
175481306 26807586
782965197 721360448
342351623 107617978
583231542 317265480
622389086 362736749
24951917 504500
776740212 676802630
783829063 731389562
387983608 138819044
432763507 173299413
747954817 573178080
510158440 241668266
208659859 38635221
763595100 619753136
772002534 652775757
459911457 195956961
785599413 768671952
300691864 82609050
629659331 371715428
502473710 234362645
778101006 684777999
35233900 970532
527830367 258953572
492465195 225006480
98298191 7939513
301732808 83193582
521371090 252551720
509259454 240809732
781959256 711899408
771721975 651495103
642435741 388064365
781998590 712239851
735630220 543397865
309126638 87414643
602473610 339086791
514973603 246304766
372576328 127824534
650763890 399268877
524643129 255784815
739733550 552874711
41620736 1356404
663131922 416576492
134343677 15243123
708811596 489741831
130268709 14272384
181514818 28804220
780979703 703967359
19977557 337570
457588642 193960461
259160067 60830229
515367329 246686401
778662684 688240435
689916408 457362142
782341791 715302618
95519956 7481459
694248171 464459521
658197499 409582894
166339269 23948082
772105428 653254572
332103605 101172302
757742041 600521040
507265877 238909065
709889958 491700401
229170233 47057600
92553969 7007210
357178711 117307719
212282047 40047933
171650300 25592131
675544485 434796544
646806299 393890471
688994686 455869619
179163502 28017386
594951272 330438645
323938182 96184824
682839087 446053850
174406335 26464030
523532915 254683986
269748075 66078420
761374205 612194247
770087391 644385511
711804181 495213191
159890322 22019914
238002793 50933408
757914985 601056499
461998231 197756861
745991916 568105437
691266733 459561234
582593724 316557166
784861667 747256815
635387364 378929217
277124336 69862019
124846100 13048569
441909300 180785249
711646112 494920809
774854339 666675073
67212520 3622102
221446117 43772720
566759240 299265445
326241898 97581791
776959164 678041097
646038156 392854999
278407637 70530364
111286436 10281232
753963676 589466275
640967288 386129559
466049710 201277985
308670961 87150873
331894018 101042769
468231279 203185029
497205504 229407110
49771235 1939612
111956162 10409860
408745322 154343126
497891786 230050845
665218855 419567718
149338795 19058657
523846509 254994266
755551051 594000047
453077554 190119707
741646935 557423769
399196949 147106818
95170479 7424962
753271027 587515004
565722421 298155471
611600106 349777559
690059758 457594799
44960721 1578788
523939726 255086722
784435899 740120512
750919881 581070388
769234910 640835411
678832610 439815333
395754385 144538109
641776871 387194616
764200089 621861343
324307842 96408618
262639126 62526261
8319505 75946
692866618 462182015
131841041 14641206
756643988 597201286
180389579 28427070
617331558 356613945
723212373 517079177
402766359 149795596
455424721 192114345
730780042 532723856
765819202 627637110
735514677 543136721
97601203 7823323
241105765 52334318
512446240 243862833
346157074 110060255
394951174 143942470
772162075 653522004
722642640 515952110
159153750 21805940
784409715 739713498
781192096 705618329
492043610 224617099
391188824 141161827
729139013 529236750
127088284 13548699
638925148 383466198
11026699 120791
126998058 13528523
16904349 251796
738864 1392
631603474 374151019
363596779 121637056
219281348 42875229
600583382 336898254
423778656 166085030
176402434 27107301
648306744 395920464
242638424 53035044
590916097 325869793
678116494 438715963
548618315 280108659
763451902 619256770
774265778 663690031
405370279 151767409
346362060 110192523
33440911 870379
549221341 280734616
753031295 586848655
571792599 304693218
270597449 66509844
524012603 255159018
712531479 496561621
653535784 403086829
397762987 146032691
487151508 220120927
363908840 121849689
347084249 110659606
785418279 760501488
480148584 213778557
631076006 373489259
738471998 549916379
765235985 625517278
128874416 13952010
150970656 19503235
755672268 594351757
732206921 535800794
403828299 150598697
719649129 510098062
412066493 156901160
697785099 470389930
490128632 222849822
579259761 312872475
465825478 201082122
292327795 77970517
541845957 273125811
165299086 23631577
164062700 23257969
692332508 461305398
472255171 206724399
160508769 22200508
193447951 32952201
754481501 590932599
780382797 699578654
758407198 602590532
504871758 236632602
50633537 2009442
626048728 367229601
86479384 6087224
112743269 10561562
770535547 646288396
437200063 176912446
222508841 44217506
660834384 413303643
82555321 5517379
726966138 524692476
785462320 762086116
671107487 428155929
200166679 35418850
246007525 54595750
636537517 380395613
681631600 444159761
388679837 139326074
767187323 632787852
166584 32
602328541 338918641
466885550 202008190
371109962 126802186
475436077 209550212
585064069 319307132
681967081 444684767
26452831 559960
651057586 399671069
109347269 9910945
125821216 13265833
299909381 82170480
727374873 525541003
396029108 144742096
725550870 521785914
37460465 1099788
714121748 499538693
688096952 454422748
399898825 147634294
1519623 4818
38241051 1146225
779647877 694581420
546996111 278427236
193548908 32988843
785212489 754499928
622193975 362498607
753705729 588737115
149623880 19136204
39851657 1244309
749698691 577792705
597029369 332806780
188565904 31220649
192867302 32742805
777533031 681367145
416989368 160732786
461058018 196945035
27661618 607390
270327196 66372547
475973018 210029208
396945289 145423665
764863786 624194203
323178727 95726596
624108118 364842263
703168357 479691403
63573095 3231653
345134442 109402517
452811168 189893711
299597146 81995922
90715437 6722532
712797680 497056617
284797297 73906537
297836749 81013276
703855616 480896303
764674632 623526426
783111102 722865022
124590171 12991930
668596082 424454106
282319917 72591161
461410894 197249542
560055148 292109608
736738907 545911337
222813259 44345217
771789890 651802924
568146072 300755543
779080001 690882940
756246096 596026680
10307219 108168
774383996 664285062
751322339 582159963
627969225 369608495
296822892 80450246
335998179 103596363
479838625 213498964
596343270 332023459
377119128 131017600
210098003 39193155
751473303 582570364
40501263 1284799
412749402 157428975
785486386 763065113
378594693 132065593
737371764 547360231
172672289 25913952
702619799 478731706
314482639 90547103
712656065 496793167
300176201 82319934
780071627 697422060
785181941 753728500
702807128 479059289
725426067 521530997
563198728 295457817
439356342 178682478
135727077 15580830
591078387 326052897
749397279 576987945
627431100 368939900
697218909 469429660
62176997 3086164
742809350 560219362
513472692 244852633
762632819 616441767
768561042 638113627
739946132 553375933
523192366 254347689
706155662 484963176
597071235 332854697
117426845 11480926
770606356 646590400
98947051 8048937
553959400 285680406
416626236 160448312
78213847 4935568
320264507 93977666
607305537 344726907
724739376 520140774
738896367 550909399
317610492 92397487
695947204 467286610
766394965 629782951
238434922 51126753
547272951 278713708
467331209 202397597
782653351 718265135
785646333 774374112
597731632 333612086
292578949 78107954
377816269 131512567
17422112 265582
317033896 92055278
697081637 469197059
365296993 122796671
782872129 720424659
707002777 486478018
475607145 209702655
204521838 37054415
510384072 241883957
346494854 110278364
329475449 99555056
49338640 1904728
260072939 61272482
655246732 405461480
686357173 451635845
501443556 233389709
613517603 352048886
189869298 31675203
769009064 639917593
250345205 56626028
785352380 758326893
23182310 442534
752392856 585084044
711470724 494596575
201646474 35971739
234918878 49564395
551318974 282920811
753071467 586960076
582096390 316005405
755385712 593522935
506975622 238632763
203834398 36794482
755322737 593341546
685129837 449678226
784849012 747029102
327240200 98188774
664818111 418992281
556179616 288011527
39751930 1238164
779825888 695766104
46305422 1673583
574122900 307226452
751756466 583341359
495255235 227591253
431882031 172585475
403453165 150314799
776185922 673730882
253299466 58022920
627759447 369347767
626587515 367894179
754650954 591413715
587141406 321630358
670856859 427784496
710984179 493701065
603925724 340774031
379724288 132869744
552788647 284455996
604492985 341435696
355250751 116022474
508008632 239616486
781133805 705163636
527278302 258403852
777082466 678745260
270151300 66283195
127326565 13602007
417834426 161395986
124526129 12977817
448598062 186343930
445353500 183639037
91461079 6836197
162280590 22723646
244646764 53963008
785645589 774092967
603412450 340176338
344288625 108859155
314062581 90299956
114959366 10992068
781475164 707859281
619887509 359696767
553014071 284691568
554538051 286286873
41290982 1335043
766506229 630201190
77875441 4892511
658521372 410037572
52955125 2201700
784386863 739359183
125616679 13220210
408494124 154150619
152863927 20025736
341734910 107224131
391642293 141495745
25878756 538477
673617268 431895544
307086491 86238964
775585352 670477217
158168928 21521694
760296088 608626984
311358522 88713036
503242888 235089768
494743316 227116204
450274751 187751235
281911837 72374867
518489774 249725839
701703812 477138034
736932648 546352914
286908618 75036150
607023376 344396108
783720436 729979356
156212524 20963018
781430834 707503729
361451149 120180511
431335734 172144181
351198261 113344405
486124137 219184682
410838260 155953251
200340623 35483664
140017105 16641513
783523643 727521826
529791848 260914126
199325763 35106166
20636031 357472
706899088 486292227
175789434 26907617
512030308 243462594
59307057 2794253
319553674 93553280
81252001 5335203
32089317 801519
784948108 748846495
743924998 562935330
137254012 15955589
470808548 205447897
129808760 14166165
537348167 268537604
572396859 305348749
