100 100 1
0 64
0 65
3 65
2 82
0 87
0 86
0 39
0 38
0 41
0 93
0 94
0 95
0 6
0 7
0 4
0 26
0 5
0 4
0 44
0 45
0 42
0 42
0 41
0 40
0 52
0 53
0 54
0 48
0 55
0 54
0 94
1 94
62 94
63 77
60 77
61 77
58 63
59 63
56 63
57 74
54 74
55 74
52 20
53 20
50 20
51 11
48 11
49 11
46 32
47 32
55 79
2 43
46 119
9 55
45 1
46 17
55 84
5 30
36 18
35 90
33 116
53 3
63 2
50 67
0 114
41 47
30 71
56 9
0 111
40 115
60 50
21 114
46 0
99 105
21 3
22 9
52 10
41 117
27 51
14 66
15 61
108 25
1 14
99 54
70 2
26 78
29 67
66 12
29 47
10 119
93 8
22 53
10 15
24 48
70 10
59 68
89 25
112 111
45 56
25 19
