3077
2822 2291 812394
1237 1093 578360
1719 2543 333590
2030 2362 558911
2395 2097 534285
2159 1371 80666
2724 1559 433378
229 2722 724961
1613 295 983737
1854 541 170743
547 258 481220
2397 849 499274
1575 849 417826
745 23 363210
1924 1088 730288
2983 711 468178
2699 1862 142632
1242 2137 912198
2713 2527 852571
1156 1659 983692
1508 555 120788
167 2151 622132
2914 3022 571371
265 2665 120658
2405 1729 975423
1687 66 614761
2464 979 19214
2448 797 997177
100 2917 154583
1291 1445 700395
2391 1459 973127
747 1681 329040
2141 235 767556
606 60 73954
3009 290 766450
846 1333 424944
3014 1958 428427
2899 3026 63423
1718 1294 815522
283 1278 648602
567 2906 877271
2575 2780 273971
2228 330 600511
1909 2654 864820
1949 1577 168649
2220 1435 402585
564 29 943637
1449 2340 603679
949 2785 398182
1751 121 866358
2791 853 472574
2126 2679 513744
1406 515 669100
1632 3024 944294
1956 2012 208409
2207 2805 588418
693 1356 102084
2871 2290 125592
1391 400 412676
2219 1316 652138
868 2355 948554
2062 1913 619499
781 1583 133159
2360 861 192495
2629 2763 195667
1207 2550 356360
1903 2528 792000
1599 1286 75934
327 2863 655050
1560 2038 538282
712 149 558741
505 1057 671467
1250 2140 17785
1431 2077 213704
2550 560 98358
143 49 698193
2353 526 583012
2942 363 431758
2156 523 83190
1169 816 499364
2490 2366 677225
1230 714 61751
1962 1886 741976
2699 3061 687309
1088 2253 500975
2682 2427 168446
3031 1434 761073
1784 813 658039
1713 424 420953
1506 2970 643055
1821 1156 321415
1342 2971 19057
2177 498 693162
521 426 296200
26 811 932571
1931 875 834477
883 2255 632150
2705 2797 817567
1391 2000 817970
2470 614 312386
1287 3057 600406
5 2664 932693
1104 1725 621198
2029 884 413141
2892 160 950310
586 853 513945
531 880 780834
1536 416 70887
846 236 828334
2652 2656 808599
1199 833 199342
522 1092 911109
2933 229 24442
1085 2716 149752
486 939 482172
2165 292 261735
1041 522 683685
339 2110 564223
1532 387 197436
523 827 133063
834 1830 678474
620 2146 457723
2037 2733 167792
1017 804 278618
127 2011 811809
1629 1490 559997
3015 1523 15167
1385 34 728192
1187 1395 749387
618 1092 244182
789 2601 812914
2374 2959 74167
2340 2314 519434
3053 2983 364016
2896 409 932494
905 244 206227
1945 1534 606206
1995 1373 877900
1109 1820 680282
2027 1853 443863
731 1543 993722
1235 1417 551248
1547 1995 551294
143 1846 939991
1147 1247 319320
2463 254 302765
375 2352 599373
72 1639 312345
177 406 933012
830 53 123107
2890 469 156457
1427 710 969840
2576 1788 89173
2598 2682 146391
284 718 118031
529 2462 306173
2057 301 414153
1951 2990 714977
307 1355 882569
427 494 521508
885 907 748065
1913 1338 715172
2002 2505 505091
1592 485 183021
2137 1102 720660
2469 2901 730328
1688 552 605273
459 2497 40216
212 557 840518
2131 2845 455526
305 564 437751
1392 1047 243859
1431 2576 41469
1070 184 531009
2217 1103 116835
3022 2289 389110
161 2817 927492
553 306 848344
1033 1598 756822
1958 1450 279441
1107 1282 542097
621 445 259596
1807 373 248273
1726 1192 295815
1579 904 515219
438 1691 625212
2528 1028 619022
1759 2568 492614
314 2284 152505
2504 2845 547538
2665 1608 906740
852 2916 472474
1541 714 62030
1907 811 551620
1722 413 39329
2836 607 589426
1782 2724 297331
1797 573 110684
2638 2764 468892
986 2073 68767
1502 1456 334629
2522 161 942067
2544 1344 310970
1548 42 968608
2181 1382 427572
767 1535 319330
2024 997 230885
3067 1840 975668
1442 596 932244
358 411 714406
2359 2212 204048
2049 2713 892000
1391 1876 731029
1771 1830 173482
2381 1547 438016
2390 232 44573
2097 2111 271838
21 785 452985
1568 1941 29757
74 1194 369719
2665 2845 30978
1644 2364 606089
2282 639 603622
1544 1537 93333
922 3005 487425
820 1043 780195
3028 2777 835349
2298 3069 488770
470 1044 127971
367 935 176977
1441 407 601984
957 2301 490169
1263 2057 92743
1010 2234 233235
1567 1095 448807
639 985 867952
163 375 784632
553 2496 271701
1218 1941 600577
1680 220 132651
2186 2388 547956
1679 1722 984165
1034 2870 926035
2685 63 270560
810 1403 449449
697 3072 832882
131 1690 44706
2353 478 565824
2775 1183 771091
1423 2198 357714
2956 2155 642043
3065 2119 829002
3015 789 732620
61 1731 435492
2363 156 331013
1080 1686 396610
1466 2067 712477
2113 2792 282851
1910 1882 75825
1870 2431 778627
1351 2956 153077
737 2589 744949
2961 20 20940
2581 249 321757
1312 2572 457866
2466 1705 916805
2908 829 874643
1137 1580 427070
2150 2802 38
2495 30 881468
171 2068 813361
550 774 848502
346 306 451970
156 1170 643765
209 2582 124676
49 2573 826678
1806 487 980031
1818 532 606777
2544 1625 323958
399 2612 752407
1154 1651 325911
133 37 33705
1214 2231 23397
759 1859 201125
1642 1496 8933
366 633 230950
2799 2262 131553
204 1762 241536
2826 2552 412273
2361 251 396003
898 1997 898132
426 1095 596851
1803 168 339512
926 2728 264400
780 2757 390090
2376 1837 132769
1624 1972 174063
2825 2789 51444
1149 93 780017
516 2492 303353
815 1537 511353
2761 173 753052
1505 1162 542215
2090 2025 190474
2888 575 177356
85 1429 188138
957 1752 51555
2433 1366 605280
3071 1840 140197
948 1841 7612
2961 2977 447215
12 2536 70458
1528 945 390003
2386 1791 692855
2487 1024 718273
2183 2583 658189
568 2918 415862
710 495 410904
392 1868 844146
3070 2797 729679
339 168 105112
2858 1094 977292
281 1774 363260
280 2602 515120
2186 792 872644
394 765 862046
804 1646 565947
520 2813 759104
2688 1296 916636
2891 87 479661
673 861 455453
2681 753 646585
1325 1686 537264
1052 3076 411733
2293 580 448367
55 1808 315910
630 2146 325885
1587 917 590480
2398 31 64481
1324 646 160892
2351 2588 123831
1699 415 796256
2634 1779 664104
685 625 317671
2732 570 750039
736 1392 219753
2765 2013 747527
92 1567 730659
2413 1453 284437
2546 2620 334287
691 1345 977325
153 2808 700442
2702 1007 584370
2052 770 397293
2940 1262 876850
3041 2381 731127
2571 798 317630
1984 2599 280020
2111 674 482143
1754 1161 454669
1568 1737 5062
295 1629 806821
1818 1803 399992
423 836 809727
2779 1575 652501
1917 2907 567613
476 2986 354176
3024 815 585896
3028 2013 679014
1506 755 442314
1260 41 988583
1412 1229 95180
1489 1974 386918
1291 2227 348592
126 1567 529040
3009 1167 328410
66 2618 323171
2876 1277 441341
1625 2500 128209
1168 1082 312402
345 1511 218393
1628 2530 518834
959 23 935036
2348 319 84855
2918 3027 694167
1706 2738 840214
2556 227 163801
1627 2066 430339
2363 2074 862508
733 879 537379
1368 786 434749
1312 2404 992562
2447 2675 439508
2173 2646 209345
1282 2134 593537
2704 308 639005
1667 2191 846438
1676 1433 505418
1606 221 771005
314 513 122821
247 408 456136
709 2083 212982
1772 1692 358326
683 1594 339042
504 1792 320253
629 1544 84329
814 1986 477838
888 2368 952756
2879 398 599289
689 1196 367569
654 2877 963602
312 1596 59504
2626 2610 547272
2590 2359 176988
1461 2040 62714
2891 391 401830
796 305 420213
648 2979 447727
1279 640 429141
581 2469 988887
1703 1856 467337
1379 2911 20664
2037 2914 821063
319 20 28812
2983 422 621438
2708 70 477532
2419 909 328628
529 353 988495
1094 2820 628006
2228 2368 158623
2461 2066 899080
1337 1377 704611
510 46 997422
2010 2978 186054
2713 1233 582695
209 408 104852
2538 2756 151154
1921 634 817161
3049 474 595504
514 115 645088
1838 2159 605845
2710 2805 895717
224 1882 99275
1813 1279 917890
1627 1923 836635
714 1881 106257
2263 2067 967447
178 1396 546543
2294 1361 860781
1355 3029 571413
801 380 101362
2892 2265 50437
952 488 444076
2032 1538 397040
577 2007 339457
334 47 86639
1600 2758 975720
1516 2040 241934
2859 286 268692
1588 1984 190527
2622 989 354779
538 1363 887239
2033 2667 737944
2710 2719 795531
1595 581 606955
1701 2295 601003
3022 1317 598871
77 1524 46640
2748 1717 519135
1891 1067 617776
2824 2349 561612
2239 1098 704141
2727 153 134865
191 1693 292789
975 36 167123
1587 84 946161
112 3045 118484
688 1103 463818
1177 1918 250591
1193 2463 143150
1239 1421 143878
93 112 987026
69 2143 117402
1756 2330 144443
488 30 38847
1449 1422 375842
104 2899 446664
336 192 198541
1005 511 20951
2416 2143 367154
778 1107 568845
1225 2118 680616
1429 2498 123477
1527 1676 340650
1851 1199 403144
2804 350 997762
1775 2131 552780
2743 1937 645903
368 1653 956290
1448 2047 311806
2362 2886 485507
1519 351 460312
755 735 270896
1720 1842 486714
239 2595 766582
507 865 175506
949 2883 678058
1025 1161 779786
690 1850 352373
1198 3056 924447
2442 306 507379
2074 1592 854753
2976 877 133333
1404 2859 859474
2176 2866 124462
2306 1649 491493
2465 1145 206720
2840 140 291967
589 1717 263922
2151 2536 340887
915 198 684150
2465 1154 329859
351 605 917724
2028 3062 380652
125 2410 45176
2645 2769 237311
2109 518 288141
2067 1062 206859
1966 153 159629
633 855 393164
2243 244 591124
1167 1217 716329
427 513 773294
2495 821 765022
1938 1532 425752
847 754 849378
2018 1011 64609
2290 665 556599
2125 47 669172
1491 442 334184
1987 569 679276
704 2579 700457
2342 1067 952441
432 1779 424492
850 2005 483072
2213 1966 776742
2032 2707 315582
2511 673 287476
1113 1690 476003
1993 513 670612
2870 1650 350173
763 1146 295642
156 1389 957090
1616 174 881418
2518 2807 812211
1519 92 568078
94 541 278143
1371 251 984034
1344 2568 934246
2889 908 883230
1592 183 611870
1883 532 695353
1181 2903 268580
2182 2017 272077
1247 2948 464126
1834 2000 986815
485 105 357931
409 146 510968
2873 1323 144181
52 2380 104867
132 2041 413285
1845 1437 119504
152 2383 986002
2008 1464 963151
268 153 956190
679 3009 551814
996 1078 449372
1839 2317 480799
865 2739 380677
1818 65 984503
365 781 588464
845 2285 670144
3054 1288 175016
1588 1062 304938
1285 2496 645004
2758 1869 840394
2996 712 400018
2510 2989 711318
487 2392 413309
952 2386 677429
367 865 791157
2825 2285 580392
2839 1356 730819
69 2805 307550
39 621 326688
2493 470 927857
1644 248 451558
2621 1379 845312
867 563 539231
1876 3053 656357
404 2557 44151
1952 560 252466
2210 2388 432359
329 1052 368494
980 428 31802
3046 730 185021
2695 1196 52662
2818 486 174008
2667 2647 385858
2839 637 21827
1686 2785 142524
2909 2002 454803
1741 1928 506196
1489 1714 230398
367 2815 356999
2083 852 997332
1702 2034 742892
2580 1840 951491
309 2353 910906
825 1189 792894
2489 2569 803783
2780 688 886088
1482 2581 687262
736 1556 455678
2431 838 446983
1384 1038 841743
520 636 38622
1305 2371 960165
2376 48 563737
1652 769 428342
2761 2982 833340
1000 413 541287
3004 62 802808
1164 2240 390927
197 2162 906371
2702 1582 495386
1505 2745 105206
1002 2027 397229
1373 128 415451
466 1627 371933
450 2268 571649
1893 2347 471077
462 1055 57285
2576 2936 971916
290 1272 542994
970 2795 466140
3074 336 489103
1027 2007 624083
1884 170 229107
2966 2677 524977
754 2012 735915
2113 958 890793
2972 2415 278844
2365 2407 780495
1075 2572 363597
104 2047 877142
1099 669 695466
1061 1193 262059
2945 591 190560
843 2688 419485
1843 2608 922848
1108 1413 259789
1555 2170 323005
1836 2409 880089
586 119 145594
2533 2836 83976
2247 458 99572
2666 2832 342990
271 2301 956406
1812 71 351788
268 1692 15715
749 217 242086
812 1762 78947
2040 1028 60071
1840 282 443151
287 1456 464726
1805 1843 979917
1105 1262 944542
292 862 505353
288 1304 489566
1927 868 514075
2136 2321 26228
2889 2796 589005
2890 1220 194879
1300 2331 875139
876 432 374721
2232 605 987995
965 2449 836143
2917 2438 181169
722 2094 411606
570 1333 938703
1144 1558 112428
2481 1232 769781
573 1357 799226
197 1562 861215
615 1885 564549
1066 2165 641742
799 326 979948
409 645 382179
1498 1647 158238
906 756 568276
1547 2966 564352
2714 118 752560
1112 1067 208581
2732 1204 79945
714 1993 884084
1366 1520 725764
1996 2583 758448
1957 2881 367467
182 1268 817696
990 2824 844509
2077 1762 469854
1616 2608 680291
609 848 139105
1862 852 214570
194 653 897693
2257 1448 361139
246 1832 220204
605 208 553155
1333 1095 389117
2368 526 838081
264 1670 139296
1745 2750 352618
2624 2413 588316
1290 1983 680644
244 2498 671973
2495 874 10234
1883 2815 475859
2301 72 391749
2385 374 661308
749 1319 825241
1205 2150 768497
1929 1363 192555
2606 1652 794923
1257 1017 116845
1766 54 333786
1026 603 157049
819 1198 145987
347 757 17728
2885 967 128940
305 1592 283719
690 2793 733052
2542 2602 561638
2400 66 431029
1626 1210 635984
569 2941 36553
3012 556 234063
2604 1002 807994
628 2893 708042
2552 184 360354
60 2748 876699
1361 1191 692326
1792 264 80305
1867 353 589652
226 2997 132074
2670 722 712472
1592 2701 532760
926 740 734770
2188 2114 293299
1533 1023 567603
1118 771 676309
1068 964 766470
413 3077 453722
1287 3009 925087
1657 1033 100640
1355 2922 198571
3076 1525 352498
468 2501 793917
2543 1791 204370
1550 849 925255
2039 266 552263
2547 729 400837
23 1805 543850
1548 263 849568
1120 797 111965
2619 1999 88200
825 2 525938
977 2794 909246
2174 2703 384650
1254 1726 204872
72 2837 384157
80 1391 210649
2988 2633 324410
3026 2420 188867
1420 175 112849
1433 1711 162012
2452 675 19646
1744 437 303357
2668 1181 695310
1700 1702 566020
1758 1900 860594
789 1111 584805
1846 142 927737
1379 2570 526680
1566 710 111439
39 2067 123055
919 2643 564744
933 2924 209746
2765 1627 336526
2172 2385 711040
2738 896 417665
528 3066 459645
1037 2935 659476
1448 2105 65345
1582 2989 760647
3077 6 279076
2093 441 441922
1132 97 826956
2338 1872 468647
1664 147 561627
1731 3020 182850
764 2289 428298
555 2247 374318
1725 2922 374514
288 2303 215853
2368 2442 557985
27 1171 100422
2565 2499 384052
2485 1874 4666
2567 1522 38408
2387 390 12227
264 604 757213
798 2372 899993
1790 492 403550
2944 2581 844908
2484 169 895654
1842 37 460974
2584 1660 529584
1475 1204 96801
1628 3061 788247
528 139 505975
2188 2163 285583
1280 1158 305649
662 211 374245
1666 390 23740
189 1963 556594
2421 2934 902525
2334 194 139867
332 586 516204
2561 2300 635471
1056 1083 598890
1577 2388 163943
846 2190 902770
2109 216 14907
332 2026 172181
2209 1974 933534
2220 842 955755
868 1168 888282
1690 2312 156122
1595 3042 822796
758 2816 841152
219 1722 234703
2245 3007 380894
2149 332 862937
1564 1921 912132
1596 942 572584
138 847 530044
2673 89 651258
3023 291 86740
1130 2311 579393
1442 2368 389334
992 3042 957892
252 1261 585576
826 2810 120088
359 2933 105755
155 287 209890
424 1894 501731
2451 566 576013
2704 211 807357
2840 2218 402217
2026 2126 913377
1786 2206 309379
1861 626 725281
2384 749 223425
1381 2601 980499
1228 364 195178
1545 401 443434
923 2289 175183
1311 220 663596
1111 1258 744915
2684 1051 631028
2161 1810 61511
2514 803 436468
2668 708 268805
442 2210 398013
1501 2730 525856
2964 1625 642214
2992 2340 570854
413 2759 488971
815 625 689904
1554 292 638205
1258 256 196167
1748 1881 168319
1199 303 377932
2697 423 319790
2316 2986 267760
477 2303 109603
1308 2801 65468
1142 2036 76325
395 1481 430837
1829 2484 159865
1675 260 596305
1667 188 609156
576 1445 223918
2754 404 567816
2585 666 552985
2548 1307 717147
2605 1328 716314
2400 1867 449896
1168 2897 591781
1599 58 230111
2590 655 115603
2166 2078 959041
319 1439 772066
1782 533 625781
1283 2186 177545
2553 2915 147676
1673 1802 874047
1306 2317 551251
1297 2214 847119
1731 1418 222837
2388 2917 69937
906 859 655765
1297 2791 251794
990 1680 859715
2637 1494 319742
2586 1559 260161
1676 2979 814807
208 1794 217860
374 1019 396430
2739 646 59287
1210 560 381148
382 1006 540355
2987 1449 947300
1348 794 330579
1448 2545 599247
492 2313 71356
1010 3042 337384
1430 1127 721461
2951 2726 63189
1461 439 933261
1733 1361 250196
1907 350 873266
2889 633 19176
1889 2348 99372
189 2381 496835
169 582 36300
423 413 363636
752 1959 225967
1112 687 508790
2138 424 878013
1448 2289 203239
1501 1809 486113
543 2838 24254
85 1766 382408
488 1332 84606
2681 1062 487615
2484 2607 62850
217 1427 726921
448 126 282944
809 2905 105300
1541 852 128199
2413 393 396216
980 2376 481338
1969 1906 234379
288 2097 931297
2300 1949 271489
1517 265 682885
1354 1598 402486
1995 1749 654804
1299 1988 960589
2223 2453 1762
1837 1939 326193
729 6 151292
967 341 52573
893 3048 211325
2874 499 935805
2725 1786 496504
1203 748 786752
520 2601 263823
178 2039 392584
321 2873 675240
3052 1743 135966
2988 381 532238
2619 253 281918
1434 2072 24881
2525 2811 300594
184 1340 32547
2903 981 375248
2472 2106 170804
271 819 157107
17 1980 460306
1921 1653 202386
118 3021 650663
658 187 176281
1015 2510 721143
2225 1005 981201
1451 2435 950845
2153 158 44751
2633 3059 376307
1962 869 391701
2242 1091 752602
545 1954 894175
1192 1262 505415
2873 293 105229
2840 2043 343898
477 2149 19399
2582 214 697657
502 1478 235148
1669 2446 980713
295 584 483386
1043 2140 769006
1330 2381 471060
1893 1563 216303
908 2657 877689
712 3069 389320
1797 2669 342067
2223 970 322522
1896 1334 234688
2523 2521 574818
1829 712 739122
1257 1823 420067
160 1565 697295
1941 32 214480
863 261 438608
318 1430 483611
1009 290 865483
1346 1323 990862
2384 352 154938
989 2129 491312
2067 263 24833
1781 2756 618273
216 906 379870
492 371 803179
473 598 308688
277 668 363930
2823 1123 269625
1179 209 162457
1506 1084 624125
260 526 817859
1563 2555 578596
1657 326 790713
1576 1483 625764
558 1947 992488
835 1710 682387
1294 2024 764821
2028 2066 913152
2429 1242 619808
649 1586 907419
1021 25 32859
2130 567 838925
2163 177 651804
1197 1239 746509
145 645 477224
2746 2846 837288
1958 1054 985883
319 984 162153
130 2559 931572
1630 184 871148
17 2203 893151
2351 1835 58365
2531 418 374443
306 1624 387139
203 1845 442342
1685 600 142778
1832 443 439974
1201 667 280795
194 921 398965
1415 1877 422336
396 1322 437241
2106 773 36316
342 516 440698
1720 1091 548294
703 1497 326463
2114 1694 593099
1973 29 177805
1971 1532 80685
2550 2637 514397
1030 1756 156996
1406 931 552706
2019 1452 338721
871 3072 731269
148 1936 852708
1592 1153 524580
1526 2441 106480
3026 2179 727792
2482 59 971011
604 338 368844
2783 154 341115
1299 2242 322229
1058 1109 66746
3010 1954 261800
1393 2619 468910
1301 2921 443144
2258 885 258578
2592 2353 187553
778 1564 542942
1047 2472 828639
1113 1412 717880
371 460 671115
1759 23 31399
843 1503 207851
2415 1043 486712
478 2611 595308
1727 1664 372531
2469 2924 896738
209 2576 345664
1239 2001 237608
2392 382 71296
255 1069 863498
1305 306 472654
220 1391 934109
1827 1810 67777
84 2543 920627
2325 2394 935539
1341 2492 531491
2706 563 180699
2382 1113 383033
2699 2942 450564
2291 2915 899365
2595 3045 585298
2570 263 727605
1539 2849 72109
2088 2247 50387
3013 159 217510
1503 1037 404006
2755 263 178193
1313 288 60184
80 1404 401093
1152 1132 45934
266 984 774537
351 1540 4778
1588 1411 160349
1726 2543 417528
1167 3033 506666
1900 1494 865861
2305 1443 37581
3006 2871 771286
1133 2201 701233
2792 2318 655406
2790 2626 640831
240 1002 375802
806 214 671093
2413 1071 730998
1187 1179 479514
1587 3067 949268
1060 2612 127281
1101 2456 713603
2185 1420 629283
2493 432 473042
2467 1009 974204
1293 402 538402
191 2406 380921
1107 2328 189596
1876 2080 827086
2281 246 953702
2592 941 538606
1975 3040 559779
2777 690 748322
1384 1009 693784
1143 2091 651452
2137 2062 185003
1170 377 927867
1715 1129 519959
1831 590 301192
1572 730 154183
1817 1259 382512
1820 2885 735269
2749 354 262286
1106 1735 492917
2438 2509 677436
263 401 333137
393 804 916499
1640 190 591716
1695 242 221072
581 1348 696789
384 2502 614654
1115 2823 484817
2988 2296 231230
2675 2753 412356
2712 570 986601
182 1685 116523
2245 362 874942
1389 1258 912319
803 2522 641004
1033 2930 518560
867 284 450527
1687 1635 773685
1171 584 330385
1531 1679 695301
2699 11 557169
1192 1893 56422
854 2334 903613
2494 1890 136953
2248 582 863453
1414 2503 208768
309 2285 149783
899 28 290247
640 1784 426243
1043 2040 395673
1536 1512 460273
1295 1612 524263
2304 1948 808102
393 1878 451936
2995 3044 535167
2022 1405 619591
2284 2115 538513
494 1363 815872
1593 1964 341440
123 730 969838
2192 2607 246982
2238 1002 837549
1069 2670 601893
762 2603 965229
1807 1431 867746
1817 423 822945
61 353 874544
719 444 207222
2884 1652 359588
900 941 155176
2943 1410 207377
654 2725 69798
205 2443 57483
159 562 238473
441 1782 573244
2863 1283 23693
561 2856 906047
1001 2054 325014
439 3030 597009
147 2713 848548
818 1343 909019
331 1292 418796
2174 499 777633
1108 989 666952
17 724 174233
2681 1541 263446
761 812 443528
2266 320 218978
2384 669 69993
2732 2324 730047
661 1047 582291
1085 2109 933437
2806 2381 652046
2630 1713 648431
470 160 270331
2488 2316 768858
2065 322 847782
121 2939 201032
2614 2534 713098
2338 1925 323115
1249 2370 46403
2159 1030 369615
377 2397 272735
222 1920 286520
223 2223 536821
1829 1820 656941
2279 2335 906642
335 1391 777594
3045 2138 668913
1427 2056 617903
1652 1288 47635
1479 911 529557
29 2056 181562
2429 2084 877894
2107 2391 329527
1093 2396 966903
1287 2246 601100
1649 1832 348974
11 2044 769112
434 903 873188
680 1497 370637
216 2509 301987
2703 2497 182120
983 3071 873660
3058 930 627800
2238 1111 504240
2531 678 905839
359 2811 524194
159 1451 128699
1066 614 777628
993 620 987264
2284 890 220759
2671 267 833103
935 670 226162
1274 1658 34730
2533 967 282807
2148 2705 246105
79 2693 501452
816 655 696226
2600 2283 182888
1316 1143 979046
698 973 299730
529 1331 194473
1691 1202 302374
2765 392 982328
2129 52 24096
188 1371 900260
1645 2314 759772
1069 2971 767905
2113 351 541188
76 2336 932404
1155 2502 949886
2840 818 145354
1782 1906 704785
131 1059 137050
973 1377 826670
1735 823 494470
562 1069 549865
2748 637 264807
1519 1499 258640
1003 2392 404255
773 2918 153922
1268 1299 100207
797 617 640348
2215 1649 417241
783 2643 368861
973 523 765384
2040 1136 910864
205 422 472369
2091 463 545236
1261 1322 288498
2305 1582 613544
2396 2891 561757
241 2955 274351
1620 2563 211165
577 335 756185
1340 1000 917718
654 1243 52569
932 1201 380503
939 1915 166873
1401 2457 949883
2214 2184 675535
222 146 96544
2638 866 970986
1464 1739 78769
1394 2684 896646
1669 511 740548
1450 2273 591535
2036 1601 148854
1249 633 239903
1625 126 502333
1944 2429 250399
2400 2619 821151
2863 1923 339295
1729 1756 508278
1203 2365 373117
2009 1925 320815
249 1512 358767
171 287 608989
2326 1222 639357
2316 14 739749
1157 1643 827756
1254 3060 5482
1109 2406 509935
563 1195 15014
1175 2309 277000
1124 56 185254
2779 1421 627729
547 1620 749658
3003 1737 186082
227 1692 693895
1959 1644 612114
1117 1648 288631
2749 1159 356614
1211 1855 57327
826 2067 819532
2987 2081 490941
1593 1463 17764
1619 3049 649182
2646 1841 501287
2012 1776 681196
2513 1695 358599
454 3066 447816
522 979 708935
3059 1509 130155
1025 578 205580
1185 2946 100305
1192 1977 251251
1274 695 963495
327 2107 458433
109 2341 402049
2415 484 419430
738 2909 40197
878 2700 494963
878 1418 40340
1165 759 734410
1266 150 366006
2807 452 260604
2258 432 57684
1522 1036 702184
1037 745 441358
1114 1707 267137
366 2166 858761
1458 513 299010
1277 1187 786806
2803 133 866574
2328 2047 360963
674 3012 385902
2195 92 781144
226 1215 548471
2964 2183 340316
2155 1251 700149
1430 1320 387900
2477 2737 428095
474 2271 876632
2226 520 905383
1375 1443 781205
239 2995 139672
694 58 3838
1429 787 689959
812 2531 828831
864 905 651878
2928 757 897709
1849 1603 295084
770 914 660358
2586 1939 573355
3052 2592 742529
2469 189 35195
933 316 174744
260 58 880172
402 404 632152
1467 1727 29038
1900 3013 335920
693 2327 280857
2281 2234 720189
1384 1331 373231
344 1183 539676
1354 101 252409
602 2185 492617
2278 1356 320162
1880 2451 679796
1499 2078 159049
2413 2179 300937
2421 2333 414677
1633 939 688211
2881 2187 194530
64 1252 832152
2901 211 574678
1468 249 789460
2167 2612 261931
33 524 194561
194 629 190959
269 2304 773946
2229 80 481242
700 1281 450491
1067 2762 545533
1116 2730 204703
2798 232 749925
2031 1091 435655
2520 419 957742
645 1015 91319
2616 2039 541016
924 1388 458402
314 2352 70574
196 2630 410149
208 1868 213364
1446 1124 980283
2667 1389 19137
550 939 421989
2509 773 368602
644 1662 786434
1903 1485 532881
2953 3040 265941
1493 47 106556
2379 1838 104708
2772 2894 53072
2174 1061 183332
2996 2371 418777
831 2764 103033
3074 48 437664
766 1907 406175
645 2836 400422
813 1391 155880
958 2569 716674
2824 1617 566397
2027 286 503499
1258 430 958000
883 224 287330
305 2744 983055
2950 622 612663
946 1010 628681
1754 367 894751
1350 125 201583
1620 1961 616601
1226 1261 586036
3074 1823 940683
2657 1610 527410
2772 2260 605519
1124 758 449322
383 712 580480
176 2509 79188
448 2363 802354
1627 2061 754627
2527 2002 496600
930 2306 138935
261 223 750713
2472 435 537302
2969 698 346715
307 960 779785
1057 2916 45401
908 844 53145
1783 2571 823398
2286 2786 563718
1169 953 675659
2173 2813 764760
1182 697 570077
346 249 161214
1991 2294 460401
2161 96 897969
1420 1532 311772
352 271 385114
1119 3064 69809
1846 1456 844498
1303 815 521710
926 9 596647
307 100 22457
1352 1808 832686
705 1418 21655
167 1416 282908
1200 2253 948222
1935 3063 677067
2065 144 255965
222 1039 595065
1143 1950 629423
2572 79 854447
2676 3017 678539
1733 2088 680022
2494 2666 741228
2454 2180 238845
2893 448 429141
1069 1156 497295
740 967 951534
1179 501 961492
2024 1420 502492
759 2082 230816
154 1530 810269
2649 6 470894
2552 2518 278535
671 1511 588104
2197 725 116347
2977 591 100976
1937 235 125458
2054 653 618743
2171 1264 169675
2671 1830 38174
581 1937 781307
2303 2092 453754
2498 1423 347660
2323 602 975467
2279 798 327278
2747 2800 735615
639 1932 103941
967 969 111276
2720 1827 436439
2948 253 220400
742 2981 244103
2281 2937 103889
122 2998 757660
2181 1408 642520
92 1395 490763
527 578 519925
1575 2470 787777
1069 514 102715
1053 2869 563605
828 2050 913712
1130 931 34265
1075 1713 279301
318 43 943703
2578 2156 908687
97 363 934806
282 653 29687
763 1346 572741
2755 718 826823
126 71 960838
1955 492 745997
634 1188 374612
1111 1362 959135
380 566 297012
1154 2681 517080
590 1568 263324
2274 2823 823754
425 1363 402256
998 2306 721499
2483 1138 293990
1147 2754 364870
3054 414 54815
1605 2756 335358
1290 2090 520683
282 3070 917128
1769 253 551633
2875 1508 65450
2937 934 841076
796 1830 781977
935 371 919227
1393 1497 266923
2940 2292 573351
1978 286 95995
935 123 378150
1096 466 958004
2839 3015 183186
2399 2150 794868
2125 2016 237252
647 508 290296
174 374 196604
1155 329 192560
1439 1511 979290
1718 1230 546211
3038 2394 148950
2183 1062 480106
2620 568 181757
2897 2858 452236
2018 2482 80231
171 2490 976357
1705 805 20370
1162 902 780165
303 505 778062
1546 2654 533481
908 2602 582941
218 2149 630376
1294 1088 673887
3058 2920 890316
858 1288 407027
2769 1716 151296
2165 489 803856
2422 22 75993
1936 2115 144893
1570 1019 770864
2592 1715 907764
247 203 362936
784 770 397810
2467 462 604410
2679 2284 306365
43 2259 273310
2226 2598 611391
1243 2314 68304
2649 946 87735
356 2864 445280
2923 1201 169653
2715 2013 59138
672 130 931714
38 464 832860
2899 2992 454342
2423 514 581189
574 1563 82694
681 1542 139660
1851 746 77729
2553 560 385437
2424 161 376101
1876 3022 372476
2002 559 492852
2963 1301 768037
404 517 892378
2065 2338 824061
1536 3034 463830
1918 1342 995881
769 2980 228958
1320 1437 586116
2290 2151 28236
2195 1959 423649
344 267 244310
1788 1148 23889
1493 1143 121066
622 631 171528
2780 1026 381573
1025 417 870241
717 1847 867225
2212 2641 288653
2596 1412 727602
3010 1243 444668
645 1918 731296
2691 1354 510761
1228 2421 557031
2011 111 923930
917 1075 454990
1078 2716 456558
1709 2405 616101
609 3011 285765
1649 2782 995385
1926 971 99108
1210 633 158182
1318 2477 362324
606 935 975376
1980 2697 302357
2572 1908 608810
945 569 846985
630 1008 625792
1507 2949 160257
518 2223 2816
1462 1773 931505
1873 161 950446
727 1013 180015
291 568 96907
1250 3033 644974
1067 1143 290218
1943 50 473933
730 450 482936
397 2175 53583
3076 1470 956078
2069 670 178240
193 2151 265939
1063 1889 152347
826 1894 308369
793 903 393588
1046 1514 838339
1845 1169 836744
274 3026 277790
1886 2857 331099
2434 1277 852968
2679 2176 167588
2157 1415 606216
1171 2936 916582
988 2536 479102
1389 977 105433
482 3013 237231
904 1060 264426
1660 2154 403661
2406 2808 777202
250 2669 539316
2588 1705 755441
628 1497 830523
2651 785 955566
2507 2190 34722
2287 1875 403881
1707 2426 844203
2459 1421 438598
2200 3013 416103
2271 904 702070
2208 1794 68864
1682 936 753376
1694 2925 227073
1024 2423 535483
199 2041 663837
297 1720 450312
1275 748 258271
1810 2397 938189
1761 2234 695170
1408 2576 811157
1462 294 603331
1755 2812 720858
1444 2715 121059
2197 1596 197361
3031 2030 629065
1888 1784 814505
2746 2058 33533
514 2274 418921
2446 2661 45880
158 654 795010
2987 2035 130650
651 852 135816
1828 3042 283087
315 550 350116
1136 70 798565
530 141 899427
1252 2707 474373
1997 1132 425777
120 245 930358
347 3071 750460
2411 1324 298824
1876 550 720138
1711 1210 35688
155 2418 9700
55 1819 766487
1798 26 391059
1435 851 375619
20 2976 506209
646 2468 6006
1447 1965 453001
177 1346 334400
37 2523 920275
2465 2156 921074
435 2100 204973
3050 457 36681
74 1184 39474
2087 1746 232324
452 2093 983080
279 2760 464955
118 1786 895282
2369 396 214996
2289 2925 253946
766 2099 847852
651 1094 513654
2879 935 466606
643 2241 17761
250 1114 928888
627 796 417429
2753 2793 600725
2801 589 87545
3005 2577 115825
1323 2865 104888
1240 2833 486215
3055 75 200772
1067 2643 974881
2589 1382 190568
2853 2805 641928
360 2637 902351
1052 1665 425379
2883 148 963569
270 2178 770984
1890 600 455417
190 650 371898
788 2422 302481
2184 2329 598613
653 297 964996
2641 871 351635
49 1245 494829
157 1296 741019
360 2756 841761
863 2736 603847
130 1833 825228
2798 2727 855850
2334 221 9727
436 226 588004
733 2207 370638
519 1539 491123
2849 2157 369357
1355 384 206938
912 2608 521635
530 2315 891555
1576 46 725137
2254 1351 509799
36 445 187777
1038 1460 480489
170 442 317457
2876 2412 182515
1963 1833 89064
771 1035 127598
107 242 464978
2234 2929 362331
2405 2369 799416
2018 1613 852002
3011 865 282983
446 1263 469301
2076 2031 573522
507 1910 881498
2544 2633 52504
847 333 362366
2606 313 395054
68 148 39766
1189 2253 27544
1292 1105 118046
2166 1593 282736
2686 1409 290159
2422 509 996409
739 1047 279225
47 2732 594081
1952 1668 852935
1873 2493 268449
839 765 34251
23 2428 543778
1793 2760 741441
3066 227 731774
2539 946 989358
457 1377 764807
2602 2220 35405
1997 45 224737
2982 2310 686620
19 2798 400915
2436 1583 463447
2779 1310 295653
3010 1844 528274
2046 1635 304243
879 2441 330214
2610 853 129453
1508 2116 9743
1140 739 403106
1114 3027 170401
1985 520 848765
944 2635 211960
2792 1912 707154
2366 2445 210392
1204 1660 296862
2942 2761 750645
1187 1568 962127
290 2344 127033
2209 1158 250610
557 814 918543
2130 922 704776
2149 362 997238
3013 1321 214666
489 877 387402
2704 2871 466754
2933 2752 149225
2797 817 476902
248 2817 3048
1681 2426 573020
736 2143 816304
482 1677 359032
2845 2129 675209
1255 714 87932
1129 1736 113706
2899 2973 701371
398 2927 752810
1112 2635 604047
761 2155 609445
2683 1606 134442
1774 2044 475302
2463 1532 94907
1069 894 921823
1903 2931 710416
2969 2492 538080
1218 2645 236617
1889 901 930291
1445 614 643608
99 1022 185952
1111 2850 971636
2690 2696 874677
1757 441 642279
684 1481 595
2207 2923 730857
1590 1963 958160
594 687 181609
2455 2388 540588
2138 1102 834742
1898 999 496825
2800 2587 348139
2947 1325 359509
2722 2165 165905
1069 2660 377467
2229 53 259937
7 1503 103645
1008 1005 299679
2057 24 272225
62 908 893049
2797 699 971415
2247 525 923335
189 809 460067
1604 2384 735899
2970 2428 449371
1318 634 240241
1462 1563 773519
128 2373 79235
1072 2373 722806
1898 2743 627283
1705 2275 150847
356 1022 817823
809 3017 241446
571 2211 278651
718 397 435674
2414 720 212755
996 1738 389117
1836 2155 205721
1400 57 12009
2816 2884 383941
150 2140 641536
2742 1815 858521
1729 1536 962403
1995 125 489979
1965 1877 625838
1982 3073 393454
1084 496 41570
948 790 68046
725 747 48637
782 2782 805416
676 715 707651
1993 1768 207082
2663 2156 898720
1655 1190 78719
1085 1783 110921
852 2025 130365
2031 1638 118534
2315 129 336280
2887 1170 666516
1515 2230 829080
652 3013 28733
490 2351 155841
1056 1416 308222
421 2347 734923
1807 2731 284304
2908 2837 625962
1980 2399 497029
574 135 448654
2370 370 192835
87 1675 69161
453 2227 567370
40 909 163256
1411 2603 450579
2512 1935 701712
2032 2070 762429
1768 1401 424443
312 1278 405004
547 242 964769
566 142 70348
856 2961 328766
2331 2420 211857
683 1087 815080
2353 1013 542952
1028 1615 661070
1572 2934 43173
644 562 114872
929 1312 971801
1245 340 527436
723 51 422202
977 681 811
669 643 988578
259 27 88125
1473 2387 603062
1338 601 24066
422 1857 643776
252 24 98290
1469 2485 246483
2003 2865 990874
1879 332 13452
1901 2277 491631
29 2773 419162
1288 381 300338
2276 2168 762666
1103 402 892530
635 2005 143655
1201 2294 703319
1814 2856 528192
1264 575 238353
2233 2457 758522
1945 741 72736
1724 136 509792
11 1405 161219
2370 2760 312088
2779 1045 316633
1171 361 341081
1638 40 269404
1534 2934 425084
1108 2727 530829
2587 2129 119608
1439 215 796376
63 188 153288
704 117 578292
890 51 935169
3048 1278 107150
182 1483 135322
1112 2374 306716
1149 116 274798
2740 2495 750597
74 697 100938
2448 2918 316777
1381 3064 392321
2699 1484 588814
2194 737 644296
1766 2528 22744
2459 109 577159
2235 144 207871
1132 1036 293354
1909 405 957948
1311 41 359341
394 2095 776310
57 1542 11339
2881 2438 579356
989 337 505740
1079 489 276238
174 233 724517
702 493 746339
296 2296 612279
2902 860 422466
2526 2603 914394
123 922 126483
2834 2180 149660
2883 1407 692489
2340 461 847894
2326 73 692031
1571 2103 408759
2315 2288 5101
1068 1601 15771
2467 2579 323902
2393 2057 105903
2669 676 256219
990 760 342176
658 1156 136969
748 1395 243661
722 476 972996
1922 2216 23382
801 516 852503
1901 252 412810
2201 2274 358143
1562 1420 624395
1659 892 93574
970 700 265245
2070 2518 222825
1593 1128 211916
3063 2101 576648
768 991 718803
2531 1515 30949
729 717 124788
241 1852 269101
1442 2678 828332
808 2565 972708
222 744 637301
2545 768 358746
936 1031 251687
2849 1 81592
638 458 205670
149 2446 684051
2605 1696 344711
1085 2449 310848
2487 1474 107618
1940 2367 351994
222 1897 430361
95 215 416404
2205 1648 815344
657 505 507538
1720 420 879921
165 710 719224
2741 2206 833522
785 1414 841420
673 2035 626181
138 94 51567
594 583 445025
1405 2127 647136
365 2667 11411
1641 1860 431888
1174 2162 592335
3015 1552 126079
1021 73 448472
1271 196 662921
1122 828 338503
328 702 54340
150 659 118708
2868 549 282522
2856 1025 842240
1310 2309 56737
1400 1787 713181
2240 2544 738529
1947 677 460575
2787 92 642625
1021 382 856982
1149 937 400617
2965 2055 731466
1045 1600 995587
2416 1557 216004
2901 172 940110
2393 1916 273020
2645 2941 567051
2952 2214 954855
587 523 925907
775 137 10512
2407 786 476299
2886 1723 645623
780 2035 232822
2784 2522 576072
116 166 869002
2225 186 825482
1196 2893 860186
1603 2662 23409
2968 121 558901
1436 1544 15945
1567 927 888930
1796 1435 80786
3050 788 739341
2588 1583 834488
771 1964 885698
2774 2204 853600
149 480 973575
3037 2182 473292
1031 398 942365
311 361 980655
1982 2952 499005
839 1394 983410
1398 2801 93440
1683 1915 231785
924 1675 217977
1012 189 508187
183 759 727952
1216 2791 967463
954 2896 941874
2527 1338 396023
45 2953 226173
1874 2457 141654
226 2701 379816
1770 466 568030
897 970 49344
2649 841 967773
2087 195 969279
1554 469 570488
2447 1914 319883
695 843 385925
1325 2015 184602
1110 2700 826867
1460 2142 565851
277 252 761209
2615 1541 286399
1763 929 753048
2322 2655 16126
2336 684 603315
2115 2169 435905
2043 2635 988810
1695 2118 740865
255 1222 603030
484 2128 869980
1303 1601 974090
863 1345 146256
807 2773 613885
431 2657 660108
94 2852 662019
2108 838 143587
2830 1305 610113
1560 2472 292084
2190 497 54997
2778 2115 798038
1723 1242 573662
622 2038 862090
612 2877 507685
2696 815 40129
2910 578 33186
2389 2350 45771
2411 2878 49326
536 437 272573
2320 2549 578091
1777 186 848456
2501 2292 385557
2974 1075 559134
1232 896 33677
31 868 663031
1925 658 390001
2829 129 527210
2256 74 912654
1432 1603 433769
2977 210 592968
3014 2168 763149
3003 766 65060
465 1805 12906
238 1305 865310
539 1666 670343
1326 547 878126
156 542 276706
2414 2718 128022
2981 1963 852942
214 1553 386442
2946 460 119579
2252 2925 347592
1208 1476 996796
1103 3002 460511
2018 1585 878842
2693 903 586704
2319 411 169291
748 2686 477184
1109 721 355633
1489 2052 929733
2180 1159 466827
464 1677 867429
896 585 597388
15 1199 446598
1751 2661 544836
2588 776 89662
1145 2554 309083
1942 1689 958199
2792 2473 319922
2277 558 170575
704 2119 758090
713 1501 203822
2745 1700 49090
1293 1998 178337
1875 714 46995
2995 1369 161750
808 2437 230385
2130 968 879337
2339 2614 610348
1417 1973 706280
3009 1689 901893
928 291 113795
2278 539 805472
483 630 661837
2122 154 745941
364 2425 924714
1706 294 643294
1609 1614 667465
1953 1726 630130
2539 1137 343828
193 1621 421680
1962 581 774452
1638 751 714137
573 981 465863
2209 173 213090
2123 542 730813
2651 626 753672
2183 2346 549850
78 1552 458213
2539 2431 845607
491 1782 915142
2533 824 895787
831 2686 404661
860 2945 439537
2058 1028 850097
894 536 914829
429 237 645480
137 1867 175796
2955 285 125484
257 2651 573845
317 1383 22314
2009 1643 854977
3020 1951 40230
1020 2037 805484
3 2111 173866
353 91 590681
1083 632 767891
1429 1033 254537
1808 931 749506
1622 3009 214593
546 2901 257162
1799 17 781515
2079 293 382964
2444 1808 401659
1476 2670 64495
2304 1264 65262
2172 1221 258242
1730 389 931399
2043 2299 335446
2694 2838 943428
3037 607 690913
2271 1561 343504
2602 684 428078
1690 2290 760376
1603 1077 207538
1543 2545 962549
2307 1995 492941
888 1899 626962
1169 129 692593
2100 1387 407030
147 2417 992948
2916 1122 738248
2272 851 94974
1215 1968 746109
1432 2138 330986
275 1331 427319
1296 1477 936501
89 334 92264
2831 1889 852223
1386 503 800980
2713 2121 932597
444 2928 978787
354 1461 89508
2463 1022 346610
2640 2030 455703
1194 1700 332640
1710 1292 936949
2071 1790 465477
636 2847 476524
2713 245 545512
2589 734 739150
623 2487 165617
1414 1054 646418
2370 1032 360134
536 1618 314724
1451 2102 292640
823 2347 532210
2349 504 847789
317 464 146189
1492 1885 385241
44 2624 906042
2030 726 288240
1092 1871 672446
1981 272 727089
2085 1539 543492
26 410 949685
2826 2262 314281
1358 296 658111
940 2578 374700
3026 433 788802
2498 692 574955
655 1479 326890
962 819 914896
798 3075 150178
1641 1003 181925
1426 2868 832038
2860 2520 890575
73 1602 689254
1889 1574 646080
2170 380 781883
860 1246 216520
500 1266 695538
616 319 326184
473 2220 84866
1424 2563 344143
2228 2562 860279
2600 558 916067
2513 3049 615385
226 515 987923
2948 2394 976667
1029 2075 480887
1721 289 443415
1819 134 979565
1005 162 278233
3016 1287 283408
37 1928 644822
313 2053 98527
2830 1672 320940
704 2659 54281
2117 2435 367473
2552 1721 415684
2648 1321 578710
704 2994 128379
2828 2116 779098
2771 1119 132237
772 2954 984546
2614 15 982827
2164 984 784498
270 1230 464120
918 643 737302
2960 3010 31743
1321 1386 110213
2574 2004 459146
435 21 421109
2993 1527 191271
2838 2989 258755
1943 1683 323442
2050 1623 200045
2456 618 206504
2152 881 407272
231 1502 332487
2768 1432 456051
517 1353 986666
357 2502 484948
1105 1424 645139
359 978 813656
1067 557 782419
986 1085 222400
2133 2381 875099
1284 1397 145570
1827 2282 184880
378 2682 967713
946 75 23022
1208 1440 672367
595 542 111385
2453 2211 998284
1907 333 972855
1978 1240 535925
1285 1376 431344
1185 884 280670
148 2486 973705
2199 1903 326985
2548 2368 460672
2821 676 411000
1419 45 96467
482 2322 30744
1327 2491 802919
1647 2852 133144
1536 508 267435
276 341 721875
2648 1739 221110
102 24 415736
509 4 779317
3001 1657 825201
1036 1454 676075
2754 185 342083
2844 370 902930
2222 2422 633747
2041 2434 498875
357 779 226826
5 2280 610527
2723 855 310050
2814 2855 527705
1746 2483 620922
289 1655 888093
432 995 542924
2404 2124 842663
3006 407 438599
2968 2652 600763
2152 1494 441673
636 531 943222
1514 2037 278792
320 2976 322646
1876 1236 801662
2529 1551 545429
1715 2861 347595
1376 2320 930379
664 1383 42728
1551 2227 276536
2089 1083 162418
1438 2191 656495
1480 1479 219676
1390 1689 218652
2432 351 907454
2388 2558 165166
2960 2680 610283
212 1051 512565
1202 865 697729
2037 3068 871743
2907 294 528574
3050 2776 471151
3062 1965 937618
725 1745 645941
2145 1385 886125
786 1589 733625
478 2308 260193
2946 971 341680
701 283 423726
2104 1733 967091
2213 2594 442224
124 2934 734383
2150 1530 811617
1704 1989 511885
488 976 476476
1224 1744 156873
1370 1684 667391
2848 1138 940967
991 1186 488644
1226 2136 124410
403 2545 769306
1422 2042 137987
304 402 544249
2985 2770 842090
471 1547 62565
2512 757 210372
1378 3027 474869
2439 2237 157110
2645 1504 200616
1565 440 116789
2290 822 569656
2748 2729 588083
2280 65 335507
2716 743 352042
2873 2064 916401
1213 215 700326
3025 650 394966
2250 403 589554
434 86 282852
2812 1927 285508
358 1218 811034
1221 269 70004
1754 2894 856499
1359 2009 433147
1428 299 506463
2087 742 156908
2565 1709 33141
2476 749 764368
3056 228 390438
2170 1673 616447
767 102 855691
1385 707 679168
1760 2819 374079
1589 2332 182554
1607 1872 382240
1728 2350 263703
987 1270 376078
2595 1654 10867
2096 1699 143433
806 325 168077
2770 570 503670
1637 1952 675213
777 3002 212262
2105 2297 128019
2826 1309 734859
1660 415 112378
1768 2120 119937
1959 412 489707
593 2650 593473
1172 2460 429205
2893 1336 550955
2220 2196 490949
1227 2374 509909
971 1065 210480
257 2687 689113
2266 2868 218195
2177 1452 644716
185 1967 922237
2014 2133 552707
1335 3038 508170
775 955 166391
1767 898 425224
1347 462 951246
110 1903 637099
2358 1453 443521
519 302 539699
1054 234 531928
3036 82 762681
1276 797 364862
2867 1143 778823
1674 571 682427
1069 77 175705
1970 1284 59419
376 361 685004
615 678 824967
2747 1597 630936
404 2293 418561
1806 2375 273883
2933 642 229432
802 392 305065
910 1639 943827
1865 995 58531
1827 1712 439740
1064 2650 570471
55 1976 432246
322 2021 237563
2463 1581 579607
818 1734 899489
2957 2106 522362
1765 2257 150630
232 1241 753872
1111 2870 4643
1495 1244 849401
1274 1231 989113
2507 2147 340637
1074 1182 525659
772 1628 266148
1701 1770 908422
2066 961 505239
1062 198 851537
873 778 50654
734 979 470812
2812 837 447628
2963 1578 643385
872 2379 758026
656 286 337360
2148 951 281965
2193 1131 591489
1172 1105 213073
1460 1064 860349
713 2948 73898
230 468 389856
237 1994 948209
1372 1944 247845
2487 913 451404
2921 675 979204
2144 84 984916
312 1126 980185
1747 2655 977377
1696 1174 169013
970 512 242093
1800 779 730612
1946 215 852241
2337 2970 560164
2474 659 76582
1252 1455 402511
2717 1167 76100
3022 1040 392318
1150 2614 124546
1992 539 192170
870 330 314157
127 2852 727486
879 840 660752
1795 983 22997
2928 113 683351
1365 2984 782264
1301 511 222112
85 686 920589
2629 915 218184
618 2882 553348
2566 2327 779320
2438 611 995695
334 2541 769887
599 2322 95519
2214 1704 687751
2721 1825 835398
1219 645 688691
2519 1893 421921
2125 1529 852116
2949 279 760486
2043 1135 789464
2397 1160 46076
1308 2658 975201
2059 7 595356
1896 1189 86622
502 1632 198354
1290 355 989912
2076 379 709666
765 950 516805
1661 181 152686
1096 2774 220530
1685 1611 73167
2202 2761 441398
2478 2787 792455
2144 1081 456878
2864 1631 115140
2354 185 329526
323 302 311881
20 2216 609783
2747 1364 810202
925 2658 236598
2341 1488 280255
2399 551 460449
2808 2726 307627
2139 2743 584599
1176 864 518909
984 706 516224
2466 1904 475531
1889 1510 392744
1118 1887 910720
456 1157 77272
718 524 242200
2276 2408 775513
2767 1500 947535
2377 476 624556
2862 1059 233195
472 2755 929567
2304 2636 236272
478 1100 832692
2358 1848 3569
1487 2732 986717
1778 2054 312752
2913 1459 713297
1228 540 416575
1256 2646 383202
1472 927 507283
1920 2508 515430
1486 2222 71541
683 2950 42476
1121 1940 521359
2136 1117 35597
2085 2135 686476
1071 3051 487912
2126 2860 520712
2283 447 653380
879 592 171890
1869 1042 1988
1363 1374 443103
2068 537 205416
1238 1796 27849
2809 1184 608611
1994 551 920714
2814 1782 888077
2132 2874 444470
732 2896 942270
1573 493 307521
1345 1520 891808
1053 1353 803780
1934 1500 976521
455 2725 418552
991 1014 300963
298 1959 763820
1234 310 717802
2013 1573 565884
2343 1104 922507
1688 1154 519082
1339 2994 546361
1635 3025 72597
2145 1368 879895
1636 2584 102520
506 3025 811053
1311 8 722297
1367 755 844182
1685 2625 249877
180 2392 926527
2479 1766 764995
1387 2591 897936
1049 1529 897695
1815 171 324703
554 2787 747943
2978 1068 802859
2908 83 517362
831 2653 334515
1163 1058 365774
488 2537 606210
682 1267 83584
812 2193 364101
1166 2459 387892
619 3023 805717
1234 464 167995
1931 2816 325473
1410 283 102579
428 1671 36546
2549 2895 356752
2352 2926 716948
1772 2880 877847
1113 635 524988
1144 562 387699
2627 2153 389922
2851 2838 271108
916 86 712631
2450 2038 261608
2023 1491 190615
1934 349 205419
323 2491 135600
2592 2270 633556
181 2492 460447
943 2901 909246
200 2927 105787
2657 624 376657
1298 1211 982568
2348 1397 417733
537 1004 637821
2720 278 595447
2066 2458 473151
2063 1868 198539
1465 2764 839228
1940 1153 971222
1594 728 695679
1740 408 809404
2958 2341 970346
1124 810 379346
2318 1500 909224
2289 1452 785859
2758 966 877756
76 2231 400294
1407 18 66013
1139 124 992285
2900 18 826475
522 1892 251484
2480 2874 686455
482 2236 86115
2221 680 95561
1463 2517 223607
1798 1981 354787
857 949 459316
1707 947 134861
2068 889 381405
1898 206 805827
2831 2004 206187
1728 2052 543490
1521 1829 729158
641 1254 379523
2041 2788 802717
481 2204 677173
2852 1212 441199
2160 2094 501014
206 1141 973589
1574 2189 414274
1173 1576 110843
2112 2104 237519
3041 1678 600734
1525 2439 645527
257 2535 918666
71 887 615952
1852 817 327923
1039 2357 458238
2880 2734 532987
990 2098 720045
88 1920 726684
2220 1086 956620
1425 1788 715546
2524 1637 157843
2413 1909 418699
2827 2634 254521
1716 1614 933907
386 2422 579170
2443 343 736569
777 2051 319910
1365 1602 675900
610 2995 378289
1675 2383 16568
1091 1098 60271
2721 1668 59198
1902 1681 806493
2684 1267 911922
2059 3036 575691
2302 1573 299687
277 2698 146159
300 2428 778683
2547 2991 189572
498 750 285974
2762 1314 918560
1050 1457 542357
1206 2223 976963
169 467 204700
886 1528 255023
2551 2672 419565
1305 1048 653578
1298 1443 3272
528 1634 43689
1753 2981 524123
2956 1960 81850
1730 838 67822
956 1753 916609
1750 28 828510
1009 2560 683633
1992 2819 170703
303 663 497158
1459 108 623996
1097 514 947215
2196 1697 572097
2378 2260 901122
2747 720 876147
2932 1848 378651
2786 1509 74084
1180 1413 71507
1349 1602 15425
1590 2781 322618
2912 2584 952725
2842 1033 16864
742 974 609357
2506 1188 123323
2999 3026 901224
1315 739 774701
1689 1750 43417
1457 1898 314147
496 2264 392641
725 1708 843561
1789 2805 376864
2609 1131 347491
1271 2623 370771
74 2551 208653
2375 2854 206306
2515 1724 808223
1528 1306 92285
3043 2064 833512
1708 613 114457
2585 1132 971794
1518 2980 455748
1248 2505 839404
2532 291 236563
999 2564 155873
3056 1826 155167
2055 1266 847826
286 2841 442816
187 2835 400301
1593 649 986027
2631 816 367938
1223 2270 264450
3047 2535 680639
1180 2613 827330
103 2663 711545
237 1866 75430
1358 2515 813239
413 534 905188
2663 2644 708428
2696 2045 968970
1850 588 626526
2401 1977 93072
98 1771 755158
2516 712 28648
2116 122 9631
1134 2109 990809
426 1265 850672
2496 213 329956
1975 2269 515821
2628 282 537654
1424 1513 572277
1269 38 298427
369 211 379670
2369 2843 420573
637 1302 156311
2345 933 786094
663 2261 156657
555 2471 222966
1076 1754 928804
1862 3035 991890
1289 2065 210088
1487 2224 555343
2155 16 314108
1446 1073 323778
2973 2048 168504
1107 2158 34388
1310 114 346742
1642 439 819118
2753 1571 816469
251 608 333118
1780 554 396844
2527 225 987134
2056 1178 157620
2251 2305 864023
199 1533 987925
1911 720 624571
1669 1584 625802
2674 2899 887137
1979 985 371379
2780 1930 964446
2329 1428 182714
2689 2935 304842
2831 891 399455
2475 1053 68104
987 3025 52774
1273 1400 186763
372 2830 931446
644 1698 697270
204 1209 458955
1451 1125 182863
2434 2709 199452
267 1151 642174
3034 1360 881223
1801 2509 500050
2597 2168 474743
2365 2962 848738
1472 1864 662575
3019 2848 123390
262 708 166913
2356 1937 168085
2086 1655 829913
2479 475 952971
2397 1253 576039
2016 2402 330276
2924 920 842956
597 2593 895501
2599 13 441008
1370 811 767912
90 792 896640
2440 2101 151293
2711 2611 638128
2898 1102 499145
1295 839 239478
1326 81 839040
972 2001 427324
1364 2938 468295
201 2631 97464
2958 1591 364759
1399 1014 725430
1656 2204 557268
2302 324 122982
2060 2598 267780
2959 565 587611
2574 1785 660504
572 2660 347573
2430 2116 603961
2967 1028 247880
2002 544 877521
1107 1804 322264
3039 1810 730287
2403 1405 152879
2975 427 103170
1493 895 540690
548 2585 189525
1090 896 920960
2244 896 218036
10 2915 941058
3008 3069 204271
1703 1662 288270
2075 1764 553659
800 396 740945
2740 994 950224
207 980 642473
716 1280 653387
458 1990 657731
1811 88 179086
1108 1895 468028
2098 1471 987573
435 3000 379479
568 3018 913134
1251 385 646212
2451 579 12440
449 2763 535841
1822 1307 260678
2735 1422 828211
82 2540 988521
2006 789 182056
2720 597 341883
2224 2249 615183
35 2917 405624
1029 1019 417221
564 179 83958
2626 348 535178
12 938 87799
1981 795 781000
1495 1884 585695
1402 3064 768656
1919 617 197452
978 2751 131910
2617 582 203947
982 2774 757232
1863 2080 443757
469 67 313558
2020 1058 796352
999 2632 76419
1557 2639 532724
1569 1861 682051
791 1219 124085
1390 696 355792
2692 2857 454155
2607 535 235360
1905 798 549557
388 1913 499584
763 479 682389
33 1732 768268
243 1040 44527
1089 1103 56490
1016 408 634121
1816 2385 635753
1933 188 13809
2204 106 982048
1139 451 122415
2642 2639 233437
380 1663 217371
991 832 86771
1272 273 307675
1329 442 962498
2116 2904 291783
1281 1018 865214
1549 30 188839
1824 2607 190432
660 2880 517276
176 202 840051
2766 2971 354182
3032 481 210618
963 437 240577
1380 2413 967322
65 2267 244246
2558 882 410597
2094 151 924627
2919 611 668041
2872 737 81711
1858 2556 964638
2743 1742 600393
164 2385 236013
