384
93 295 80596
324 204 221776
29 201 170771
113 144 209079
55 70 322600
121 143 366652
155 58 453455
354 379 534037
154 143 291015
314 31 859256
39 373 980411
43 203 797660
159 153 472042
156 42 914852
160 327 975712
11 361 898781
7 30 643306
352 65 494597
38 382 731193
99 221 588481
180 285 733338
384 342 669125
356 247 37665
72 165 351518
158 43 199297
199 348 726724
46 253 464349
123 186 992937
274 138 200285
367 343 673855
177 78 2812
269 51 435768
112 383 110932
10 257 908915
38 274 172057
351 209 827275
28 190 96370
304 172 203176
139 96 171039
56 321 286188
51 49 499934
273 194 358616
267 170 231298
274 198 620600
355 271 751511
248 315 564980
134 375 440073
42 115 953153
110 129 997414
34 320 777683
308 246 643005
48 83 11619
262 160 277132
374 232 355176
334 272 965157
139 102 55476
98 47 706623
175 369 567648
290 251 437001
358 348 436629
288 364 742045
323 276 823920
116 349 674660
169 182 604987
80 261 644850
292 129 700534
80 149 49649
125 298 833983
85 123 360192
179 331 476992
281 186 309171
49 147 117398
305 133 884492
73 348 574850
153 346 956602
211 257 607529
81 334 756428
206 329 361424
54 45 577756
96 295 502657
12 130 38626
254 304 595252
151 338 597088
123 162 224090
104 285 952472
244 333 724381
217 378 114837
124 292 551349
276 52 305542
61 242 469821
69 323 918007
143 3 178258
215 243 843098
283 95 656650
39 283 452279
64 62 719922
233 281 860578
300 114 874003
374 230 773213
160 72 72291
308 359 90947
293 267 527219
305 304 518709
45 248 390844
142 56 546336
356 151 415557
381 239 271769
150 323 717164
217 258 598987
137 231 520454
62 285 267452
251 261 173433
61 209 556568
131 134 129584
336 264 563527
261 231 177467
252 192 865359
319 349 48081
351 129 366649
309 352 271066
263 325 639982
154 32 617660
224 231 976938
306 80 738136
67 146 67748
236 32 360718
97 37 896065
253 288 96952
112 284 863516
322 347 966323
284 307 607095
145 297 281994
365 353 91733
44 347 19860
140 67 781666
313 263 347671
58 121 923129
75 6 860689
53 115 63139
55 224 827140
160 78 810695
317 290 187291
215 131 974026
108 163 567692
155 182 856241
118 340 978229
247 77 903863
191 295 553673
157 138 820299
255 31 396453
85 365 813057
130 289 19397
274 200 917626
68 58 519274
326 61 23305
176 162 233332
233 314 128323
47 129 931420
212 133 764365
25 348 472769
60 201 944260
44 221 603337
330 244 722023
375 82 290865
340 193 54897
96 298 391219
128 58 368120
263 323 635833
275 249 249569
375 366 46293
81 372 983254
245 141 164451
147 362 87341
332 219 284506
116 264 828731
234 157 252777
271 362 684677
348 336 185485
74 128 679729
243 303 52235
360 107 868096
196 96 899346
5 277 557071
300 292 940840
311 206 397820
38 3 662560
190 112 604744
2 264 848680
110 102 418280
382 191 873171
134 127 62602
341 278 224700
43 41 906655
193 30 337106
256 37 807705
246 238 536711
276 199 994375
4 220 272765
56 325 503251
188 170 353530
300 89 547165
178 263 838326
264 363 32348
228 269 410476
271 249 182151
42 183 575308
40 15 568259
64 367 569699
205 357 874536
334 183 590029
105 134 724228
121 51 469068
329 381 37797
175 282 86455
139 145 997767
296 264 752101
302 71 272167
114 168 228653
367 292 496763
279 216 468427
360 275 960290
139 313 389503
355 146 837154
98 218 164131
20 56 474157
203 221 241791
269 7 159275
129 21 238045
183 122 939290
258 367 509956
322 314 184748
109 169 566441
74 190 108961
133 203 308727
381 249 904983
205 363 245326
284 350 9430
179 366 344843
136 59 575712
88 286 687505
151 367 34561
325 181 771147
170 48 376585
118 159 945535
39 220 21756
178 148 150370
353 130 948095
177 317 800510
240 73 794095
239 33 158708
20 211 351743
293 277 895359
74 152 463181
195 306 253488
239 280 485030
275 220 575522
40 247 928250
130 316 987762
299 9 159635
31 105 922351
305 211 336078
267 127 514657
39 287 404994
268 348 32745
117 240 402144
294 210 225840
37 251 704276
329 177 140119
62 315 32965
144 147 762104
67 156 380222
118 29 524319
310 181 983664
372 328 532044
377 29 140400
207 229 207390
55 227 144245
6 36 187073
376 102 425087
119 106 343489
47 87 410160
94 173 342720
374 35 853938
72 126 859856
302 140 125506
327 46 667995
335 151 277124
33 173 690961
63 336 205150
290 324 139470
91 261 731718
135 315 637756
309 294 720593
377 27 660256
197 1 741058
383 23 658986
50 300 339577
103 208 801474
225 91 544825
9 93 975988
253 36 341892
17 376 750246
219 231 887822
368 127 216679
224 208 329894
34 357 82592
384 152 381008
172 106 604388
370 92 659052
266 89 774103
291 269 947804
282 70 334701
90 85 112132
54 279 471548
164 225 806108
105 59 459464
294 381 379854
39 223 814083
192 51 956661
176 11 907313
284 241 765423
138 232 961529
4 166 360134
65 265 364507
333 5 295919
322 371 799414
238 242 613383
244 79 70542
3 24 209972
207 184 918499
283 76 38274
90 132 867822
108 19 510949
14 135 210231
337 324 709006
303 57 764245
63 1 695217
10 301 13337
18 290 728897
88 350 637883
253 66 794346
278 8 333732
114 213 807940
14 84 612271
233 222 244298
207 337 760205
314 101 515076
174 154 43242
354 231 133387
301 202 378995
367 345 397923
42 111 971607
108 279 390466
176 341 734724
344 113 263106
375 339 980352
189 51 6910
245 295 850532
86 125 337953
361 100 444246
295 161 604530
187 91 211144
375 259 333216
237 25 459100
281 167 421692
318 152 49894
88 194 616882
39 22 145268
250 259 119010
120 84 208693
13 36 476530
26 214 896664
244 214 43601
110 226 368731
35 92 63236
380 198 67432
57 270 182560
235 141 154721
70 185 73877
171 332 983508
312 157 491951
16 271 238824
260 3 777596
