1531
1334 686 858421
1132 204 774213
1166 1517 644527
1107 474 760464
679 864 525796
52 229 992954
433 339 291742
981 652 760052
1148 291 587246
1455 1033 82994
932 220 528033
1367 788 93040
781 1007 797014
502 921 508152
183 504 404344
771 543 643696
331 1506 723307
911 1386 152411
359 469 375727
1527 850 543124
1074 1253 158453
378 873 669066
911 1350 122866
622 1368 302378
927 119 605968
1295 1163 917400
824 16 758663
1223 443 301050
1090 1103 296809
1350 21 373460
100 969 723977
1330 433 147622
898 132 533889
1058 1291 452799
37 436 705643
907 1249 62152
651 753 567746
421 197 656367
32 304 534937
962 485 302761
475 801 916555
622 911 703700
1029 474 404463
627 84 499883
1487 1112 339829
864 782 194245
695 313 71163
925 1306 783703
1399 21 194918
324 1422 208750
797 1324 876015
59 973 910132
361 247 136282
87 1491 697903
1328 1271 75959
956 485 586843
348 71 545469
1149 475 395094
927 1473 821193
531 1195 338980
1375 1021 583658
1210 570 685427
657 1445 94926
828 1456 179351
1346 1028 419041
621 1213 462085
194 1179 980594
1375 377 178640
328 1039 154244
1213 75 875978
13 1190 304870
1335 1043 332162
383 46 408213
677 1002 687058
1163 1289 185607
1017 90 459885
1460 303 55039
731 27 126059
976 1103 635376
1031 963 36839
256 1489 532809
996 697 527581
1400 536 467372
1223 157 889004
1116 1194 270581
1262 552 300654
454 1365 529814
977 1429 370636
1529 349 572673
1112 680 345394
9 278 711640
1306 65 827778
1411 157 347011
1462 1237 838995
1313 1057 726367
826 112 697520
150 970 382031
290 499 116607
673 814 227371
452 1358 230700
557 1180 120099
162 353 166588
739 629 68000
1196 251 995512
1286 977 345432
727 63 844706
275 1030 681819
1042 557 715343
81 1489 259099
731 122 13713
644 1385 346669
883 734 74161
1336 31 729927
794 832 176115
299 647 986606
29 1036 123838
809 90 773930
189 24 989816
1525 788 409614
1018 1014 867777
808 605 382445
942 879 498609
1101 1405 178784
1527 1373 341450
536 226 749916
1505 841 782959
1499 1371 238911
1106 390 303640
650 1424 633944
1385 33 57852
944 1519 458762
1407 1481 260498
280 985 783459
1192 103 117993
494 1175 604363
729 290 90765
1125 120 554726
647 1306 632156
1010 1131 521717
1176 1202 937745
533 542 229737
753 885 969140
157 186 933427
1451 1085 976528
589 693 616047
172 847 416654
320 878 952390
673 722 30082
751 591 377472
1044 143 936345
1468 1235 384329
299 1234 563048
253 72 347674
442 15 267838
984 423 39678
1234 397 53115
973 673 726403
778 387 366248
483 48 826472
283 145 355594
976 400 171010
1052 457 774757
1183 541 166432
1345 760 357007
1363 674 985001
1133 935 53553
294 440 987695
581 1416 517913
1515 48 438307
948 367 334749
794 1261 291414
1445 1373 845855
657 901 714638
391 1277 437239
591 1358 866011
730 220 203502
1504 598 954197
686 887 750827
1389 780 268338
273 853 896537
926 159 393419
121 675 575027
56 204 607253
1013 703 784465
640 141 441812
883 756 690139
942 527 950232
479 235 322803
1256 1475 703209
391 167 122179
1440 44 875440
755 793 842561
87 1362 490088
496 1322 809267
495 958 903765
1094 1222 598511
162 1328 147913
937 1136 31994
503 383 962328
479 1342 937801
992 271 367413
805 585 6123
758 255 180460
337 1513 649964
961 497 255908
979 220 601514
688 617 726803
555 932 842018
355 127 871978
1223 1166 874038
1383 1253 936479
1362 1347 899930
1224 1249 684330
319 1011 331075
20 930 633895
218 1398 463834
739 1281 257959
908 227 528543
307 1307 857171
1378 1403 792791
1126 423 878483
1464 671 988384
1106 298 827055
1142 670 954108
538 818 146015
1167 197 83730
1153 1440 119373
65 555 346639
47 952 169210
472 171 456117
723 760 238612
410 566 585441
341 711 420049
1248 1503 371320
481 216 636441
1415 308 159710
551 465 655570
1102 883 764671
967 652 948633
952 104 279635
1120 102 88210
320 35 672016
1151 96 497894
1027 1034 396325
345 1384 717867
1409 363 307186
1138 1003 601761
114 1201 885806
974 599 559083
723 390 844847
918 1169 52560
822 395 420541
1295 222 724157
113 825 666084
360 498 972130
1035 1396 289568
123 1327 77251
871 3 20238
1160 1326 877085
110 455 588739
20 787 569427
919 941 853840
1466 1351 509235
1078 474 858521
1192 597 492812
1173 1352 499494
1115 197 687769
831 912 555413
413 1048 885100
773 243 959729
1260 1053 465963
576 229 784232
1253 1085 904669
635 594 886131
433 1062 915533
322 1036 818945
512 1463 612299
1137 200 144909
1274 865 56564
315 581 654338
387 686 486855
1511 800 708416
1211 1210 620740
682 666 306650
754 1106 479578
988 562 727816
631 1131 341368
1409 323 389322
788 900 270102
898 1062 198683
890 1406 693815
935 858 312865
309 837 730456
1411 438 89357
576 1529 211341
371 1322 496032
993 409 268598
382 468 331654
1360 669 803871
444 247 190531
637 906 458786
1407 1159 140459
702 1039 754327
597 80 369218
559 82 337187
891 53 720483
794 253 239426
1311 195 491128
533 539 263685
300 633 536297
567 328 752210
420 466 530735
887 1462 347954
112 773 601443
829 1487 425927
839 403 30100
199 158 52144
790 157 583115
583 878 928373
833 756 156031
370 1392 526552
960 296 517908
1327 797 686576
12 69 657299
1194 1187 868723
110 1463 534762
431 884 246662
1512 473 826373
816 1276 422467
1520 753 277746
1242 867 74216
1365 230 418185
61 1171 746592
487 344 469619
875 924 44404
994 783 271644
1212 1017 305351
1065 540 769594
1205 748 52577
1483 567 941614
1308 1201 4612
751 77 521236
747 1228 30722
436 272 594888
538 924 260162
286 1442 276381
525 56 758707
357 69 15694
746 1314 365151
1148 1357 332039
1413 1496 89737
754 449 412740
1077 1356 382062
128 385 381630
760 250 292477
1384 1319 594708
1465 1522 134101
1305 22 711403
395 1069 410442
644 472 862382
253 1320 587511
566 239 881581
306 462 406461
1250 735 679554
949 791 784516
343 418 959687
1216 357 423283
1396 1172 387673
1454 22 319606
1468 186 117453
1111 205 147123
1459 608 74506
712 461 961522
670 1218 26754
528 531 835502
222 631 74912
19 228 623373
305 672 11931
644 483 900298
1300 603 300188
289 298 226794
241 374 213542
1027 1037 407941
565 483 928062
1358 204 285376
913 1434 409777
586 118 404451
872 268 951297
1422 1077 555381
10 1158 722809
671 138 364171
1377 690 251645
907 532 776503
577 1024 100019
1523 1381 413669
556 246 168357
361 392 337935
636 24 734184
372 954 207403
401 882 401638
228 898 619487
101 817 135976
328 663 729776
1219 1178 454165
542 1106 325364
929 208 893419
37 1149 780737
525 992 367730
1269 216 386800
295 651 286753
838 584 792125
1268 1113 526564
1172 740 494508
920 1258 8918
347 204 727967
256 447 369469
528 1481 133631
857 779 206901
78 1471 54045
928 1502 514304
1498 206 921497
995 653 630021
1143 974 71956
475 1487 8228
1082 726 707258
686 1420 387437
710 1326 28759
280 1243 244253
80 957 239382
472 935 349217
260 1505 271774
1174 226 645909
455 1159 643137
1378 228 447641
678 11 57691
114 431 266387
1088 176 254237
822 564 736231
1245 645 544505
843 1128 851806
1030 374 132251
772 688 51343
1146 663 683150
290 392 467433
876 1365 91495
671 1515 389114
1346 152 641149
267 1248 220180
1101 464 186527
214 1417 860591
1098 1221 465101
855 1196 805874
653 438 43325
1222 573 78760
1323 1220 461464
55 688 363868
287 1233 639679
536 35 422705
1210 1406 407542
592 1076 747146
838 909 200509
965 712 920535
1491 1335 968677
644 1502 20276
218 1136 867927
485 1219 282677
987 1365 410226
152 612 587448
1168 992 685983
942 13 688855
1127 1274 568793
616 702 214051
977 1002 956313
477 1278 480909
365 1063 924438
619 1358 401242
1216 1324 808528
457 820 729841
1016 343 118496
473 668 282531
1226 358 765285
1007 492 762128
302 328 153794
726 266 340887
1131 975 509409
1315 1515 390139
983 1293 834854
1406 309 935310
657 518 850938
1246 1184 875630
1053 565 772530
271 365 189492
250 1272 512964
1223 1049 173421
42 1016 518441
1448 1129 821212
28 1302 451098
1452 567 894016
1515 1018 908523
646 1099 587823
193 1418 171226
827 531 398388
474 1141 136691
486 1367 814879
330 1321 71258
1161 824 597122
803 540 540092
997 60 768286
351 1037 138234
1382 1183 110683
951 635 850627
959 111 670112
990 1326 645085
382 936 803961
298 60 399363
478 1186 779445
183 1506 100573
293 62 568806
1155 859 410399
1278 576 845022
78 470 591824
134 552 960490
1041 298 732619
166 293 617763
1357 814 704825
122 869 883833
57 1288 522901
1000 1479 552930
554 1221 751937
866 973 489566
162 797 224296
101 926 41353
569 23 241034
654 745 144890
7 1419 965700
1429 1014 254973
741 1189 684733
701 111 612902
199 166 537909
288 1167 414068
1144 1328 999867
696 1102 387071
266 1415 7675
1401 957 903095
296 37 583686
455 1285 415153
1407 241 638708
431 801 743374
1512 591 35007
829 1413 159458
17 576 32748
354 913 634575
1475 469 285847
1223 1167 797935
442 957 151987
126 46 160060
1222 1041 636547
852 1184 505718
1336 693 848605
478 190 841043
1233 428 335386
681 634 748301
60 953 207161
1162 518 622250
479 1169 568176
934 426 298339
82 468 699301
1129 466 376673
1081 993 800710
608 747 828040
332 1447 814945
632 805 64302
1142 957 352130
69 1010 947718
113 518 637896
285 788 904401
1217 776 7106
1083 529 744469
329 1296 465822
245 34 10947
1016 576 596421
50 575 745980
677 825 125977
469 1135 515937
930 1287 727846
1344 1116 354164
55 789 304828
724 255 755344
982 244 477481
1048 415 484057
1002 1119 195585
347 361 13816
900 1050 361055
1428 775 48296
386 317 174678
1444 887 450725
391 1014 436892
1304 1142 439761
824 195 286954
1105 580 51192
1336 1177 42828
924 220 382365
1378 1156 817253
251 1090 50191
637 1070 500123
1170 809 188611
411 245 147252
1169 893 525552
1130 1055 600033
133 649 153311
653 1382 551622
55 712 442135
1365 885 64036
167 716 743234
126 334 779681
18 716 933801
68 327 254439
939 339 948686
184 294 552520
1217 854 454252
1507 533 856713
1180 815 696329
173 1426 130151
418 367 722037
1489 1527 15163
1161 244 584919
981 570 666940
1409 41 27406
4 900 304045
238 931 746591
627 172 490723
1530 416 937778
440 823 948804
98 84 657354
1046 1259 512346
120 311 931312
430 1359 35912
920 1403 510400
1478 745 89372
806 1296 786145
695 939 546991
1357 382 849051
1383 1340 339061
953 34 888388
199 1293 925890
670 50 366196
90 830 813126
1481 1065 564370
319 730 890929
1451 406 838265
1384 454 437418
1286 814 255002
968 1483 636334
95 1084 558639
1471 481 510347
1058 107 7113
641 1246 442469
484 1425 372768
710 448 708337
206 344 958699
84 103 951112
216 180 668042
96 920 308214
352 874 346204
483 905 334704
850 262 395130
328 1487 770564
222 967 251613
1344 1065 888068
357 952 243012
585 1098 386547
1323 1418 6584
1395 326 705570
617 670 260470
952 29 123205
187 1043 76044
503 774 141273
64 625 576075
860 1324 529669
841 696 891190
114 1229 556524
773 1118 120723
257 551 567711
687 1237 847952
104 592 898732
329 1273 368488
449 1072 656919
906 1372 347155
1311 1139 719828
149 150 82137
760 707 949429
862 969 651272
601 1216 272462
84 397 632643
1388 1230 540505
29 648 361309
1387 1038 554740
1017 210 958462
1034 1314 739749
1393 839 786103
255 840 709182
577 494 704756
68 828 787419
425 1058 547838
953 340 303540
1068 1057 553821
540 677 772844
920 1279 660927
767 1503 45812
1357 1434 878818
198 1175 777595
617 621 973309
702 699 801749
204 319 165814
1075 798 803378
749 1489 74705
1268 1271 542991
1484 785 978796
759 502 978174
22 1059 593052
156 157 659561
135 1125 368591
983 1037 864989
302 932 548639
67 1276 13626
1401 792 123073
614 1115 10682
415 814 791085
602 1431 817942
55 1049 378054
1262 423 868452
131 186 246254
1470 1457 452507
652 1502 641924
670 264 738447
946 1416 158228
1299 1160 926655
1253 894 16495
1233 833 122259
1202 1193 25938
488 501 109771
1527 73 71850
662 1171 116819
1132 708 144132
117 441 75117
674 232 59199
855 1127 439685
123 1366 263844
1071 1249 267430
1162 1262 233885
1384 550 487656
636 707 228883
580 924 897083
344 53 438055
1049 281 485802
925 142 998061
809 749 245027
48 506 374721
1284 839 962265
988 400 302520
1369 166 536765
1423 354 871691
362 923 946695
929 399 868067
862 1439 819804
1057 653 406590
1268 666 95772
163 84 52752
1087 854 392463
753 858 238746
1395 277 178941
1100 1192 592847
146 1140 754891
752 583 81030
717 258 230797
574 366 310150
1376 1512 66194
1218 35 356729
706 448 803429
1079 1460 387487
545 261 588770
864 874 863016
331 590 141924
1001 299 490451
1221 581 10866
314 341 518525
161 1315 635774
1462 835 365742
551 163 266210
792 1025 509840
849 962 588811
881 216 731812
1404 22 423834
464 119 15193
832 1244 492035
1184 69 972722
173 984 49895
690 659 705931
1055 1477 524676
502 16 393667
1061 67 851832
1439 1154 754579
1458 917 565222
612 343 395582
854 561 165447
59 479 102313
1428 1476 644832
1418 668 678621
17 281 882767
872 696 642821
1006 395 544201
998 645 623437
1127 874 667647
227 1342 459672
1511 996 80141
263 1208 582268
455 817 22045
1304 219 786594
3 305 730475
977 448 599283
1115 1222 903340
835 141 417820
1045 108 389155
661 1068 159911
717 641 534170
210 192 46912
743 1154 716136
1314 1057 130976
527 680 497563
600 16 668050
775 761 110886
646 1498 94331
611 644 90422
56 568 612766
1063 25 278427
46 266 579977
719 1445 735212
253 1402 851535
1375 1183 69159
953 1035 486151
159 121 2491
1215 925 666490
854 34 839821
98 1466 396266
930 1280 304689
1270 795 853747
1228 997 183681
106 338 293626
162 1072 937927
561 253 406009
804 1409 81478
1196 1467 697978
1118 1077 616384
563 585 358867
719 1242 868253
831 1083 643006
148 340 410248
789 206 447008
965 1290 31469
1242 1361 538036
1202 1056 822939
1163 1318 871739
43 435 701021
1336 801 564689
1503 54 667403
845 709 163044
742 200 615007
120 543 129665
1512 1258 350713
1412 1253 417050
822 1395 429606
1150 1108 48031
856 108 180805
7 224 172231
904 738 813492
507 558 957873
314 1515 354176
870 1153 930864
231 1172 255793
1339 110 667806
838 1051 177787
30 353 822764
45 501 53250
270 1273 77821
428 1163 918874
398 535 835519
529 632 363560
289 1331 510123
511 1172 965266
508 880 565190
841 941 104863
234 1018 820522
863 233 839820
1431 74 227550
731 287 596310
1198 461 806350
284 1037 498241
1387 1170 988364
165 1395 812522
172 441 289808
878 1139 109612
226 429 150838
107 547 227103
876 610 844160
1225 384 186908
1488 1396 626224
39 626 460397
535 1131 911874
880 1530 586326
307 1186 669423
1260 886 76630
594 1035 985196
1082 1300 405461
1337 1066 903416
86 1502 428514
967 137 467091
228 1412 483390
1466 236 930513
959 285 906842
1003 1074 248651
213 80 577095
1126 36 328989
933 1433 15091
927 409 431486
1433 258 342206
134 931 1014
986 1266 922889
1454 716 679134
1165 187 93558
1216 164 407914
132 1147 584587
1473 1523 402028
20 1214 114297
1443 280 325
729 373 638768
637 136 516137
846 265 621694
613 542 685886
106 1029 825316
416 62 457530
667 1301 782736
270 1218 847581
490 1181 266090
1158 1344 518104
972 966 204239
373 1364 13676
1167 1338 839813
439 493 134578
30 327 593958
837 1008 212688
737 634 408863
1460 488 991374
279 1200 415437
426 44 177113
485 895 165394
533 207 270529
1210 1092 812639
808 139 811904
1430 1175 861950
1420 233 638455
833 180 980106
633 579 8602
73 961 998269
240 525 547246
112 341 646133
1015 1301 575986
439 1262 878728
478 130 787652
29 184 750751
118 1079 703816
157 774 349768
149 987 173859
1504 387 701009
840 215 500161
897 1027 538439
697 1051 263806
1182 577 904250
927 1167 93150
615 474 737794
959 433 428544
899 757 507441
218 879 12403
369 191 423576
1309 107 488048
975 1091 47631
1117 885 618747
298 203 911668
691 1032 141252
1147 838 387398
369 877 436246
878 225 201306
1509 1484 587248
1449 673 65022
458 1107 529905
1280 609 48278
1138 929 15688
1121 1257 33339
767 318 175414
1391 827 463292
81 546 498744
105 954 753563
149 105 778529
394 1188 347857
1025 1294 364408
327 732 808753
1160 1455 164204
182 642 896752
1384 279 673572
780 1489 287283
1428 406 549535
220 215 361757
1234 902 490841
1519 238 691864
1052 349 946288
425 880 222544
462 222 658789
855 786 837707
1320 888 656552
476 1303 931393
1478 948 652200
904 351 825955
650 1308 277210
288 889 658747
1380 513 702116
601 1276 661052
242 872 680059
443 363 59547
1405 201 344325
244 370 58970
1182 1115 842362
1153 1106 674960
1427 998 979890
1440 1297 92172
1508 604 122262
915 471 833077
8 1281 303317
755 593 846576
680 1193 268370
1180 645 7227
1224 669 179672
1006 778 518111
1377 1249 194329
1023 445 528861
57 140 717197
947 5 15410
1040 871 182452
961 106 659845
1363 336 962136
119 705 231530
921 1441 960440
1368 1464 901025
704 257 522945
188 365 772838
205 1058 211950
296 1152 148761
692 307 490849
135 833 702205
730 700 69236
430 271 407016
1063 994 815898
1022 657 240195
1276 282 376771
427 1248 336772
177 348 44114
1399 221 826567
909 8 319351
961 1307 5609
1366 685 6025
667 810 515548
1372 28 680437
562 1511 529006
366 1276 577645
136 513 403500
557 1040 266847
632 258 769262
1247 503 251438
399 160 338775
336 103 980663
1251 199 858303
907 358 427331
335 768 565706
188 200 709999
618 542 751477
561 248 507620
23 763 33161
885 1114 244939
482 802 849971
179 848 326970
526 692 269556
58 727 815790
394 636 92193
114 269 173862
54 795 149019
1080 309 364640
247 181 223461
1178 88 804383
39 284 282627
1506 1070 598993
1433 1448 878743
690 235 88378
1347 327 111705
1446 1359 377685
1324 596 298048
640 1437 153093
1288 1157 861160
178 495 470018
654 1303 882646
892 287 504311
678 1470 956314
330 516 492813
1005 301 696930
1084 1143 798087
678 128 520470
1087 1005 244652
978 438 566251
1204 274 602492
703 438 360909
845 185 827564
569 1176 231553
548 759 45560
657 102 664542
1070 236 202187
1160 147 643420
396 1182 82404
280 1468 561273
794 1280 475838
106 1447 276820
522 444 911860
664 1036 189433
417 810 133461
293 1122 928263
588 1335 174936
303 1190 300166
359 1389 698611
1434 593 316216
120 807 439218
1031 1167 766357
1304 1270 258430
1525 154 475676
872 196 466786
421 810 290459
808 16 248733
1221 108 802518
387 341 270419
1469 1030 324401
769 1476 392605
1456 1282 176330
529 129 862873
1199 886 175459
1322 1023 573545
571 92 326023
594 595 668492
76 1140 416325
1478 633 950559
1353 570 719788
171 64 107551
972 62 73515
943 550 503776
851 1223 269452
739 877 857861
624 1264 501690
689 1135 295164
1314 1171 748593
679 1283 781838
293 1457 412127
1050 714 336178
63 938 860969
234 1333 922505
79 702 608988
762 1417 344768
68 386 326849
1047 399 976729
1370 1400 288396
1417 1408 937424
1068 194 982441
106 100 873182
1123 723 77600
1308 1095 861132
836 158 722507
1193 223 534207
36 1245 88992
732 1528 796626
655 1046 351791
1109 402 941863
361 434 198077
662 1104 338511
1487 558 909532
1528 1397 965212
792 92 47282
31 460 409864
578 480 673391
1449 491 292661
907 715 474439
1507 432 16226
992 643 399226
1169 1284 171921
744 713 899283
1078 127 946405
217 1276 817385
485 237 172288
1130 475 974028
900 453 123278
1371 339 79592
1298 437 668768
620 703 923741
421 1264 428943
509 1306 659385
882 73 429363
1355 1283 770122
66 1411 571246
490 237 529601
380 1376 239273
856 1518 104261
424 644 291786
642 344 47207
593 116 780565
817 1341 638271
1145 881 247301
1322 409 303212
1195 437 557287
265 680 270733
1204 262 157569
916 1317 50916
560 33 310049
286 960 144846
331 376 856587
1221 38 47427
239 549 801903
485 28 18731
1492 1133 938754
148 684 209338
1003 1484 232504
1210 143 641616
761 1472 575443
1088 126 754538
566 1163 340271
1000 359 625211
1408 729 93854
915 1041 453447
665 990 464679
515 1433 405813
369 384 358508
257 683 547518
903 804 575981
1469 914 157425
1394 601 334156
1187 947 306326
844 604 100312
178 1487 275238
523 493 479560
1066 926 203010
51 1516 370598
916 295 469066
1111 1494 147787
261 977 320407
435 224 646758
498 126 177692
1310 463 746423
350 386 575149
530 413 785926
340 1453 103204
166 1060 288054
480 53 623274
694 1101 193304
1143 220 580971
283 614 922758
155 1111 879534
813 1289 899094
1343 1324 424771
604 241 440960
516 916 711013
1009 583 303411
848 1265 303342
284 1501 360693
446 876 651821
1348 927 902592
716 1020 108202
260 1267 556456
40 1412 16779
1164 1427 795780
168 1373 341267
206 623 303760
770 1117 963951
1469 1266 988463
1073 598 931737
1007 952 932448
519 1390 155673
9 1444 414782
431 76 903151
913 779 569369
200 1292 168412
1167 572 283478
1209 743 4684
315 980 911877
1095 556 528307
205 744 915686
834 453 118815
514 258 798513
111 408 847878
945 775 296647
721 943 764184
1457 655 482730
528 49 179751
123 842 143406
43 160 877075
482 839 670242
634 866 725361
1434 252 914588
1146 1032 769200
798 1205 492393
859 180 815335
773 1075 677474
777 1416 772089
657 1208 903944
1185 747 110322
1531 344 309819
587 85 975250
450 1259 992083
1349 1400 624967
492 1019 977885
767 1096 526952
922 1504 84524
1431 674 484854
302 297 151254
119 125 360165
1231 627 187967
1421 516 335655
1093 255 334006
941 750 959892
1237 375 937095
1211 170 637769
177 150 489933
1054 1517 81311
249 1406 145750
420 520 20163
598 521 855786
1252 284 209438
1124 896 828237
845 804 492302
316 498 407708
519 1346 129706
499 1514 527479
337 37 333044
1252 1109 494525
1493 512 721510
933 2 236505
58 1075 262240
1331 412 330499
819 323 430336
510 254 457970
312 197 182525
1484 1067 365050
174 1096 114949
32 101 390116
1157 401 720940
764 236 553451
544 1236 308939
27 1240 195806
1026 1126 45748
1255 612 166200
1360 1254 398607
736 916 558552
588 1497 703377
918 1173 915107
209 754 916167
16 725 114747
1335 765 277705
1414 1352 203088
1191 1203 218800
1490 1157 238033
467 1086 582462
524 1177 309299
1329 647 141729
733 171 337989
588 812 787887
14 693 559701
110 853 152251
1089 632 227915
1246 133 306686
91 368 715966
918 639 131647
898 1410 849941
1305 1325 973520
1086 866 757140
608 381 524917
791 399 610460
868 27 721231
277 310 577508
1117 1064 628958
1283 1197 325500
1312 127 494795
1012 625 108128
1436 851 69980
346 604 942283
341 364 832793
1263 7 97444
220 999 858558
1150 1043 754916
811 1022 874575
1287 94 610631
375 1128 319158
1121 1292 1213
1144 202 707933
1432 743 332088
538 211 995009
1203 1341 373669
1187 917 528506
1004 863 14567
735 379 51567
321 403 995789
500 253 124328
668 1232 976879
1186 254 63813
1374 1521 910808
660 196 281504
1526 1229 780131
404 369 501824
638 1456 989638
1241 1378 575721
1374 1030 811167
1310 665 54017
821 313 500707
560 766 905295
1042 379 231799
1524 118 892969
1044 950 758232
109 1485 220677
292 362 397029
1107 741 187189
630 600 833822
340 1510 916046
861 745 442606
6 256 493757
676 680 918623
645 1227 785018
151 56 444837
203 544 542733
971 71 364341
201 83 259083
698 1055 806893
1513 70 119858
1380 989 220515
547 1474 912344
89 813 894
742 1230 906813
1486 624 687755
389 836 517862
666 607 735694
1373 768 787193
534 676 466053
1482 775 616678
867 1495 111666
1362 368 84062
910 433 459771
388 1447 894451
292 496 161557
422 166 919342
548 276 182013
9 1238 32027
991 607 819143
896 1400 29988
718 427 519530
757 1409 258897
364 489 50315
753 378 527897
451 875 984267
1239 1496 165287
870 393 676560
1485 1088 951180
1516 52 368634
761 405 916246
584 1206 596214
419 507 645994
231 144 270161
1021 1332 772599
162 964 502377
553 609 550463
276 26 20120
906 175 229455
602 1438 751015
799 272 696180
587 1090 352499
1134 236 797873
382 658 18069
259 491 978943
537 43 592676
602 848 470649
428 1500 586472
97 56 564217
582 602 844389
899 1207 120508
938 342 892962
186 325 459160
386 456 491029
212 1496 915263
1301 333 992260
1348 1480 569710
1169 93 245741
940 776 772316
1051 784 917991
153 1032 594850
459 340 713102
1450 58 512799
1498 1461 156787
1275 285 4751
109 169 14079
511 1435 34618
1097 763 380760
115 926 985250
1237 505 763739
1110 1146 987301
517 125 797537
1354 1081 418589
1522 1319 129737
356 998 341399
236 656 348252
22 414 29215
1316 1441 770828
955 488 967532
1253 720 494236
124 1043 194141
728 286 493510
833 1 206895
1379 1132 741419
1440 484 298850
632 407 33113
628 32 845893
330 796 501077
48 99 960139
606 142 187387
