4815
3205 1028 142391
590 1724 124533
1715 2879 236490
850 4676 74279
722 4740 158437
2309 3955 736317
1857 1181 632552
410 2652 147235
131 2604 394791
1531 495 4578
4529 3442 168019
620 3241 377560
3648 2835 882468
2222 3735 554893
3906 1233 785683
2138 3548 254232
2907 231 458340
4482 2892 579756
4093 2341 945486
1951 4663 485276
144 4426 812160
400 3666 948923
1056 3365 714196
3521 3336 357281
784 114 19755
3940 4631 900290
3128 935 416819
3943 623 788241
4668 177 455699
3181 1661 802867
3826 908 14567
1194 4576 749373
1270 4790 72705
4800 2830 989562
602 333 429590
1070 2161 486424
1161 1153 671095
4264 3669 442937
2025 646 914818
3367 3009 473782
1891 3185 634685
2280 1648 478562
4720 4794 842548
2033 1532 218937
237 1226 754056
1612 91 431718
26 2482 751480
2581 2417 972330
2377 2677 429453
3648 4256 941991
985 532 948521
4450 1433 584252
2750 4330 639478
1554 1756 387414
1720 2335 267493
3864 342 425716
1734 2602 33279
4262 913 66819
3008 3637 332862
2518 3130 29372
88 1128 987233
3740 4158 388372
199 2200 519913
2435 2903 770980
2462 3765 549045
1995 4771 305786
1540 208 727305
4018 3516 625976
341 302 737382
3919 4784 36997
2615 2105 140289
3713 1234 200415
2271 417 366617
2173 1203 34643
2953 808 648538
798 4560 275997
723 1545 25363
4561 4291 698612
1289 4022 586493
148 1787 187083
2934 3486 141360
891 2322 606734
924 1049 980124
1313 3865 648408
1827 899 747871
1902 2057 367143
1999 1853 98941
3428 2238 88594
314 3865 312994
1374 3673 582108
2144 3564 715713
1569 947 122192
3692 1457 632365
2885 4471 733360
4368 1153 813950
1278 2027 65365
1839 3857 92069
4312 1522 285599
1895 3987 665665
3236 3704 788128
1670 4740 77986
794 4418 478378
3125 3595 149676
737 842 172601
4398 2956 329566
64 3573 118315
4699 1908 662417
4705 2110 559874
1545 2365 472433
753 960 11073
156 24 106644
2248 362 866137
3580 4558 405225
3599 4 720598
895 2242 435727
34 2704 910071
2278 4404 335772
3944 1725 323165
329 2371 546116
4117 4163 166906
343 1796 670590
2958 1896 700144
4402 3538 612826
2384 1839 167742
2846 3206 897970
1535 3057 346788
4658 3381 453039
2935 2194 740575
3253 4810 898542
213 773 325532
1617 4609 904239
257 2736 763830
2712 4042 587637
388 2318 820224
1514 920 771036
2870 3117 364463
2228 1334 774661
1635 4125 787848
3537 2085 49525
3505 1780 962092
148 2897 975030
65 1429 258889
633 2728 459523
2179 4451 98209
2105 3768 676995
3225 4703 848512
2781 3280 541479
3986 3608 419246
266 2658 590791
2401 763 759502
1052 4790 132230
3844 1859 917184
1206 1649 411015
3684 1315 421283
1734 4352 877948
3807 1086 58579
567 4631 365414
694 750 711226
1390 277 476615
3807 4752 158789
3476 2927 145754
952 2821 54476
725 3782 703878
3244 1048 981803
738 3343 585521
1467 1754 359116
2010 2963 40686
1002 3948 984389
200 3910 103952
3414 180 668886
2533 2165 883629
2542 1039 947388
3796 258 449765
216 4492 693105
4665 3076 206327
1300 3568 888364
2517 4661 128937
2033 1402 192765
4661 1413 702470
65 2758 844442
1272 3844 22510
2831 1322 613270
1420 4600 421247
4419 1075 974181
1592 252 369299
3076 1688 941990
2168 4541 248666
531 4192 289454
4642 1142 194222
2436 1722 186692
3912 4443 452754
808 217 661095
2095 347 711442
4077 3890 850031
653 979 252210
1646 1184 442190
2998 3157 500926
3538 2816 116024
400 3298 78347
1062 4547 139683
2497 4334 351132
1530 4710 696476
759 1853 595392
4020 2491 912041
2333 3789 984250
4574 1507 598561
993 36 584010
4474 2477 687698
2195 2291 183425
4080 1147 234954
3964 4081 134305
1554 1941 831792
2098 3030 220827
2547 1542 9539
2944 3131 178455
1915 868 394808
4549 4079 31526
1212 3843 874206
2759 3198 515296
4015 2834 738045
3906 4607 996027
1174 2654 544367
2546 4719 581788
1368 4524 581256
4118 4447 586645
1605 2285 183526
468 4083 57965
3497 852 715321
1766 2299 64454
1865 2849 222456
2975 3212 221967
2768 3880 150001
906 2495 722659
3157 564 203657
287 1424 577112
2453 2658 453450
3627 2019 380098
610 3605 969356
3648 697 948079
1097 620 598787
2117 1066 894384
3928 3941 395287
2886 4659 396166
240 555 940194
855 1237 92242
1316 2003 731710
1170 3303 405609
1948 3912 935240
2873 4478 482120
3877 3398 800761
986 4667 779969
1335 294 717652
2348 3512 795426
4255 240 827530
1713 2058 271570
4096 4084 887082
635 537 942824
275 900 920538
3777 1954 243470
4076 2141 827230
1007 64 717370
1189 3777 13633
2950 2648 694772
2706 3215 3849
1737 4422 605364
913 2388 697757
2806 572 693389
260 916 712702
2434 3543 546313
2074 1366 239927
3666 2340 218329
2305 2431 134625
722 2977 693064
1412 1151 788439
348 3338 988616
3654 2249 391380
2274 302 930484
170 1048 818202
4369 3694 699735
2010 2479 373760
677 531 300849
163 4727 833358
2601 2782 104125
2720 135 717151
4430 4396 78254
2124 2555 195343
1641 2263 634585
720 2067 962074
926 503 797319
1010 47 472622
3668 3046 951668
2567 1439 125154
1247 4071 45931
1432 587 307516
1235 3371 35447
4270 2744 596240
1870 4751 494886
3362 1055 530895
1160 3487 441957
483 3796 480618
1184 1622 862249
2350 3050 316419
2557 474 810863
3870 3450 920488
780 423 46585
157 4230 811225
496 4371 792670
4314 3471 361817
275 1280 520157
749 1782 549515
2104 2023 314745
307 4297 124493
2936 802 839075
1525 1103 733748
276 1757 598910
298 3793 166320
398 4491 95191
4659 979 173933
1144 3553 148182
1138 3652 552443
2969 2324 843527
835 3106 249810
1648 3536 137982
667 1127 330461
3590 3799 928429
2292 683 986441
2564 1979 356003
1001 1048 268821
3855 1074 47326
2190 3547 890734
803 1723 771660
1061 4461 883942
3437 2112 952589
3101 633 31360
3759 3217 236473
1116 2508 349753
2537 10 10659
3471 2610 748954
1151 1135 63406
2137 2938 554022
146 3826 680416
411 425 985903
906 3150 582921
2575 2718 646011
4460 1541 916053
2149 1870 510709
3549 613 968825
2603 374 220687
4218 1449 738550
4478 338 821606
1222 539 208695
390 4184 24950
2046 1789 39175
446 1542 905843
16 3951 76944
4096 4635 651582
1952 2001 150241
574 4692 476986
3839 1043 735533
85 108 469940
594 4287 679030
858 1467 923002
3412 1935 856413
3025 1328 302549
4431 2758 606462
1228 4207 616625
1988 2892 506454
2512 3677 741658
2988 3335 718757
1091 3608 907350
1592 4226 7557
1024 334 702090
2033 2235 408004
3925 714 891641
1735 3621 315801
3951 3210 425150
3720 2316 56593
2523 2832 507495
3699 4772 920730
3897 3373 743231
2792 1674 717699
4254 2692 429601
3676 910 823202
4423 4802 456019
1429 1888 775264
3368 3031 380312
993 3745 634562
1774 4019 614501
1246 3259 410363
3915 2655 892815
2711 2122 876603
4205 4714 337307
847 4293 790827
1866 3077 642514
2403 425 76392
373 1362 901378
1350 4757 218397
4179 3469 783970
1742 1447 472310
4543 1524 678130
3085 2499 650974
3472 23 36198
1029 516 664871
1764 2206 140624
3063 2044 83410
227 4687 163386
1397 4035 242764
3543 3030 359248
1892 3960 801802
1664 2592 651997
3897 1313 487720
486 2627 108413
801 2085 663163
4627 1329 316944
2912 1950 569309
275 1568 595373
543 991 831022
3615 1640 35862
1560 3432 513239
2710 2772 416032
2722 3256 921296
334 417 829991
1528 1375 128200
1858 2625 391035
3701 1225 834288
1861 799 717994
603 77 783327
1452 2838 265891
2146 3086 925150
2060 2485 948472
1458 3581 733194
2397 4371 668518
2477 4596 866272
993 3940 858107
3182 3655 815884
1899 1884 653607
294 4720 771831
166 363 865942
3607 672 183347
4758 561 726961
4412 632 480597
2224 2988 423135
2510 2787 911057
1847 4727 923390
600 1446 19713
4101 484 285586
3310 794 394476
640 4783 569239
2820 1683 889121
207 444 39693
2833 4647 396165
461 2568 154273
3744 1100 278671
1300 3703 307312
462 284 32445
3682 508 618052
1827 1738 500798
4156 1212 729004
3129 1955 230527
1762 834 686669
3599 3813 680209
3741 4793 923755
3879 806 419474
1976 2697 23106
2888 50 522055
4241 1221 689298
2079 566 385783
1625 1117 996069
1608 1730 770177
3222 922 820425
2602 1846 347961
1919 3800 702620
1959 943 542861
3340 4724 403199
993 2629 343439
4153 2776 13551
2157 1185 24563
367 1074 463712
973 4793 213754
1667 1168 590840
3932 4792 379288
2302 718 546687
4752 1060 526714
4649 1270 952519
1198 4538 800068
572 4689 263976
2773 3960 657848
3798 1272 791091
1029 917 1528
3731 4632 939291
4046 2967 957025
1665 2231 380565
4083 408 926140
1986 4615 644719
1635 3628 380631
85 2950 733965
1135 282 402092
4752 3848 987971
3074 2716 922512
3239 2013 626188
1313 961 614839
3027 822 372156
4631 4185 645825
3513 2561 430323
4405 628 903542
585 465 497896
1179 4343 204397
3943 4507 74375
2182 248 921293
4443 2248 129836
1503 4258 798164
3218 2451 458151
1140 1521 26453
3512 2631 54318
1871 3345 569940
3744 3293 226507
2567 1647 216505
4230 1555 402595
4235 2944 227203
2026 954 614668
1172 3733 960989
1000 4453 556324
3416 2237 661638
4021 4325 823493
4358 4695 88105
1650 3980 133930
3476 133 643748
2350 2499 832748
2509 4601 184808
2969 1450 154732
2036 1154 795985
3787 3476 702292
1323 2874 583282
4461 1026 742339
3703 1263 336498
2204 4060 548196
2905 1409 55381
4653 3448 230378
2797 1958 340155
3834 360 139912
2240 2279 557472
1183 3267 313391
1604 1549 958232
215 2522 600509
1421 992 196845
1878 1449 620303
2483 1360 821694
1285 1981 289286
2623 2344 60197
4694 3155 691187
2603 3704 905127
3247 2203 12761
837 4583 140087
4772 851 752661
561 220 482278
1951 2918 11142
697 2205 38162
102 3145 868810
674 3091 288545
942 842 884555
653 2819 790993
2457 2624 650907
1961 74 672306
2055 3663 781842
3996 1625 119288
1242 2167 922948
1947 2279 994982
4212 1074 711265
405 4731 685603
2093 3801 246377
2353 787 322608
247 909 189425
3968 211 791726
4482 1860 204171
1817 1521 380216
2554 2559 143213
4322 942 172491
2451 3422 60332
2376 1134 727096
1694 14 379689
4399 3180 245972
3919 2129 310570
3793 266 300388
3531 593 268235
1941 1166 50067
1943 609 465685
2366 4289 101748
368 4621 451047
4775 4610 375210
63 1579 289631
1483 3956 679977
281 1625 907591
1454 4167 255715
4708 2071 955651
2613 4204 722462
4394 1162 331291
3998 2235 774139
1607 3515 549225
1189 494 468802
1263 2468 14499
3803 4334 519837
1300 1083 200418
4650 1162 403313
3581 450 875422
938 1665 474971
249 138 295780
1705 1289 442008
2702 2639 923430
272 367 830112
1944 1155 639757
3697 800 629694
630 199 371429
1009 532 422993
3222 1500 174128
890 3676 984224
445 4427 483710
3009 1437 668580
3560 758 962042
3181 1650 900008
3400 3129 697711
1509 1631 911322
1284 2766 894331
4445 1220 370788
1361 3939 350184
1620 4744 534907
3928 3645 83194
2912 211 813611
140 2296 11056
1491 661 572219
4381 3346 561501
4570 3489 797066
2961 4665 450424
1266 646 521018
4193 1003 118652
3604 2671 424558
1182 1862 387701
1131 1244 742288
3233 1395 372451
592 4240 251179
4744 730 669478
4238 2808 793638
84 267 752781
2963 4238 110103
1398 4439 14953
3683 3838 280982
3257 2124 975349
3262 4613 24847
3513 1827 654091
2579 252 821306
1758 460 278650
1180 1090 131500
1233 3557 464010
130 2896 250370
2825 1441 543303
648 74 669307
3115 1039 73078
407 3188 587454
666 2572 993483
2203 637 213151
3318 333 935691
2790 4532 22059
318 1862 671572
31 1477 725389
265 3679 254262
4502 4648 853952
463 1256 483621
4277 2641 439050
333 2237 938180
1925 3835 585516
3479 1191 522959
2210 4087 180858
3441 327 519919
114 2249 829683
4648 2456 97797
446 1141 412458
33 4679 329433
222 381 551626
2143 1160 442962
4785 2531 34926
1706 1578 396324
2376 4796 826715
1402 213 576904
2861 3779 508539
700 4413 514876
3471 369 239353
4002 4280 814107
3139 2306 396528
1062 141 901722
1255 4485 599037
3574 2150 778157
2769 1306 818840
3332 3615 189289
3612 2842 15949
3236 4343 991259
2372 762 317580
1608 1190 786385
1529 1688 963846
745 1164 984436
4737 1067 867935
4800 3688 151541
1230 3940 987396
2271 4430 85726
2940 704 553657
2152 2605 207010
665 2339 868043
3819 1367 758802
1817 3204 265554
3341 3793 797902
3399 2109 306397
2948 3120 122966
2986 4762 654717
2911 2857 293132
1781 433 481421
3414 1134 93686
1192 1641 978640
4517 4308 279559
2534 41 91983
4708 1273 775432
159 2760 356266
1463 456 567349
3782 4658 907456
908 4515 867829
4624 4100 223215
61 593 865732
1703 1314 944628
169 859 833321
3535 2098 358988
2271 482 539970
3145 4608 116293
3164 4479 337058
931 643 676641
2783 882 98018
1225 475 66076
1550 2884 494614
2295 517 925532
3428 3608 645492
2746 1272 178570
3490 4323 368004
1562 899 844870
1139 4812 130006
2613 1323 560898
1399 3315 672775
601 2240 438225
2438 1397 421821
786 2062 571080
1904 3783 121641
3154 4371 161985
4363 3226 754254
2141 2079 742948
251 4195 602982
2391 2750 940464
4779 2199 190943
1358 4441 51659
1320 4441 22993
4721 1106 341939
4465 63 871886
2144 532 728928
533 1497 428693
1570 3830 468081
3739 1533 338233
1040 1123 319892
1757 3964 374584
805 3303 250441
4560 1309 229122
2287 2480 337878
3272 1473 269402
3709 473 977903
976 230 997424
1492 2276 732913
3417 1072 774186
4471 2911 976667
1192 334 440714
615 2022 708364
3365 683 929874
2626 1491 551341
824 2474 389434
4659 2913 816550
1240 1535 601380
1431 2297 6293
3774 1625 304794
3264 3992 138338
4290 2419 488199
1311 2060 821041
1924 4660 863588
2674 3637 208431
3900 558 352776
3286 3025 412114
3713 4102 229436
3854 3199 25631
3021 3898 161855
2394 4151 137713
4206 1011 778913
4078 4281 168907
3051 4421 53011
2380 1531 744162
4208 1495 719010
1251 231 157091
2190 236 502758
1934 4110 64197
4329 319 321521
2909 671 692021
1641 2329 544742
3726 3452 302292
3563 3384 487082
832 1937 858780
674 2500 594967
4109 1972 389889
2390 782 705564
4145 3982 692650
3287 4654 155962
726 423 561586
1128 3849 366223
4149 147 777514
2911 3506 951311
1887 4453 217741
4803 1060 611317
3017 3688 600962
2127 1889 628086
4145 899 596513
436 1090 200445
3329 4308 29558
2957 1673 578903
1786 2297 204042
699 3670 722919
1579 2585 514822
2251 457 344474
326 1180 557458
967 4083 449927
1073 2474 989443
2447 4768 603122
1621 3585 43315
1784 3048 582643
2797 4507 230147
2954 1174 619473
2350 4192 594770
2154 1734 361801
306 1698 126915
2054 4027 421721
4578 3007 270910
4475 2201 952370
3482 1697 353730
1460 3510 957848
4021 3334 720281
3785 3866 825607
283 2946 287700
2738 2403 180378
4709 2799 151400
1357 4039 254124
254 3213 221030
3309 4093 281322
2010 2445 919430
1184 2704 894861
664 1007 399667
4810 188 489561
3300 1018 630003
3543 2594 836036
1345 314 72399
1692 735 232833
3843 2307 674569
4511 2125 899975
3484 570 331817
3898 3411 430822
724 2475 320341
2866 1287 807125
3566 3013 91349
4305 3537 806598
3323 4174 956536
3534 4369 641373
2218 2204 837558
3092 2521 262794
3434 4583 314995
4775 67 951215
3342 529 415581
1396 572 708540
4403 4027 518139
1554 280 790334
988 1857 822285
3932 2115 825687
3349 1273 295043
2812 2445 885384
3143 3780 218871
680 2191 124701
221 4698 622370
3306 1307 783017
3398 28 804863
3895 3388 750077
1264 4191 218313
1452 4697 56854
87 3582 920090
4590 460 20161
662 1114 814743
2173 345 745907
3681 2517 619259
989 4025 645901
3410 969 669529
4037 3391 611808
4116 3431 725099
612 3472 846102
3190 2739 889120
1898 326 530426
221 3858 960055
2439 3685 519026
3512 668 60369
647 2614 784462
285 2158 918931
3122 2812 841935
2136 2713 791168
1368 4002 361107
480 4246 299961
253 3021 367178
3636 4189 273616
1363 447 376249
682 846 94198
4366 1165 536338
2296 1466 803167
1009 3010 492064
2622 3740 521146
2173 854 785644
4342 362 486307
1212 3221 188704
52 3740 610965
4000 3097 799757
1315 2840 456190
1666 2875 68335
1131 3639 670616
3470 3966 815926
1676 2295 414004
2197 4364 363803
1727 1541 931866
3244 2757 612460
2600 1322 832118
794 2657 87740
2972 1329 885940
70 175 271204
1072 749 996066
2124 850 687428
2043 2745 420778
2894 2471 926555
4439 2673 979665
1668 2449 953593
1351 706 970645
3215 1102 364652
148 3433 295707
4264 2507 14531
556 4482 162495
2209 4119 639539
2355 3047 259258
1722 1400 915560
1001 3644 997302
4043 3916 571803
2411 3282 38166
700 4655 134839
3445 1660 547889
1076 1071 231417
3180 173 906625
3343 3965 513745
3046 941 430038
3809 2589 838567
4562 190 655826
107 714 988461
4293 4796 676099
1440 3752 478640
120 2224 763525
3179 2079 886285
4323 2017 354757
3994 1941 6387
3809 4733 317787
2559 1947 808558
799 4577 363772
4478 4465 456343
2539 2088 835258
2049 4683 704701
924 2434 460907
2328 1729 842503
3337 1603 727210
3225 2650 110016
2775 4436 345147
4036 1522 973599
3529 263 854874
1585 3211 151436
3936 2285 810834
4479 3157 661621
3025 3573 860610
1531 1724 859020
2140 4063 886939
4088 4608 512789
1788 4158 252537
3454 605 423620
853 1984 669485
2148 2299 467548
369 1459 462499
48 2351 584099
919 86 79288
54 1542 377089
2809 2242 113096
983 825 442656
463 2634 756437
2493 1337 132925
396 3098 513725
2765 4178 344615
2356 3954 201384
4580 285 123060
1841 803 924263
2781 4336 234316
2323 3607 715376
4232 3246 12285
2632 2321 621555
1030 2119 185117
1902 271 954462
1938 4540 571193
907 97 236983
943 1513 535295
1990 4748 569759
1273 3338 126919
166 2557 889601
4243 4608 224860
1308 1508 210898
4505 3469 329598
2615 1995 770818
916 91 68868
1404 3362 132619
611 1097 440107
2852 4451 849833
1121 758 921815
2442 2426 835252
685 2977 730462
4248 1330 774564
4173 1067 10781
562 687 647206
3124 1994 349054
2576 2912 915659
1027 315 696992
4482 4034 876592
1010 1339 258462
4313 1460 14483
4572 1205 852961
2420 3000 769174
1084 3691 692082
461 693 116329
4489 2024 874863
1092 1625 476928
2736 1185 144300
4073 101 309042
154 2611 647891
141 2835 992232
3686 819 954887
2535 4304 127242
1408 3084 516549
1272 3590 664582
1316 3412 147985
677 1135 100557
937 1511 718129
2406 1266 366461
4578 1487 718362
2593 74 618301
2488 3257 643772
3090 2027 44812
1568 2062 207467
1050 1604 309247
1179 583 706232
4221 4638 63590
2726 401 53957
3843 4565 113728
1184 3194 228769
3478 153 729498
178 2902 856589
118 2608 604353
1124 194 697048
446 4479 776696
2727 1968 508494
2386 1881 869776
1771 3859 606679
3715 547 216094
1338 4414 345650
2599 2951 200150
262 4563 293465
3748 508 967017
3790 280 924223
3752 587 951046
2355 1518 730636
1738 3413 964272
1695 2381 497380
1091 1649 696103
2713 4368 998918
4235 3593 249442
3634 3795 675086
4178 3008 284245
469 4355 346702
1941 1473 815191
2829 4779 779781
2590 4099 126613
1133 4117 313913
3861 4128 123654
2270 1938 671094
4795 3983 3851
2115 1273 914835
1906 1023 373720
4579 1381 492799
1889 1202 266229
270 325 240522
4358 4632 615720
457 2781 614625
4801 2017 101251
9 3940 787840
2963 1640 281232
2799 3262 248725
3023 1133 199106
2430 2588 850116
2887 3659 839157
2483 4670 252413
4590 1928 674485
2019 1384 461220
4661 793 379531
1193 1205 219614
2512 3200 100172
4812 708 84459
3123 3718 281238
433 1124 767174
260 699 771013
3762 4139 178057
4722 2820 868143
1618 989 18104
2678 1592 949234
4214 723 185219
3994 2165 517303
3147 2822 210528
908 363 582252
522 3374 647968
885 3964 897883
2853 2488 972617
2994 3582 490777
434 3490 892246
4459 1118 576278
1581 1471 754917
2386 4195 6711
2751 4218 705186
1001 984 643360
2298 2853 317471
1978 3784 943897
2690 2318 743199
3015 1553 627191
2962 1186 442887
635 1786 364614
3949 4303 658671
1108 2847 618892
139 3660 843594
1954 3945 572531
3375 4072 791297
94 2487 819389
1842 1517 3628
2401 2930 602302
2896 1636 333167
3121 4365 870561
3366 4659 662083
234 919 592121
138 1164 960672
2089 1060 715863
575 3421 335806
396 356 226892
2891 3151 798937
539 2698 339320
456 646 893030
979 3135 157465
2478 2856 500210
1384 124 683714
643 1863 194946
912 2391 279975
4273 577 103403
3171 4207 380258
1340 394 765413
1618 2361 891475
1877 1080 624519
3521 3850 520451
2858 694 389049
3224 694 846826
4639 3502 504607
3014 2204 76008
3369 4548 929006
416 3521 533039
3710 4779 28250
3072 2317 865702
968 1011 133423
219 2076 13642
1076 203 548794
4067 2153 238062
1547 2115 673439
3710 293 673610
1900 52 369111
4171 4117 771431
25 245 961081
2554 568 606454
2475 498 569069
4408 167 546158
2597 4277 568350
1496 1221 54664
2645 1299 303306
748 645 849321
2465 2205 871816
283 2009 345194
40 1916 353310
2214 4363 251492
594 2019 112500
216 2799 716779
4438 757 379010
3265 3411 383165
4134 402 942560
1660 632 566184
4184 1973 758271
4565 3852 314348
1081 3912 365066
1933 2290 434021
926 1847 703615
1375 1640 237065
3034 4756 481487
806 1086 200388
4595 2248 73893
236 1351 284247
2219 4712 207614
4050 1606 976561
2864 247 25943
2644 2857 464143
4525 477 219527
738 527 38452
3617 1787 435712
2095 3915 103064
3059 2008 842562
3798 3373 360695
2688 3116 403995
4767 1355 122913
949 2149 301844
1856 83 203664
4190 1279 761557
1992 2458 482953
3209 2080 163090
4549 2837 640540
2349 1458 258911
1256 1642 526265
4346 4608 802970
1033 3473 214394
788 4346 156244
3040 1075 353895
2317 201 753280
48 232 995822
2570 4224 544051
417 2105 388569
3419 3058 645774
4506 3623 123581
4791 4626 973079
4290 4111 824480
3881 4003 612257
3782 835 190157
2593 1055 950274
2182 1281 505580
2383 49 424283
165 1146 899313
3611 1108 888841
2113 82 708848
2710 1219 968795
2317 3132 62425
1463 238 670182
967 4610 650923
736 465 383817
3704 2150 387013
2036 2409 524282
3706 3716 402227
4518 303 942252
289 230 820900
4148 969 386869
1232 1129 131052
210 1686 438823
795 4110 924184
3519 1366 927499
4190 1142 75784
266 2513 623857
541 4401 818833
2197 1332 724201
2584 3081 1901
1749 3223 626491
2035 4172 32450
3157 3930 211636
4719 3214 255468
2078 2798 463387
1916 4799 167444
109 922 306893
132 3804 351260
4096 1310 110866
4156 3290 829583
2962 3064 463175
1473 2845 404354
2886 3217 762626
3380 855 877038
979 2273 102119
755 3974 914880
3534 1680 973476
194 3808 17252
1670 1612 219874
1746 1000 79721
2513 79 815576
1835 1954 429114
4481 3001 343028
36 1899 672905
2701 4053 291629
2240 2788 238513
4542 4057 929937
322 1440 953672
4045 1990 130800
4309 2672 901542
562 4702 133637
4294 3915 96232
3002 212 491424
764 4662 31476
4775 4322 863287
429 2024 111251
4486 3189 797407
2042 4362 108421
3588 3191 160658
3967 3125 13096
3680 484 963904
3975 833 834089
2113 3535 20253
554 4202 639906
2125 3965 759890
3660 2481 552121
4436 4235 851216
2622 2113 274229
3614 102 765201
805 596 993435
435 2917 665336
4660 365 827728
1132 3075 628891
4571 1146 493836
672 4077 739102
3573 1399 944148
2824 4720 587336
3701 759 525225
1977 4063 273489
3178 3102 816581
3852 594 888442
4424 257 276748
1336 1880 474017
3713 3996 708171
3043 2590 736115
3250 690 798475
1454 2142 701333
3208 4146 326761
557 1656 936050
2272 4654 484758
934 1793 880066
1586 2978 602995
929 3367 928439
2452 811 719497
4103 1741 767333
180 2522 371634
927 3184 703768
3253 3645 596822
3104 464 698500
2175 2121 344329
2850 4381 146997
2316 1466 436418
3938 2257 434900
3280 792 877021
3016 1521 606067
3333 4180 717401
1316 1204 812123
4008 1417 7082
1622 4812 235655
1865 3924 457224
2535 3467 827252
3658 1743 684510
1521 4595 904017
2309 222 697040
3376 244 227519
3650 439 309995
1607 2371 150220
196 4601 996441
669 3103 985325
33 1394 297088
3170 2628 325999
3490 2491 6716
680 1342 30099
4584 2758 732756
960 4516 522340
3219 1620 636177
3402 3255 945009
1800 3105 624684
776 1876 887907
797 2753 290374
1931 393 199209
1847 3778 919729
4232 3312 52521
37 206 775150
3268 786 196317
1488 1089 307579
2095 1243 141472
318 945 221869
1580 1217 73945
149 4776 644872
4567 2059 166275
3219 988 136931
3989 282 293450
4520 2447 929409
3490 743 128773
3335 4613 310751
2267 3687 104119
4084 317 814917
2204 3790 435856
4639 528 639151
1729 3212 573007
911 1587 423265
3154 4209 775724
2051 3068 608706
2507 2828 996580
3667 2957 511786
962 3569 21534
4685 1397 656275
4581 2056 984377
1779 1752 641654
311 3439 354665
3457 2589 911135
4269 4423 220883
886 301 961325
4398 3493 447187
4814 526 91415
2900 3449 640413
3983 1105 362664
4102 4379 129735
1740 67 933013
1854 4694 81642
369 3001 557807
2257 2917 625293
1753 816 14965
155 2004 645096
4804 1329 860134
388 3616 879773
3578 1325 246814
1868 2075 543775
514 246 527244
752 1421 508749
3311 1033 711271
1104 1932 66077
327 453 380397
2509 2891 668612
4014 2970 357992
2100 4401 35495
4158 289 912074
4462 656 79346
819 3005 61846
1919 374 293024
2488 4372 81304
3814 3415 11125
1915 1858 721511
1266 2245 505104
676 727 752827
337 3152 162297
1979 513 563570
3408 2701 571343
3068 3744 651663
1435 4020 46425
3747 2748 162761
2132 2222 354077
2909 4 873341
799 794 365590
974 2138 899816
4369 4479 97158
2434 2680 794104
3008 2752 485157
335 1672 862676
4786 380 213785
3711 1171 259040
968 4052 170735
3271 3557 586404
1845 3302 953380
2037 846 238991
3823 405 696635
2709 2314 162603
3154 4739 452418
1222 2553 920358
3258 2225 328580
1807 1969 744964
2141 3991 849948
1994 2325 856638
2287 2024 25086
3820 1815 23103
2927 1692 43809
438 1567 15021
4574 3325 920482
4154 2170 787265
1046 3880 197738
510 1668 872560
3638 2867 666048
1804 3718 473889
1547 3916 597318
4097 2227 733857
871 3533 187454
4214 4498 18177
4521 1305 218640
996 301 383436
2756 1590 936851
22 895 400159
595 629 88137
3011 1714 397501
72 1236 70109
3291 3821 720025
1014 3949 110225
3496 3366 528078
3085 1246 922201
3655 4426 157514
1947 816 241859
3535 3755 552998
2938 2013 664622
335 633 785770
1987 4158 350596
3640 398 238645
3593 3854 648729
2120 1945 70717
4728 1847 475602
2336 3198 213635
2417 1381 91030
449 596 799561
4772 778 401813
4475 3024 6682
4147 2846 548492
3700 3821 493905
3794 823 791812
4306 180 631032
3407 789 613368
649 1558 237281
147 2192 887831
3256 3792 728910
447 2839 890129
2706 679 22389
707 3606 677282
3628 2317 545254
3666 3030 824004
2483 3238 337900
3890 1736 384135
370 4083 373090
4525 1150 20595
4090 3141 428083
2746 3828 339233
2953 2923 629497
1831 2416 977790
3255 3849 610835
3566 1648 6873
4402 56 379718
1008 870 330845
2265 4039 171150
805 1507 353499
2451 4358 779065
2470 3363 953692
770 3258 987711
4520 3028 424748
2143 2326 123575
4803 4390 526153
984 3557 262638
2797 2898 287075
894 2236 520912
2280 2899 230117
4697 3164 311345
4655 897 594619
3035 1381 232236
3737 4513 796733
271 867 976275
1602 418 314175
2239 828 567238
4471 1135 67688
277 1213 169602
778 3650 983744
4215 2691 917816
892 3991 21045
4174 1755 397039
2288 2757 51168
4218 98 904187
1178 4085 304945
4203 137 355831
2261 2816 592297
2800 205 702792
1208 807 10076
4149 979 36517
1304 1070 684064
4343 1476 253335
3945 2170 89698
2799 3236 489093
1366 927 336750
2512 2318 46135
1386 464 172992
1591 1365 394910
3353 4112 289672
2236 3885 528152
3226 497 772213
1686 1837 530483
1339 3463 529137
293 796 104281
562 3964 259297
3178 3669 672969
1274 3432 528992
413 288 590007
389 3008 872873
2528 2160 754517
2314 1541 968053
2373 663 34226
1282 248 740819
699 492 190145
526 30 469482
1399 3016 206539
441 2501 399599
4656 1025 976324
2233 3449 51835
2215 3846 829438
502 2920 744739
3778 4684 216313
2708 1678 761358
810 1229 863111
4129 933 587538
1941 198 51062
1689 4233 480767
4112 3358 559587
1491 4603 793741
4062 944 326813
1069 3328 200580
2903 3528 685893
23 2497 541512
1101 3497 554133
2050 3181 578880
2553 1714 332885
464 1852 736120
4584 255 500835
1929 844 467094
1795 2279 562935
2325 1421 501079
4028 3688 919864
4282 266 670970
4000 3714 613442
1234 3884 14054
3759 2547 586984
461 3891 642430
4583 4175 689097
498 2931 532691
974 4269 812350
141 380 643631
3136 723 217307
1229 4226 873094
3952 4650 995151
2237 1110 635947
1228 3776 732441
1311 2627 711156
392 3427 853631
4676 1653 280029
1515 2418 399597
587 546 75399
1888 4165 446913
1995 616 199107
164 373 388880
775 1562 497226
521 1981 321242
2991 1816 83741
1736 102 388135
909 748 178349
3530 1307 18632
2997 2262 845916
123 1749 130465
932 527 554103
3602 450 255982
4338 2342 407259
2167 1735 952338
1954 3248 525144
4256 3433 70445
561 460 597092
593 4636 129266
3713 2893 36038
3915 3808 434500
2424 1591 428886
2700 4810 11024
3162 3521 175376
1836 133 220297
3417 582 829116
1470 97 607222
1192 2556 686649
321 212 456107
439 3371 346998
4617 931 595847
1302 576 148112
1690 773 324209
4205 974 592366
1765 579 363772
2241 1875 110666
1072 3305 324185
112 4643 44957
813 1127 296563
1475 3539 444012
1561 1599 860578
4187 3950 214982
4708 2197 226555
2453 2577 472452
4753 4308 853773
4341 2090 137403
3094 4554 408649
4510 3309 86691
3552 4429 45224
3943 3920 158135
3494 2224 613517
4646 4561 124720
4421 291 691942
4589 4538 107711
991 4147 952840
3473 1902 340201
4717 3765 330525
1864 3057 414178
725 3169 657995
3608 3068 78349
1909 1870 259053
3172 3347 183953
3475 428 633035
3858 2247 882653
3212 2894 927746
473 3625 920734
3734 3611 887396
2628 4008 933708
99 2305 338400
2165 4254 987905
1394 39 870290
2728 234 672192
801 245 20714
3611 540 420600
540 3747 75581
1252 2673 590577
2671 785 266910
997 3931 53587
4656 1877 820310
1488 980 448859
733 1525 605131
1295 3580 213941
2947 1251 709789
3490 2220 582008
3268 854 164359
2263 99 510304
551 1294 959098
1962 1996 438661
1795 1245 869856
698 2591 776607
1427 2660 302832
822 4486 124394
2243 3753 995781
3655 2083 47593
3751 257 150336
3586 999 757907
2454 483 882929
1309 3027 832548
545 3685 961877
1247 3610 328877
4113 2233 493962
1994 4393 906928
822 4465 709669
2928 1897 48860
3721 2557 16780
1738 1939 865198
321 4427 218648
589 4698 691723
589 949 511931
2895 3362 685490
4303 730 703059
3199 3991 575082
4080 266 491506
3448 69 205655
1827 3951 428669
3390 4127 969783
2166 1466 551228
4547 2141 86784
4422 3346 773695
482 416 334239
3169 3858 607493
3487 561 524958
4527 2497 399274
4234 545 557189
3501 1175 821898
4148 3477 563346
4106 2662 170732
3834 1976 303222
774 3896 244068
3249 2413 290776
1717 1894 580077
3227 690 965017
1115 228 313256
1600 1412 22894
1190 3666 506103
3594 1087 202341
3238 4253 908721
3327 1144 655403
2864 269 956783
1241 4627 563513
3339 1275 701966
681 1629 310881
1458 604 548939
2759 2661 396890
1088 3517 908816
437 1942 165507
4020 1601 505125
3579 3610 219089
699 3383 2576
4649 416 513010
1681 2710 478666
3057 801 230131
4644 675 108135
863 4036 184132
2193 2615 214292
715 1575 157893
2509 2165 480025
2796 2399 979947
194 1577 378971
2255 2167 419283
896 1144 502242
1395 3278 810367
3835 3103 845118
3848 4675 243555
1885 1166 555876
2822 2281 508472
1292 3480 83455
304 1999 935009
918 4382 740671
1287 3137 360172
62 1795 594129
4252 407 300888
4741 994 446903
4175 3846 139317
1701 2024 270459
2741 3914 500846
1340 3275 788734
2379 2638 879538
217 2847 573225
4196 2199 339773
4480 1786 888653
1496 2457 987779
3556 3675 81551
162 2378 919431
2276 354 527858
1689 344 43766
315 2657 116504
501 219 821964
3495 2539 120918
668 4036 371236
843 3774 515955
4072 135 201154
1929 1386 805521
819 1744 851658
4003 1968 171539
1586 4684 319612
4283 4681 871423
1081 6 514102
1884 4374 859655
1008 3252 168114
2224 1881 612168
1224 3523 355864
2260 1113 85910
4075 662 482012
700 4788 368387
3434 4082 32923
2274 1590 658157
1401 2655 596412
418 595 40184
635 560 3505
2183 3899 502087
4148 3087 15325
3452 3417 570262
4466 114 331545
59 783 130230
2597 1766 385680
1671 3016 543418
2346 4042 100647
1144 1517 736860
1603 2043 360331
1267 772 299272
1440 2638 650161
3189 3121 490096
4696 4753 113338
1172 1936 454994
4728 402 897030
197 650 20002
4454 4012 245708
123 3830 597712
683 2015 459159
824 1608 973872
1028 1242 113292
1208 3211 553153
3152 4780 779389
1153 811 602975
2821 4028 758146
743 4234 513381
3688 4410 120482
3400 4592 277229
4561 2534 43828
4500 2636 545308
3954 932 317757
2031 4058 376440
1885 1374 556853
2060 4671 98464
3971 546 164424
4802 3791 894479
4215 396 463619
858 643 675909
2099 820 920749
1309 984 912139
3676 2824 204170
753 4303 172846
3325 4192 86288
1209 1583 539994
1733 4729 853359
1318 225 860854
1346 940 166546
3052 1219 277213
2906 1104 975864
3509 1969 575986
2807 1473 549461
1941 4188 22096
3488 1966 166234
1919 358 426953
4113 1173 301816
70 3482 672731
536 3535 191045
795 10 992023
379 3858 698755
3193 3943 668502
3952 2600 556969
1525 2431 413498
2375 1259 899376
3176 3390 244859
4295 846 776214
1174 252 705843
3395 1515 40870
4037 4230 468401
3298 1935 774587
1874 45 750977
3568 2660 826173
2736 615 937165
211 252 500712
1628 4537 239160
921 1493 430020
3724 1598 416459
2607 788 156583
4209 2074 493821
3439 2806 940035
133 2071 501428
2257 1686 9651
4667 3710 676912
58 1976 107079
1645 1630 341879
3693 2842 478697
1987 3016 170547
1586 4813 301738
3900 495 990035
4612 1837 761295
1911 1320 217314
2113 3555 18944
719 2287 966043
2530 3059 935980
291 4715 335576
3218 270 33976
631 4640 140038
4454 1772 21826
41 4497 629750
868 2815 445489
1656 1220 318389
1128 1774 728050
4288 2630 541189
2485 2700 814458
4204 1241 168308
3750 1495 785494
1903 1368 985972
4282 71 330638
2914 665 519637
2727 653 900297
3737 534 460236
526 2028 607481
561 2719 576215
4622 308 962496
533 2341 499093
4372 3440 786487
2648 1802 969206
4118 2984 539401
1661 1473 39295
1856 2040 795368
2762 1960 261318
2628 184 710001
1965 3257 66095
70 527 576829
503 4343 823760
3102 4184 112224
2366 225 5136
4292 774 902345
3315 4524 126755
3788 3961 357177
1256 2071 417310
2075 4278 716459
2089 746 666711
1618 3635 25266
1546 2299 168778
1772 4250 183385
3568 999 363250
2235 2102 745558
1382 3926 74613
3732 4016 411271
1336 2864 175222
814 1584 499797
2707 481 50191
3630 2793 319342
1223 4798 133575
4125 2614 853578
1448 1481 395367
850 113 562998
4218 979 625565
2562 2338 315595
3576 2409 259788
4503 4289 357012
4475 4368 462129
2414 823 861774
568 2875 39414
3147 1449 416256
2872 1528 1516
43 3054 330780
1137 2465 359264
791 4270 55207
1238 1932 86761
710 4085 92455
3532 1067 402806
3547 882 169728
4138 3629 730159
3102 2408 603661
1218 1521 474935
698 1568 679145
4562 3682 188104
2316 3758 6573
3008 4482 241782
1831 4595 627473
4753 1528 473515
2710 1498 669300
3554 3086 419789
2935 3817 698144
468 923 939845
4198 1324 754367
3956 982 200871
958 1708 602351
4178 526 893028
3361 1092 471705
3604 4459 934044
1119 3934 1238
3310 4371 802898
2130 911 58834
3414 3472 479569
1511 676 959335
3526 1748 446704
3261 3008 669119
1587 1297 191589
4412 289 350450
2692 4169 707849
3489 805 662847
2721 1237 533689
1075 1638 573456
1373 3158 718951
2167 1752 284876
272 2249 119313
1078 4011 746452
996 3292 6624
437 587 443926
3540 1296 890665
4123 3386 882428
1592 121 784507
2761 4528 391417
3474 1674 403183
3201 512 158126
1089 2713 859357
3111 3045 820016
366 2122 911969
438 1928 99266
1223 506 504000
1416 533 534626
2270 4608 775840
4371 194 230335
3432 1793 684801
1154 1993 124499
2274 2508 779682
4196 2208 999656
2645 2839 601908
4662 607 4255
4603 3414 564490
4744 1898 364450
3614 2376 934988
3607 3522 214744
4460 250 821712
1000 4699 60091
359 4565 144524
1760 1259 967326
33 3835 889780
1210 375 68039
2253 3803 101802
307 2267 217276
682 2038 931038
4404 1860 465153
2361 2297 409034
4515 66 943466
3362 2655 252399
1068 87 441963
4162 768 718424
3486 4504 449611
239 3542 62584
3179 739 742256
3255 3270 938615
2217 2635 24081
2637 653 922761
3743 915 49058
2756 3547 268161
373 2104 263449
4561 1830 799202
4629 3084 471428
122 3965 724543
132 846 32126
2625 2422 615415
2205 2746 724996
166 2714 400460
417 3146 384332
2038 248 361241
1239 475 999401
1466 1435 264832
552 1971 905617
2312 3784 548390
1235 1684 296539
2112 4025 509571
1585 1802 748453
688 616 36841
3960 1553 846009
1151 2689 695496
1501 539 822789
1874 196 18269
834 3098 315272
336 4256 701603
267 3382 968476
3409 879 675370
4124 1104 216951
2968 3635 93512
1624 1811 713198
470 1705 257063
2626 1211 211549
1734 3036 531404
1866 1780 966201
1587 4130 156206
3402 2215 561099
2517 4227 901934
4697 3539 77046
4715 3886 395280
2505 2214 688321
3733 2964 65918
551 1975 678052
3661 1293 441896
2300 2748 884048
3973 4613 370380
1739 557 833239
1830 2847 68575
4284 3583 463240
3639 737 127603
4535 3563 803649
2132 194 182432
3912 4476 282110
4568 2021 353218
1680 3770 15656
1214 289 191888
4663 1949 763023
3311 1887 534254
1049 3141 790622
4266 1342 285296
3699 1774 667154
840 142 404960
3346 4406 304827
611 4757 578364
3022 2972 848232
4453 1016 522376
4293 2564 854744
840 2113 218493
559 960 89878
3888 2574 965231
4395 2863 191722
1668 635 843938
1678 2742 933519
4541 4063 530855
99 3285 449137
110 1934 251369
2623 4080 395994
2222 4360 625719
3914 2276 356973
1523 9 385558
3653 3118 646990
3289 3803 422817
4814 1542 115568
665 3976 769412
3579 1511 803866
4759 1376 871025
4154 4534 877768
1021 2058 629425
1414 245 955058
2160 1757 978801
2070 4519 653386
1195 2486 923896
4527 1638 350121
1000 3150 443425
2326 4513 966273
47 1688 694582
1181 4275 742486
1258 1346 304816
570 2407 557728
657 1296 705097
1075 4535 215746
3563 249 770986
4513 2922 990564
1309 1371 875603
2018 2928 842299
1131 3587 918563
515 2168 162499
1770 1759 433893
4029 3413 321520
1224 2765 831037
2380 4516 965890
2229 2605 763791
3937 4700 419593
4443 2578 578289
1721 3536 448756
449 3235 481969
2701 442 228715
2732 2102 730541
4410 3221 162933
4762 2936 899191
4687 3894 74528
2644 284 106385
3805 4218 734485
1822 615 809224
847 1490 752868
1936 626 107536
3133 989 751497
1123 2805 48611
4043 4127 883651
1389 1086 33073
876 611 958508
3764 3248 996681
230 876 318690
4401 2011 601156
1868 2744 925180
439 3341 598288
3260 1970 637334
2004 46 148849
3235 3502 418067
3030 4552 232465
2522 2242 726159
4157 3531 616950
990 3304 651246
1020 776 217498
3428 1962 366848
587 2688 435600
4002 1299 134978
4247 1905 976128
1508 2938 879102
4241 234 886162
1620 4631 765970
3311 924 730400
2217 1850 563718
3338 1715 243694
3493 2072 783460
1035 2793 895038
3852 611 16383
4699 4751 501939
1502 1375 858840
2038 1906 422919
1331 3665 52127
1136 3210 593160
3057 2090 108080
4343 4815 797062
2936 3262 88706
1154 2421 727025
2578 537 595648
725 466 984287
31 2987 763507
2492 4082 184503
3925 970 436748
2056 2922 633547
1199 45 826263
3021 4465 357433
3567 747 884528
929 2074 74769
3857 2099 148925
4394 2436 605104
398 1122 422838
969 203 197596
3620 4495 203685
1788 4674 811068
912 289 137609
633 4114 131308
1253 2183 115572
684 1831 945164
2102 4537 469546
2316 4256 409967
2392 325 586535
3637 2104 462713
4767 2383 110848
2800 3823 757590
3420 192 933957
4362 2151 592423
3646 49 225431
8 1048 319706
2429 830 440333
1379 4793 808712
3177 2047 921763
3693 1887 697245
1152 3125 361854
2616 3353 548735
4304 2029 833798
289 4775 944084
1336 4127 389277
448 2378 166636
283 4772 764117
2014 4192 58925
4454 2706 710108
883 643 469082
3254 4651 199429
4329 1780 942477
1966 2477 925544
626 2718 373928
3741 139 132306
2853 2074 179062
1473 3861 931568
1115 4304 970670
4506 451 867316
3977 1828 607829
2498 1907 978265
4637 2689 67950
1802 4414 685900
4022 3377 874930
3122 104 309702
122 3658 567167
2499 2144 834195
3723 1073 187607
4387 4588 129846
2801 4251 394403
1488 1280 217756
2114 1360 779215
986 2734 433628
491 4713 460470
915 805 131871
2324 4151 709176
2585 3388 701989
272 4033 444896
726 891 986110
3086 3273 891068
3091 500 178798
789 3000 229935
1205 3307 801681
2984 1180 474145
2883 124 957216
1311 1019 662401
2912 1679 269552
746 748 995484
1532 3842 61207
2302 1468 61475
4766 967 348824
2588 4606 639475
3915 4356 641877
4761 1809 665558
2708 796 819765
3538 300 119963
1537 4404 555447
2435 1222 712346
3867 3492 545975
326 2886 139417
622 4680 878420
3719 2148 573226
1600 3072 724379
1498 2331 263732
4674 24 677278
599 4367 59362
2025 1391 468173
1467 2409 783600
1455 4316 386821
98 3635 167457
3695 3697 33390
110 1239 134352
2624 3751 530741
229 4439 660601
2750 4336 518985
3775 2573 250042
4771 2900 847773
1360 2716 459699
4242 2507 253351
1759 3586 148526
3706 3973 458085
1459 2567 338851
4196 1570 931730
1563 182 918089
2441 2475 243926
633 47 461481
4765 3161 891690
3440 4427 486097
2212 478 955619
3991 185 126117
4524 1693 82523
4202 1076 266138
3248 4072 579252
2953 956 754544
3996 1490 801442
2736 3431 933304
2385 460 441290
4710 89 79216
4153 4065 119096
436 3598 284769
4684 2557 384932
4050 1889 6355
3783 3088 451575
3890 1099 911970
268 994 461200
2421 1602 550439
4341 4430 901941
789 238 405988
496 1512 528219
3685 1835 453178
847 4098 941049
1423 3311 46575
4132 4790 913311
1170 4784 572628
1298 89 126105
2173 1707 421210
1486 94 27193
4249 2382 981159
1815 2822 68363
4712 2047 46498
2628 613 381378
2803 4067 739311
3593 2662 721515
4690 2879 858877
4539 2078 31017
2537 721 142482
3257 3844 201623
1995 3982 397541
2120 3030 881926
2951 1480 975490
3835 2437 246653
2171 4278 796901
2352 2201 797887
892 4156 692549
2117 801 677881
403 2707 877318
1594 2109 125882
645 1152 373435
3845 726 888539
2425 118 13093
4297 4095 949431
2692 2363 986435
2627 84 802017
2138 2850 875992
4045 3785 558646
2903 3170 985951
4444 1342 759107
3549 3873 757824
419 1303 968920
2581 1887 208847
1072 1674 507091
2217 14 464012
1603 3631 916256
4219 1022 419739
3747 4499 115201
1041 4218 910016
3209 800 179790
3480 1158 999012
1297 1792 223878
636 821 450373
1440 3651 910030
89 618 505609
4714 2891 376777
4280 2946 567120
806 1696 614866
2938 4170 460718
2693 3555 78251
4719 1904 788431
3896 4309 233637
1172 1586 538516
1851 3223 190749
2229 4382 513004
945 1031 110830
1278 4585 720685
3456 1894 406499
2236 2469 710891
4369 168 988592
2192 3895 457426
10 3688 833905
206 1743 70866
2439 2760 486284
4034 4553 210189
975 1684 514369
682 963 668836
1512 3710 384625
4081 3857 600744
1064 1169 486162
1664 1917 254621
622 369 661845
118 4731 341171
1094 2402 767209
2886 904 507645
958 2606 205418
244 517 46686
1873 1286 551006
3858 2671 210902
1020 637 119514
66 1538 374128
492 2012 477733
4557 1904 66682
177 917 610706
488 1963 489451
1489 3008 640741
1230 2856 658746
3885 4158 137660
4686 3780 633038
2641 2318 167291
1764 522 702030
199 3490 486977
2577 2845 29535
2140 3477 534683
1432 882 293949
989 3957 763890
3226 2585 509373
237 219 132977
2326 2612 502759
3093 4147 987157
3960 1515 221918
3627 2940 986270
2371 1532 3083
1648 2169 492560
2531 2738 962029
2388 4135 625799
3213 3449 921164
1890 688 117055
955 1958 371401
3535 694 454055
4123 433 507000
2981 3356 123804
1022 2699 706054
3431 2178 378930
2899 3263 538553
1529 4703 694325
3412 1529 779797
1611 3640 404779
2719 230 716521
1259 2465 701923
438 4580 646916
162 3648 196067
501 4159 528
2565 54 917787
3058 1815 45595
4466 4258 585013
3625 598 5920
2327 1402 306745
3656 865 405762
4475 4299 691165
312 3738 228026
2479 897 222384
1316 659 398414
1966 2413 541992
3046 1416 2153
3903 3167 378672
2001 2948 314014
1299 172 596106
4165 3666 895530
1226 1727 514204
958 2748 134211
343 4376 567577
1985 1298 944312
4065 3559 35783
3705 2539 969559
1172 4799 923783
2341 442 124439
3980 4707 82691
4203 3637 628897
4559 2582 623835
3622 4772 881152
3015 4285 375745
3199 4262 232750
2734 2331 2121
3511 3491 670309
4630 3830 61396
2387 708 428406
1121 3384 405155
11 1805 247967
4046 4410 504296
3569 1219 69954
91 3765 61800
3900 1919 970741
2319 440 449766
857 1332 290040
4335 4179 850280
1103 43 723298
3657 4231 686352
4222 4399 555825
2291 2359 973294
1394 2238 882724
1078 1373 668754
1967 3353 181209
1853 382 928535
3903 4384 463372
2753 1680 676839
3055 3598 54251
2866 4583 134752
2468 4436 233827
3808 903 870244
527 1792 198847
4664 2182 507553
3571 961 875576
2263 915 40458
1757 3653 233323
1256 4144 313789
4104 2254 477888
1842 2702 449189
2552 639 723790
1683 4227 923404
2825 4528 409635
1208 4158 336837
1073 1862 345281
3118 2283 533651
1115 3749 362307
2819 1013 25618
1496 1433 197039
1530 3356 920639
1972 1410 816228
1022 1342 367730
1464 2000 555425
1265 69 267448
4769 22 714202
3533 1886 620108
1551 1129 206446
3415 4434 856607
2364 1360 912987
3282 1725 611116
4382 105 993609
3697 3934 698575
2222 3594 407973
3972 3341 127308
2503 2915 603150
4398 3558 169691
2150 3592 721904
3890 4464 344623
415 4520 312518
1380 534 61265
2589 2567 41158
81 1584 423226
3380 1670 566958
4554 4145 439866
4589 2487 855879
3258 3861 152176
1285 2185 991208
1054 3861 873350
703 642 917228
2778 286 739298
4197 3434 731678
3622 3951 558827
3996 90 374533
867 2437 776530
178 1679 382936
2603 4804 876766
384 3530 417676
1454 3675 506011
185 2517 336234
2483 1324 532732
4264 2242 867967
1005 1853 982660
4666 3131 416911
2965 4237 383512
502 335 134442
829 736 8509
4068 1244 226979
1103 3977 886912
3445 1125 217267
3049 396 379584
2910 2604 897094
1711 4264 577496
884 821 362428
3912 1346 358970
4239 2391 68118
991 1904 729908
2061 4484 408256
2855 3963 286027
1500 4159 659276
1652 2043 495097
1726 932 819489
3051 3431 759106
3565 4564 335776
708 417 372432
1510 1256 542947
4259 913 19755
264 4240 713209
1939 3610 647688
69 1309 530792
2603 396 273678
340 2045 287585
4535 971 432820
1548 956 2120
4551 622 21914
4474 4658 350197
1793 4053 788311
992 4351 284263
1651 3768 384538
4472 1467 228397
3854 1990 131718
3272 1674 630284
4793 1213 904622
3305 3114 402531
2570 1461 302291
2784 2794 60336
445 406 204561
214 3494 669484
4040 1385 984682
837 2448 330628
2727 1387 310690
1472 1991 784387
3220 3086 939226
4504 98 544809
3483 4237 751763
2832 4765 389691
1788 4769 944806
1846 1059 744300
1694 368 829988
3733 1102 579589
1396 1125 9208
4104 4627 514467
3913 2736 216383
3056 740 388071
848 3581 750176
1727 1290 197586
2435 619 283603
4313 954 161687
2523 3935 10458
4720 3006 985879
3480 3285 841866
2246 6 998778
2596 4417 633523
1143 1947 905136
1269 4061 105811
1901 4690 705172
4308 1692 856599
1708 106 966711
4269 4578 481623
4194 249 9613
4351 2611 952170
2642 4045 856272
4019 3342 106473
1201 1749 997275
981 3117 800801
710 2873 632470
2068 2255 187285
4790 268 549810
3655 640 818292
1096 989 315251
3593 375 477611
2134 4113 515342
2170 4351 340300
4265 72 325141
3323 2383 613441
3426 4373 683479
1232 2158 17647
3442 1572 649507
690 3389 783567
3110 3749 414850
670 3555 270652
543 4791 128944
2720 3307 121366
2126 998 911656
108 275 219657
449 533 869184
2784 2191 440117
783 2610 139737
2953 2695 326930
3766 1759 78652
1957 549 63918
4653 3649 987097
701 1974 790318
2546 414 124348
3313 2843 679798
1474 4105 646503
1795 2306 393026
689 4315 938512
2969 2052 579370
692 4495 303721
4320 1643 866631
364 2673 574339
429 1536 737684
3441 1700 284193
4310 3138 82800
2347 2608 23535
1477 205 296889
2369 3867 635754
919 4617 43583
2291 2749 869283
2118 1560 70151
1526 914 671270
677 1405 643311
4606 4704 156982
1823 3706 217080
2909 866 673657
610 3508 388045
4005 2563 352333
1143 3632 202685
3692 959 410477
1366 2985 6445
742 2932 12389
1792 41 955816
1298 4415 719220
3939 3028 122214
720 2583 256626
4735 1600 625855
2198 2693 775848
2917 1489 898804
1514 2585 632337
4305 4107 812786
4130 4558 812701
3820 744 901514
4782 4122 650846
250 887 756498
583 4530 246817
653 4776 571373
779 4074 15018
1002 4333 285805
870 4127 886665
2818 2540 898775
4249 3897 198507
818 1295 768343
3816 1042 873950
2080 4117 137164
759 3878 939813
1538 4143 98357
2806 3672 737569
4770 3356 509752
1733 2133 267464
165 589 214580
2020 1492 422598
1164 3968 847415
3119 702 447576
3659 722 813878
2350 2203 666826
105 212 120065
4652 2085 967532
3613 4002 38997
2316 377 569842
283 1169 6213
4788 1732 214615
4116 848 245334
1160 591 759488
2514 3556 524610
3849 1461 768712
1439 3162 821405
3831 3174 92263
3464 2566 840626
102 2430 159667
1116 931 767791
167 623 355553
4224 1220 269026
1825 2620 55847
138 3983 326279
4539 2489 112329
4773 2257 499929
4559 3083 640149
3702 2011 464143
82 2514 904316
669 250 798764
2376 855 396773
2887 1 471807
2789 2145 121787
190 3972 751250
4719 2439 488477
2810 2294 999517
3372 1825 128287
2481 146 568318
4532 156 223767
4813 3772 308892
2551 1634 71335
3789 28 66370
3634 3738 117570
597 1472 466523
593 3332 334575
2590 3437 42528
1891 893 160268
3264 1098 995595
2281 4497 854526
2002 1582 710569
3845 2962 777768
3440 4428 839191
949 2235 284974
4063 3995 899550
2004 3598 207695
3181 995 485231
3418 1287 632922
4336 4126 298429
2196 3208 14598
2188 641 601412
4392 3767 640524
1562 4763 161526
4409 3253 662340
1729 1453 551081
2155 4432 368757
2769 3803 1063
989 1901 795948
2952 3264 445240
282 4044 348700
3698 1431 325557
4018 114 360812
3836 2505 837053
719 235 723227
296 2825 463559
1308 3449 583199
1970 3923 872965
2929 527 370371
482 547 787173
3219 4420 427055
3450 3229 483481
4059 3441 476285
1379 863 974387
4609 1687 942763
1363 553 809704
1590 731 907158
3797 3081 995400
3231 1577 792495
4469 3806 991178
4268 1127 375322
4220 634 351014
395 361 181380
2841 3648 802506
3932 631 297364
3466 3206 21719
4575 1298 720704
1594 2140 609381
1855 2691 630459
3955 4007 934060
4084 3500 359557
2687 3698 736444
491 1925 678443
2883 1873 40447
2201 4621 220183
2722 2208 350942
3202 2776 90
1947 1332 592208
4415 4188 258400
3542 1076 175228
2480 970 401993
4454 4668 528911
3778 3083 298443
2079 3444 864488
3227 501 594566
4301 1453 209302
3933 1310 145890
4104 3746 192655
4389 4347 829664
3891 4593 723290
3352 3921 501086
4562 279 738087
499 392 212701
1766 3742 266321
1188 4222 582298
763 3259 744835
2505 371 383448
3960 1897 930849
296 3065 442930
2889 2086 814350
1996 3966 807495
3885 1156 695838
1594 2984 162407
3611 3095 83019
4186 4210 705108
4696 1032 597722
1109 1510 487909
3160 1934 891608
3962 442 889571
2223 1998 475853
4055 2957 147865
952 4401 388622
2256 1341 133521
4581 4206 717892
4008 125 128304
1281 2489 632405
1691 4498 439946
2227 1947 795206
1427 4018 453027
3775 1358 92127
3066 1272 700938
1889 4222 336251
1079 2089 394075
4180 3090 667470
2863 18 803721
155 3646 263189
3681 4219 792283
802 3619 386646
3306 4054 994900
3934 434 674385
2326 4244 322179
2574 3060 10667
95 4282 504604
1655 596 686886
458 153 11191
2554 2228 369100
2346 2617 667787
4076 943 536862
1356 181 642902
2764 3443 988768
971 3597 605284
2378 4304 52647
943 655 244780
3406 3082 622846
3872 4743 414947
2702 2054 597520
785 3527 121984
3318 2308 537290
1733 2187 657545
4024 2579 171629
2467 4407 951089
2129 1710 901629
2170 1589 580078
608 4193 166531
657 784 526288
2353 1307 763922
1720 4163 728271
1677 2760 705380
4160 2463 652284
1006 2690 37129
1495 2684 1267
2663 3653 797532
1704 1168 828907
4518 547 900929
4116 4737 573305
2792 3075 239087
4413 1254 229599
524 3498 704529
469 2112 890810
918 1687 195831
4161 3109 967354
1726 1043 421682
3665 853 431637
3775 2594 115616
1369 3557 729502
515 83 474822
3603 4661 505632
3453 1802 345263
2924 3072 424963
2675 264 226005
4259 3492 904709
1519 3494 233466
3912 2811 893728
433 2630 107600
2964 3187 101138
4418 2852 519087
7 2053 722904
403 1880 204960
3104 1161 466837
4152 2082 917806
3854 2676 627772
2398 1731 5564
4182 447 483459
2664 4133 835630
2318 2387 88923
3771 1890 253780
4162 3067 456605
2202 4372 216644
1553 3648 861002
4318 723 351110
4278 1318 745221
1714 378 867854
3735 1871 825254
1189 4395 91817
249 4100 765659
3936 666 915017
1518 1189 448612
824 3263 715730
183 4046 47898
749 791 704133
3801 1481 914955
3918 604 343493
3048 894 515731
3288 3441 129139
2065 88 498604
2849 3609 174749
2709 2778 115252
1580 4423 30792
1234 1603 981940
3608 1464 688366
307 3810 568161
1467 3394 627153
1833 1455 413597
4147 4329 793660
728 3551 743302
893 1461 263421
2227 2046 290010
550 279 191741
1347 2513 713115
2010 4440 628579
3096 4183 901547
4271 1381 720959
47 671 300485
4780 616 978850
1382 3477 991858
2934 4470 583192
4094 4459 144088
3578 2139 20203
607 4611 496761
1927 3687 34295
2928 4749 706943
889 3287 127992
2014 4663 526783
4419 1023 495814
2747 643 273298
985 2096 351850
4693 3578 253709
1737 2174 444090
3535 2583 807787
2069 3659 967042
3596 600 579140
4107 4261 145671
849 4504 258038
44 425 183797
1098 2512 8920
116 691 917437
4032 1239 845748
817 2141 13705
4648 732 362507
1940 1349 336704
822 2286 197208
1080 4120 23493
344 2950 15928
187 227 287590
168 3031 707691
3672 3712 912927
2597 687 831566
3223 2580 677281
1654 850 293920
296 2794 604514
1449 3424 205244
2782 3681 766252
723 62 737690
538 3851 586324
1108 861 341009
1581 940 113038
4424 4555 525436
423 4457 48754
317 2956 954213
2943 2981 779265
3676 785 809654
1728 1696 711469
906 2032 929235
2657 3570 249205
4116 1912 514303
798 3877 335287
1265 2636 703194
1088 1107 990078
4207 1786 978828
3103 1609 407534
4545 1561 713873
3485 3605 666495
4322 3636 452832
3735 3042 940127
1718 3857 319556
795 1215 789607
150 1495 323286
2039 74 723930
649 1014 513292
3104 4333 600951
288 1126 964177
3730 885 884957
4062 1002 523616
2503 1071 2615
823 2105 36760
4341 87 470427
3197 843 935898
564 2 486004
4310 3746 340097
4721 1326 857628
1726 1821 287804
2086 2335 196554
876 2058 700410
3189 2868 690788
4643 2652 147040
3929 4005 908864
3099 1065 559689
2669 4324 18173
1902 1588 714476
2464 3617 994239
1371 3585 850161
4052 2239 498053
1187 2059 295823
2001 3720 581458
2615 4493 274358
454 1217 805536
4512 3420 561639
2215 2456 537828
3843 3724 569459
221 1924 21538
2226 2112 129524
4482 3100 766674
420 4102 773103
4701 1338 261683
3653 717 616752
3312 3717 870165
1226 1341 134230
3622 2810 266096
4700 289 421756
1114 4156 231578
3026 4781 471078
513 4096 851671
4732 3947 15201
3327 4362 16153
2789 4323 948113
389 2272 754369
3040 4725 360438
179 1840 666500
2209 113 500385
1225 2486 444627
3945 4376 759169
180 507 3049
110 4787 906414
3530 605 876175
71 4153 8065
1990 619 885065
2338 3577 968855
2584 839 274649
2924 2877 418457
4216 375 681222
3097 2988 31640
2407 342 930969
2665 3523 42752
3482 4411 341205
1131 1923 951579
2122 3183 745011
1283 32 569200
779 1383 682444
4087 3660 59116
1970 2924 874108
1465 2612 644782
2826 682 825405
391 1368 835502
3871 1552 478798
1158 1407 284008
714 1811 154598
3230 4682 804455
1985 2906 629007
286 2741 216050
3081 1973 797953
449 1249 612430
4061 628 602782
60 967 272507
10 1403 289190
1747 308 313226
647 1946 314224
1562 2443 700357
1777 4396 408134
416 4267 657377
2338 2649 475486
2446 1230 862133
1559 340 133055
3160 1377 334390
2558 4494 946589
2660 1483 731455
2365 3781 358748
10 1253 43874
4585 1186 871807
2742 2485 456793
879 4789 567984
544 853 687270
353 1067 327784
1422 3814 615203
3886 4582 527630
3590 939 251529
1712 1312 636297
4108 4050 53201
3475 3530 171807
4439 919 439083
1701 4140 460120
4253 3566 448169
4798 2088 635149
3551 134 125503
2454 4429 410505
4282 3191 888083
4467 28 925704
771 3553 37644
4682 4666 46607
2061 2834 230737
1602 1527 497412
2008 3861 715986
2898 906 631464
1329 4279 284399
51 240 460340
1954 395 249230
2161 3729 785657
4629 1896 146168
623 4416 788904
3289 1443 732327
3395 2405 913706
2450 918 290451
1841 1156 590125
2923 1921 415301
2816 763 253743
2002 387 447679
153 2815 186990
2852 3234 948445
3810 1029 349744
3794 674 988943
2227 1980 419794
4005 1494 60012
2679 1393 751457
3249 2259 392837
1424 4752 658843
2573 4208 508005
1837 1632 55781
2301 4524 835242
1189 1157 145063
2950 2054 300464
1997 687 761683
4681 1863 276410
2305 689 457744
1534 681 842729
1142 4319 130919
1720 112 616252
3778 3451 204381
2651 2626 893939
4011 2909 697024
488 3683 747502
355 2832 212781
3640 3532 512123
3228 218 537898
3277 2560 33510
2842 3369 83055
2585 2771 397750
4525 2782 389166
4750 1715 516785
2937 3939 637609
2095 3096 879323
4766 2670 844773
21 2885 622040
2589 2139 6268
3091 954 434490
4700 1806 417939
744 4391 679396
2091 4371 68747
4397 4526 291308
4257 3576 420346
2600 122 549461
3421 3933 193794
1670 1442 339927
4260 3787 272612
930 3314 193276
3180 158 220043
2803 1292 554204
1846 1970 11426
4014 4253 886929
3374 2902 416082
3638 3532 59225
1474 3796 598462
2523 3797 869731
3275 1786 315423
3797 2896 45397
73 1396 72297
4169 891 270057
602 3263 301652
1972 3011 4199
2411 3374 182417
4574 4432 614491
884 4183 733876
3569 3860 778299
1318 3173 351173
2448 3128 559827
3584 2173 92013
3567 4719 163808
4745 1206 194975
1902 3082 738573
4619 2202 676840
2396 4458 949170
4412 831 465624
4230 725 904792
2040 1865 597230
2552 2592 498215
2666 2649 442235
125 2560 417084
1318 2223 881045
4599 2839 294307
3366 1250 243964
2931 202 602936
4682 2258 131736
2993 3987 953201
1667 453 761325
3276 3350 419998
3707 2288 489794
1865 1606 637668
880 3193 999924
4473 1693 88294
1499 2443 697770
4424 488 947762
3446 1476 963197
12 3399 151685
2431 3514 818605
330 1887 695588
3758 50 592706
4235 2330 581974
2875 200 783323
4521 3431 651609
357 1950 467277
4749 1665 321625
864 4096 232977
848 4221 938927
4264 3172 727457
3602 2840 59006
2671 2419 365662
2397 4642 357205
2998 2947 8092
966 293 256575
2133 1309 545221
1272 2993 955033
2617 3177 37872
4805 1441 129516
1971 3006 837701
1236 667 378629
3601 1059 503532
1248 3949 60592
1011 1539 149787
2369 4041 311695
1701 1778 701188
3833 4360 577797
2519 2406 2869
2772 1843 141038
2204 3990 587015
921 266 454494
2549 366 651131
141 1556 923684
2354 911 289085
351 3940 447026
116 1639 847054
343 3109 598254
2970 2024 8836
618 4030 7270
3132 2336 85912
419 3393 857897
3009 2814 308494
1448 4009 634260
2479 832 43667
3671 664 948767
1869 830 655581
3006 4091 678658
964 283 432618
2566 4435 602749
3699 1101 678431
1533 3917 498078
2712 1772 970392
585 1269 30712
2131 1725 518542
819 3180 772126
936 2023 118610
3605 1963 230334
436 97 42933
3915 26 167758
3107 3570 57331
3143 3844 433424
3292 4674 976170
1434 530 940725
3693 192 71378
4550 86 348980
3262 2339 305124
1894 2137 434729
1711 75 679861
1845 2233 285513
3296 1715 231979
652 1956 145304
3812 2521 872520
509 682 436100
4179 14 327891
2457 2598 811629
144 214 190470
2438 3005 139314
4296 1373 379900
1719 1145 99898
4496 3304 687093
1946 1436 249682
1897 3705 26520
4345 4360 996312
198 4782 389044
1367 819 382785
4307 2456 145221
1758 4339 944412
4098 3801 657540
4193 3678 168883
2490 3580 427530
4470 1745 901292
1981 1339 313518
4093 189 494297
397 1629 108230
2211 2609 147493
4523 4180 417736
3620 3162 7229
483 2346 775028
3912 2763 526761
2843 1103 55961
3546 1009 614197
781 4129 997716
1360 399 178328
3092 2741 556080
2167 2002 48778
3061 4590 59877
1748 770 624822
1662 1666 133797
3742 4386 964110
1465 1944 723695
4574 4373 529756
3393 2130 807742
1667 3548 976193
2749 2540 234424
3571 407 603601
25 3929 334144
2476 3795 100765
2723 4126 695070
3564 4730 995754
2196 2870 124671
1318 1017 649556
1657 4127 394217
308 142 477151
2260 3633 335957
799 3811 177803
4669 1170 426024
3100 4353 342907
2069 3832 128647
2870 1222 518283
1353 3573 359864
4781 2099 570911
2391 2682 489796
235 2395 337711
1779 3053 755265
1973 2525 914280
3360 2642 680079
652 1496 191467
1183 836 443284
2069 565 661562
812 3014 94767
1123 227 660358
3144 2689 953151
3119 2429 205936
3540 4647 438115
2200 599 390632
2881 2830 731564
160 11 336895
4004 4148 642746
1936 3525 69884
2163 90 252850
1533 2653 170888
4587 1080 72783
1364 2742 456389
424 3634 562809
4562 1712 421181
288 289 311640
712 1977 865299
1933 2710 713810
2329 3869 777905
4426 1591 907208
4756 2615 123744
1886 2886 261922
593 1769 210816
3313 4564 4894
1651 2064 870171
2049 2821 976463
1336 4589 379779
4130 3174 84407
3744 4485 893327
238 2779 275521
2052 3619 28362
3530 2695 309960
3642 814 524327
2439 4508 48036
2435 3963 760308
176 1915 25605
646 1167 961425
4115 1024 202703
1317 754 150167
4016 3701 681010
769 670 633619
744 4746 831922
4506 514 161753
691 1454 929223
1565 198 359380
158 1113 161381
1444 1518 446012
4314 3099 216964
684 3334 420204
2106 1307 843649
4462 2464 400626
2021 953 571157
3847 2923 976237
1991 3021 289392
4095 947 881387
4533 3113 654508
1084 2997 449091
2146 1523 830604
1361 1989 409132
4361 3319 173462
283 1719 312174
525 4091 210444
1771 425 204679
715 4471 585332
3381 1422 873158
497 1264 815763
2245 2563 318171
1459 3320 694155
3218 3736 682692
4346 3739 895789
3105 3212 164885
1012 2647 484572
1629 4121 645260
3425 1971 876172
681 371 74088
852 948 350181
2568 2596 474121
68 1608 45187
702 4126 247431
862 1584 860670
1780 3450 490528
107 3401 362949
3464 4805 182554
88 4468 700742
4380 4727 925981
3610 1983 403089
2731 2751 505968
430 2730 539181
1070 4249 824162
4357 1868 626889
3071 588 660844
3341 3196 622433
3754 258 390181
4620 2509 775565
2014 305 396416
545 2128 766515
4232 2614 565251
47 4384 597880
1244 4549 54608
1517 2675 508958
2184 2400 278035
4162 3922 724835
2403 2530 471203
1742 329 943575
2508 2044 547175
339 4242 638432
1311 3148 563140
1630 3871 423312
3340 3052 790144
1519 4576 886947
3414 3947 297936
3921 2271 581623
253 4340 314371
2968 4657 549123
1490 4425 444182
3459 2144 642515
3364 3294 832367
3437 898 157475
1134 273 11579
2675 2549 874386
4461 2738 349976
4687 2736 145431
2393 4067 721183
2344 103 129521
242 2337 938061
1389 1675 987521
804 4110 690588
3387 3557 315168
2097 1308 192944
4109 1509 424495
2622 4723 817045
3709 4556 620031
3163 4262 978537
2396 3159 754416
1480 3487 362962
1702 4019 501885
756 2920 666762
3751 2101 82133
2669 74 666097
4315 3218 758888
3479 4127 44132
1444 1084 171140
2804 125 564583
3035 2123 5215
756 2360 20905
1597 2174 510955
2528 1751 870941
131 3606 305124
2476 705 260017
3807 548 755320
1958 1484 642642
1408 288 101050
3159 789 180525
197 104 515399
2076 4611 157523
3547 1573 187852
317 186 914609
3279 1153 973069
2929 3436 26091
4358 1359 20076
2167 1105 568553
3990 3678 408545
3346 2015 785434
4059 1411 64228
887 2979 553318
274 3656 43216
2695 3423 402808
2006 3357 549602
2269 3806 793703
2479 3115 712030
1808 4101 335415
2449 381 161778
2517 2063 862509
2611 4141 412684
1643 101 925431
1427 1832 125087
222 1557 427678
4122 3606 245093
498 3009 690023
270 409 318087
2868 3155 712819
1385 1879 742750
3803 3718 541258
2793 1726 651989
3148 4274 605283
431 500 6667
2818 1642 128252
4236 4644 290690
2422 202 950656
2459 289 540803
4797 4760 828212
1319 2653 988430
3326 2462 786436
1191 4618 385588
4689 875 393376
1659 4184 456085
4205 505 810405
2731 115 301822
1276 1598 20736
3453 2646 97693
1768 4031 215833
3930 385 778256
4397 4620 92243
3733 2861 509362
4048 2996 671666
2055 3857 258091
294 3665 626886
4662 4455 454840
1406 1732 833689
3009 2991 428185
4649 489 754070
4726 2714 624898
2484 1207 304987
1469 3987 751868
4237 3102 467993
3641 2947 798864
513 814 788378
1836 3922 504551
2946 693 763411
1798 578 216048
1771 1767 482654
1177 2106 843852
2971 1117 129135
4621 256 627005
142 392 400812
316 2401 3300
3706 1813 929482
3033 3808 162472
1101 328 969999
582 129 642810
3323 946 595930
3627 3589 173165
2294 1088 111434
3529 4567 575746
1736 2041 780418
1453 3133 528349
1216 1865 352108
1307 4350 113888
2084 1534 766184
825 1408 917140
1730 4509 233959
1690 1644 440810
3638 3680 204151
2743 4624 59392
3272 134 694721
1283 1586 567914
1972 3939 144236
3142 4455 995668
4010 172 5225
3406 78 57570
169 4146 678228
3798 2357 198299
4227 204 604543
3228 3537 689661
3936 2178 978222
753 609 304794
240 4019 174135
3907 3949 424253
790 3082 218398
3726 1676 385385
4236 1774 852258
4376 4337 941498
404 1618 620593
729 1567 299997
5 795 526567
2321 3574 348112
711 3600 171297
269 606 89576
451 1281 763064
2137 2342 350881
1639 4533 340155
3127 2699 398597
3251 2205 965100
3491 716 659717
2264 910 643049
4400 1815 903441
1825 1589 799546
4755 4343 284286
86 3038 896056
2780 255 125990
3767 965 726150
3561 2078 951212
1248 1227 643156
368 1438 754114
4326 3150 380593
4226 2945 435691
412 3244 194321
1012 1212 283037
57 175 645852
2972 3507 590115
2744 2926 308305
1081 4328 847082
3412 3864 490749
534 4152 215206
2966 93 121041
806 1571 976106
998 4212 156306
524 4561 514959
936 1370 953194
2300 1057 915932
2265 3965 779814
2569 3785 296550
3554 3165 623731
2381 3593 703765
3789 1378 467849
585 4232 113654
3629 3426 606900
4625 1188 961428
2745 3802 736790
3773 2663 523035
2878 3385 808287
320 3224 125671
3395 1785 519049
119 2355 678090
4384 2548 872052
1678 1798 886685
1344 1403 426
145 1690 169020
2827 2717 815889
1956 2755 608728
2063 2767 782901
4736 2674 641753
3841 4750 590398
1066 1093 634231
856 2953 874779
2093 2423 887530
269 4742 586164
2500 3274 538162
580 1371 490524
4036 1922 709131
436 600 107425
3446 1337 708314
2504 1117 682610
2284 2411 292254
729 1058 76948
2402 4122 972147
4361 3390 601110
1621 977 531800
386 415 748410
3400 4220 122669
4463 2286 965542
1294 4271 617635
4580 1812 501644
127 1106 817468
3428 4529 288020
4074 2377 665718
2312 598 690315
4641 1088 451884
1564 1768 940212
504 1856 423043
828 881 193622
1419 1160 972574
4716 2511 968904
2491 42 283046
1428 611 190870
325 3892 358044
3281 3094 555601
1130 162 264481
1001 1877 221296
2229 2987 883630
3961 3055 305141
3870 3134 391815
1455 735 591534
3093 4092 128830
846 3625 532554
2880 4597 521937
2400 4169 133556
4134 3756 513838
4703 4320 696371
705 913 628399
4465 2377 314284
2552 3535 584207
4759 3413 653926
1926 3906 105027
474 4186 689993
3350 1230 896191
3317 4485 16961
3443 1013 568194
1121 332 624276
374 2990 783707
1315 1810 552198
1123 1516 353974
1976 2424 453724
758 3696 666745
2344 1682 545330
930 4788 822845
2307 951 850851
4286 886 611119
208 1390 953640
678 1541 721520
4060 4688 702678
4302 3576 325811
4248 4192 13431
2031 2963 889730
4478 1187 791257
268 1291 446136
1231 2810 266993
2935 2477 25399
684 4370 585634
1038 1051 620332
4048 3693 487872
3476 1834 761213
1165 2029 637198
4558 3354 764054
4201 2125 67489
518 3128 443002
1553 3299 872397
651 4564 825350
3504 1829 864905
4089 103 843524
4627 3661 99570
70 586 403970
4078 3377 512728
3862 844 10964
12 2739 230930
2411 1549 931579
2862 4126 926959
1174 1809 678973
2818 2005 368749
3871 2991 280508
3524 4190 805692
4520 865 857154
4200 2034 863843
1180 4344 137344
1550 2501 297146
781 3125 961194
4386 2061 211710
4356 3455 186927
3481 2778 753494
2210 2813 501501
2960 327 105492
1705 4228 623970
46 2770 473239
1563 313 633981
4257 3403 257720
3815 2739 848528
512 1234 833718
4614 1149 270566
1159 1637 325244
1610 1168 104867
2103 4512 895498
3714 1289 409220
2094 2110 583670
1960 143 562297
2205 443 289123
3465 116 33311
1874 3893 344148
2412 3912 599609
2840 3600 650918
1252 3978 442606
4739 2389 643643
2578 841 436004
2594 2901 363931
2464 3520 819493
4086 2444 591687
152 1046 915832
514 3278 598189
135 3004 378109
1846 2649 936474
4700 2250 787384
4785 4142 596520
2304 330 369663
2181 3891 799805
1619 3879 476222
4790 1775 225603
1976 4446 963751
4743 1984 685281
80 3001 850851
4394 3461 934029
2616 3208 213398
3186 1176 539645
2613 4378 839545
1458 2428 642358
3043 426 567396
3203 3879 176865
3428 4734 306653
226 2740 99523
2737 4163 94282
2869 265 788266
806 627 250827
4331 652 873954
1326 4009 175428
1268 2358 183152
2992 1975 86167
1794 2073 785718
4521 2859 322799
2243 3609 1175
373 3041 194469
1069 3730 892110
2919 2994 764255
11 2842 673553
3618 3642 562485
1638 838 625945
3355 4238 293453
1061 3901 376328
3722 1550 289181
493 1134 443503
93 787 727539
3062 14 875390
2773 2974 706524
2708 588 15392
654 1607 400657
2240 902 225821
953 1590 306515
2525 3562 443692
1047 1817 807300
1551 4387 312962
3176 1840 262592
2889 3499 687429
2927 4604 430257
3321 2452 698547
4070 3459 216563
3656 2916 718755
2725 3145 87117
1077 1317 857045
571 3813 158825
295 3115 630677
2945 2461 19466
2045 2600 647369
274 1120 684404
2033 4634 140254
3207 1058 644269
530 2991 938171
875 224 751817
1646 3018 313991
4597 4053 63352
1617 663 835440
287 569 980184
4404 136 990257
4312 241 315044
2702 4598 915009
1220 2302 187443
3308 2667 599088
3985 2560 345271
1615 3528 836542
1683 624 425894
4229 4786 735107
2595 1453 36535
619 520 431224
2172 3895 759456
1343 4037 754489
4697 3012 825617
1183 4234 323362
4623 4619 421540
1451 498 770986
1803 986 680491
859 1893 425869
1784 1426 690340
1228 4692 922838
166 2516 174307
2394 3953 504995
709 4250 465693
602 4006 939735
2787 1372 584995
1844 1800 752863
1706 2806 512419
1510 4181 895503
782 4448 502123
2048 4395 368360
2055 292 428956
3575 4762 9144
3405 2882 649075
233 1584 515233
3460 4318 815143
2694 3441 97587
2740 4718 895709
2785 3064 947419
976 3889 85486
671 76 101023
4747 3082 288748
1273 2587 173098
3541 4743 728053
4263 4481 474072
1870 696 3145
181 4528 557373
4283 2374 246283
3168 3357 215831
4678 1931 868690
752 2959 675969
3405 398 647264
1515 1425 9125
2320 1589 455561
2681 36 115868
476 4122 48096
265 4365 612073
2932 2320 42426
3875 3604 989691
4285 1564 120423
2467 3616 798874
4128 3518 874791
4168 4175 878665
1480 3166 267150
4103 1471 652429
223 1496 283839
3667 1802 997226
3025 3080 783467
2291 4563 951504
1614 2810 588201
2186 3883 185212
1022 1838 617528
260 1445 544583
1027 4677 704020
1152 1485 748413
3643 1954 548684
572 3711 209318
1791 2295 834795
2363 2633 283851
1596 4440 399806
2541 4786 730330
4706 158 12517
3700 3201 218835
3888 4251 829234
2563 1872 623762
3240 1211 896787
989 3999 22733
2496 4078 947122
2095 3761 191833
4543 4114 608529
1520 4286 53891
1268 1334 673241
2235 2432 990264
195 3219 942756
1658 3050 921547
1699 1673 310515
1267 4228 407930
1616 1243 984124
401 1528 583659
506 4066 213891
1034 700 439429
1799 619 915196
67 259 890797
2866 4452 825425
614 2108 29195
3108 1308 845737
2268 2974 793605
760 425 335776
3511 515 847076
603 1551 999188
2619 2516 746658
3304 424 72573
2354 4200 812746
1699 432 960775
249 3728 148737
1170 152 139633
2123 2801 990721
3024 1794 99827
3091 4385 273218
642 674 976680
1015 6 475179
3297 607 726659
4469 749 656452
563 3184 489949
3705 2876 493100
2878 2626 477738
1082 4270 567779
1393 693 674433
2403 278 957641
4728 3993 463556
1793 111 629729
757 3823 808315
296 3348 486016
3344 2829 160937
171 2102 848937
361 2410 635173
1357 774 326765
2942 3235 750359
2872 2510 486329
2047 2796 877068
2488 827 553759
3763 1761 372081
3864 2343 115474
421 2469 855329
983 4247 647914
142 4017 78828
2715 3279 375279
467 1581 206941
3331 2154 663340
3409 437 684580
1685 142 142236
2203 2180 83189
3942 3493 746901
3976 4040 652165
829 1085 597548
2618 1873 996639
177 4268 506124
3898 1576 466321
2154 4347 393607
888 3536 645320
879 761 242960
3151 1462 113797
4102 2282 820266
1576 2111 557929
1998 1420 22504
2472 331 398585
3879 3722 865110
2635 4047 726531
965 4021 820920
3851 4115 478156
718 1284 332488
1814 4286 406980
4670 4136 102182
1505 605 933648
2555 1820 595805
4076 3339 894516
3556 1148 144469
309 2740 940887
2774 2053 243669
1200 3087 140291
1223 1207 187918
3772 1986 998152
2502 1183 813735
3287 2851 620
3117 2643 901059
2989 3953 430027
1634 2065 819605
763 440 524614
4468 673 805326
2939 4255 611252
2086 2289 101776
2404 952 158361
4352 2230 552753
782 4428 519524
2444 4048 26525
3852 4591 728188
4566 1720 569218
3363 2145 730834
2774 3538 505996
2891 4807 282963
2770 997 814035
549 3633 814763
2177 3364 182782
1688 3266 529447
2463 215 888828
323 1423 371007
2100 4348 550459
573 559 649405
3991 2976 340316
1447 2735 612353
4154 4705 582093
2673 1761 908842
4026 4160 18575
2472 549 375398
4763 701 493839
3308 2152 937674
2835 860 709483
1627 1786 468118
2066 3916 204453
696 4223 309564
181 4300 757109
324 4461 341696
741 2908 889467
810 4199 875755
4716 3738 578591
3 3968 21433
877 1563 869770
1867 2263 792603
2211 3853 849759
938 826 729972
3983 471 42078
1882 2211 900153
3324 3267 543540
2017 3544 303965
3237 189 48708
4129 3970 194695
3149 324 213119
3760 3888 369839
4652 2823 801931
3285 3822 240314
3365 872 673307
3839 3837 603378
2415 754 106441
1228 3863 492080
4673 2885 187559
3709 1257 768837
3825 1028 134282
4225 1458 586059
1010 232 503292
4808 2332 808054
4250 3003 162763
2334 1204 370078
2812 2685 141005
1829 2226 593021
1561 1030 56970
2368 198 30923
1776 4723 691156
3221 869 619072
3918 3997 104481
193 2158 996922
1223 2543 127609
696 1111 164380
768 4049 400835
2086 4764 273513
2933 1692 90068
4594 312 616375
3614 2544 365583
2111 4327 857339
1801 60 56846
352 1343 296072
2426 4540 228258
1492 1623 275155
663 3984 525786
3425 4150 941369
459 4378 849359
1848 2965 406035
4272 3669 562963
3938 1599 388718
3543 1354 295603
1869 2795 626748
143 16 313504
376 4622 29612
3475 4187 497277
2656 4736 83186
4633 2062 359341
1907 3503 975084
3225 2740 944937
698 2189 297602
3542 2081 306229
2493 2367 583504
4220 3569 413648
614 3296 935383
4750 2995 209549
4536 2392 780639
680 1051 44257
4754 269 554732
523 1332 173537
4129 2558 504690
4120 751 578768
939 4388 526040
13 1511 868293
153 3392 496647
2916 38 742893
4051 173 724585
3808 151 363167
2918 950 995909
2734 35 105477
4659 3509 676066
1965 299 619446
3227 2786 41764
337 1907 706521
1241 3887 758803
956 3786 880608
3107 2121 36097
3626 4585 729583
4533 372 819071
2113 3662 645180
3908 3292 674293
748 490 949056
586 1149 24370
4225 2077 801227
4137 4574 355317
4131 1278 416359
581 3801 342159
2037 2313 981363
1112 27 186139
3239 957 547077
835 2536 525301
4069 1725 718252
117 1141 748048
761 3447 556396
96 3118 308651
310 2109 99123
4678 1242 325717
2677 4777 49746
2129 584 332621
2440 3784 568905
3225 3284 175572
2297 2303 583950
2461 4038 884907
754 4332 209332
4802 762 895231
1826 415 325708
3351 2599 864181
4590 4276 926324
687 4155 817027
2664 2239 655150
3668 4760 56526
2232 3977 747951
2932 1409 345736
3069 2905 842649
4368 4738 869372
2178 1583 910971
2147 587 974359
1346 27 693585
1020 3883 949642
1005 2729 588533
1511 1138 289027
4711 778 109104
4391 3876 100897
328 2116 268533
1415 1260 497383
4050 579 689832
1603 660 249254
2207 1882 891085
2817 2988 752683
1098 1197 456520
4060 4013 24473
430 3409 71806
658 1160 127655
867 3979 644242
1882 1624 316196
4338 2156 557575
3242 780 788835
2277 179 274351
873 4653 344924
1833 2640 170221
4720 3112 676143
2908 642 947706
632 1004 494127
2647 2244 666336
1385 925 448200
959 4653 462583
4808 864 756114
3245 4132 645048
3458 2705 5724
299 422 932731
3868 1470 833690
3958 2874 787877
1623 2999 603755
3573 3762 26961
3651 3269 197261
1750 2965 861967
452 2556 831581
1037 3732 571580
4321 3661 653113
193 3378 907067
3322 1334 289109
3029 4792 468870
1964 4462 185524
2921 510 74535
1244 1566 205150
1979 519 541379
4195 1506 774285
4620 2865 560993
3254 2085 510979
1626 701 134632
3373 3818 404736
2370 1951 273693
988 905 682966
1920 2390 353668
4672 2120 523359
4669 3330 889908
2922 1574 557518
4336 1992 194611
4359 213 796706
2065 19 223558
2583 3430 865845
4290 845 223257
4335 2016 984222
2854 2512 133701
4628 2532 871262
972 1346 558893
1455 4605 660182
4387 1982 807289
577 3380 826308
2532 673 678533
874 1264 806469
1418 4450 924830
4726 734 146118
1063 1267 231331
1637 2081 141869
472 4708 466951
3044 1363 506119
2016 2848 590456
4477 1169 4055
3379 2971 251230
2266 3414 778479
157 2070 600592
2154 2802 696865
2107 1237 1765
4602 2523 444295
2361 4531 191751
4260 3769 328221
1327 945 477561
4516 1595 771112
3428 3359 768908
923 2754 570539
3624 2043 85214
1349 2255 808515
3429 1445 971378
2844 931 426102
987 2245 18525
767 3740 420394
3295 842 668880
4057 1724 740366
2570 485 723569
576 4562 142036
92 4057 639620
3089 3731 798578
4177 2567 902798
935 174 739486
2381 4442 187205
765 781 149097
1910 2308 507642
644 2488 632171
242 301 974174
1594 1301 457817
4337 1773 451556
1299 479 344353
4061 2466 581404
2030 2971 352714
2237 3927 262424
1797 3791 705271
638 614 562801
542 4645 532747
1831 128 797064
1078 2398 136707
4246 2588 654955
2545 152 338528
3138 815 61729
3073 4290 752751
2241 2532 576158
215 1175 972263
770 1703 432941
2192 2705 332896
3189 3462 846772
1663 2505 316063
2866 3438 173542
1478 3175 622870
100 4178 639724
1479 360 541193
1507 3959 275036
2703 2113 939795
3707 621 579557
4051 2164 246273
3909 3410 144737
1824 2258 259108
4064 3520 438804
2345 1733 464787
2134 2221 81920
4311 3240 247902
465 2571 658089
1043 3186 316812
1992 3168 26158
2056 2724 91203
3130 2127 223931
4467 4213 210657
58 3370 933360
2617 2973 838253
2791 2690 595121
1136 1053 804992
3533 3045 556895
4056 623 485012
2275 2912 730840
2016 1633 634509
1415 340 728881
3735 535 261109
4231 4540 788925
2103 455 46558
4774 2380 567746
2311 3578 641879
4023 2313 552674
978 1913 186075
3300 4662 135999
2433 3792 507347
2601 754 899682
3955 2683 461212
3175 1857 642439
3573 740 842407
3468 3371 735213
4369 2310 668542
2867 2586 433782
3093 2362 184550
695 610 533609
3253 4806 173416
2188 3568 98642
2762 4449 1309
2341 29 428948
809 3034 354657
1402 4573 208077
3752 3153 373738
3232 2390 470330
4349 1378 710593
1741 2836 725528
4267 542 445539
3700 4778 556495
1277 943 689136
1494 444 376474
3981 270 560410
1003 4586 238137
3840 4295 545980
2087 752 923300
3195 3773 663089
4500 1913 97156
914 1882 754297
4107 1456 936389
2215 3020 270215
4339 2506 704159
1353 4501 171203
2007 1461 707020
2982 1125 111466
2621 3224 979782
1452 2234 49911
1504 907 88397
191 3936 506282
1331 4433 240184
98 182 704517
1851 3904 894632
3316 4727 573424
1271 2644 447736
2490 2252 793870
1687 3364 555445
3853 17 788456
4301 3647 606728
2955 1921 412950
1709 4051 914157
3816 652 697132
3675 4483 642231
1234 3974 924278
1466 209 150825
3824 61 431843
48 1261 20660
3827 1580 13037
1883 1681 300251
2176 850 803754
686 945 246938
1430 987 736150
3952 3404 603403
1849 1975 721367
4522 490 136007
1543 898 620761
833 2691 659041
1256 4377 952314
2529 1874 185010
2696 1945 976955
3396 305 471089
3401 2527 481723
4468 3988 981368
3138 261 751592
3882 3900 777382
2983 1857 808303
3032 346 930059
4391 4809 793002
2804 3140 794565
3902 4667 865444
2212 1560 291130
2646 3905 410313
2925 782 280021
194 4298 962322
243 116 519014
3599 1593 693342
3757 993 835887
1055 1482 930390
2855 383 204309
2686 2830 101980
3897 2035 315241
20 1636 474226
2550 2763 948875
290 2173 625413
629 713 908656
2162 3612 746588
4483 2520 342525
297 3698 373841
4445 2980 437545
308 1790 607277
760 777 362351
1763 905 556948
2159 1422 633951
763 427 371636
3550 3312 653988
2881 1163 657285
245 2524 473075
2190 350 824951
2315 3010 560688
3039 2468 22197
1204 4437 92455
15 2792 795828
4811 2108 752546
3046 2941 256498
3623 3969 900544
1768 2827 245191
766 4031 301081
4217 639 157282
840 4569 590705
4490 1438 639340
3564 3019 480817
3243 922 661541
3325 2733 195513
3037 3253 778046
3192 4288 10138
3650 3572 143590
4243 4616 204757
2515 4391 976386
511 3039 160608
2797 2777 521391
1783 610 133827
2455 454 127542
1920 4514 977804
1321 482 475786
4359 4383 77107
2815 1914 932658
4354 4145 403258
2365 2427 501486
3911 3044 460825
3396 3664 141022
85 1669 535814
4525 2473 947094
685 4284 87640
2526 112 878646
1333 972 438921
3032 1602 108967
1859 487 707801
1394 1953 402793
2213 4520 225003
4245 3633 823333
4176 2157 427244
4328 4375 276434
901 4102 842126
1388 3950 883609
4456 2435 512481
1358 3283 865753
4102 2494 874046
534 2949 561275
1392 4237 115717
349 968 951791
3829 4209 538346
1544 1334 78179
2293 2654 867059
3727 3949 346009
3079 2024 534903
2871 2704 991231
2659 193 965628
1044 1805 186313
4246 1288 924580
617 3687 671795
1788 1613 676763
4482 3126 284397
3301 62 776846
3856 1659 738785
3156 2301 475716
4001 1730 61107
205 4317 844948
4433 2904 628440
3689 2474 96356
1398 4211 209325
3690 3362 616138
3429 2216 245274
3708 2842 658834
1264 1698 460096
878 858 472014
3674 4175 766997
267 4166 210259
1930 4264 814431
4691 4475 381117
1045 2063 270856
2460 1915 411337
1348 2635 653655
3323 2890 157736
2860 850 121105
3955 928 909382
2628 3070 661957
2092 981 849521
3819 4544 768318
3946 4463 300629
2982 2668 299474
4376 2135 21173
4087 1716 663745
4488 1352 507990
4488 3437 732311
1107 1918 932967
1036 841 148277
2596 3874 298984
1745 55 705738
1262 3369 431815
161 3207 60872
3435 2675 976357
2538 4433 556848
3028 3725 8907
126 1668 697813
1196 2225 983159
4225 3078 648244
53 2584 213376
4487 2992 790394
1818 732 897752
4546 3263 525176
3591 1805 338339
3545 4497 286981
116 4164 557016
1819 2033 903064
3678 1095 993143
625 2629 252016
3216 3075 243773
4103 3397 365582
