1000
-4885 -2250 2744 9290 -772 3990 9009 8647 4821 412 1668 2185 -2021 718 788 1050 -4139 -2019 4644 4213 -4713 2649 7065 -1726 -883 8875 7153 753 -2720 6203 9270 -2586 -717 1831 -4729 9880 -3174 4988 -2330 6489 -2049 9256 1095 6332 -4682 -4591 6985 9465 -1802 -119 9684 -45 6166 -1801 -4724 1883 9429 5704 9410 9742 1000 307 4108 2021 -2915 -752 1304 -1322 8992 7144 2017 4337 -2754 9620 5196 4677 3389 1902 -3976 6891 4158 5389 440 -2105 -2570 6222 7336 9481 3974 -1629 -3913 7576 1484 3621 1595 7297 -2954 7917 -4199 -1492 7268 8962 5640 -1103 -1921 2151 -4590 2668 -4820 2654 6314 -4892 7674 1928 2676 -1225 5853 1547 8084 -3471 5474 8679 823 -1936 -1840 1794 505 5944 5186 4041 9070 7666 5866 9607 3544 -3315 3224 1607 -4643 -2707 8248 8888 -3647 406 7857 -2095 8346 -2802 5552 5703 5037 9994 -4504 9185 -3472 3052 3977 -608 7867 6619 -417 739 -1627 -1020 -325 6597 1755 8490 524 -1151 5899 8246 1626 6439 -4063 6385 -943 7599 4046 9400 8928 4298 6178 6480 4311 5417 -278 8786 4010 8057 -3343 -437 -1372 9238 2402 7958 8003 4492 -3852 782 3668 1915 -2676 -1155 6581 -3884 6348 8569 6107 6604 -4872 -761 8997 5931 -2301 -1012 6484 4189 5213 2085 -4087 -3348 1354 3103 -2623 3874 6507 8038 -4245 -422 6158 -125 9841 6052 -2952 -2216 2959 3632 -87 5964 7824 3023 -930 -2679 -468 4824 3292 7433 8937 1090 9708 348 -140 2043 4349 1601 323 8627 -933 2203 2408 -290 5647 -3811 -2702 217 7019 6374 2815 5180 -2671 4863 -2320 9135 354 5053 -3554 3912 4313 -386 7922 6588 -602 -818 -620 -2867 -3735 32 -985 -1741 1350 -1972 4251 8007 2615 -183 6921 -140 1084 187 1113 -1660 363 3974 8941 -1047 708 -3599 6865 6199 -933 14 3510 4183 112 1086 -3797 3306 8669 9796 6917 981 1482 9719 8851 -3899 1173 2716 100 4357 -1657 1838 2289 1499 5299 -661 -1679 8308 -2917 -4012 -2249 -258 1141 -3403 -455 7829 -4683 9722 9929 2073 1442 -62 8012 -3391 115 -2563 -3955 7459 9165 2959 -3526 6533 6821 9920 3414 -4391 -1307 5409 3496 -4717 -402 1694 -2998 566 4717 783 7191 -2565 -888 667 625 -688 977 3217 7919 8470 9453 -425 6807 3610 3373 -4911 1980 6511 -4196 -2076 5814 -3177 3452 714 2253 -2302 -1586 9237 -4376 8750 2294 6507 -1518 3502 6732 -2819 -772 9184 1608 -572 4652 -2570 -3736 942 -3788 7016 3243 1137 7871 -2503 -189 -1847 -1295 8857 7223 632 7816 956 5561 -622 2980 8514 8208 -1758 5897 9792 -513 1876 6390 8271 -3766 5993 -3437 6077 -4559 6370 -64 502 5885 4434 -3560 -1692 4657 3447 -3514 5849 1091 8055 -470 9101 -2951 -61 3754 5929 5370 -1073 -978 4272 -43 -67 -3962 8493 9687 -1640 -3428 -4041 -3841 9583 -4962 -923 -4230 -273 -3934 8692 -2469 2467 1162 7703 -3660 -3546 9188 3747 2166 -1140 6571 -4351 1992 7858 4595 7569 4304 3725 -1492 -4643 8653 4202 8091 -1847 6226 9274 4298 8918 797 -2981 1881 672 -2396 -1105 761 -3074 7713 1487 6986 -4241 -3965 -2820 -1915 -2460 2617 -2797 5696 9001 704 -3123 8313 1670 701 5614 -4759 -388 7098 2147 8127 -226 6389 -3600 662 2910 9397 1027 2375 8911 2792 1457 4324 4522 7741 -4626 -2626 3352 8874 -2244 471 2357 -4541 1253 -2274 -4208 -3290 1773 -1686 9446 9679 6454 3750 -358 2718 8704 7978 6243 -3083 -3424 9808 9344 4597 5427 -4220 -415 -4929 6575 8540 9650 -1467 1867 6956 6442 2234 7931 9524 6560 -2277 118 -3683 2171 1921 -2375 6509 3389 8192 -2077 3500 8394 9642 5966 7065 7172 317 394 -377 -4652 5700 -2050 8447 -3180 5906 8941 644 3857 -2900 -4757 2583 8171 7410 4949 7711 1102 8289 -1612 7196 -4729 4541 3027 7023 -2950 2212 -3132 -1 398 -1074 6063 -2705 4729 -4533 1818 4184 2499 -4551 314 -1308 6928 5110 9522 -443 7063 -2322 -578 -1360 -2230 3052 188 -1308 -2552 402 5661 2562 -2438 -169 6763 3448 -1769 5163 0 8945 2412 8178 7893 -3086 1998 986 519 2017 8486 2473 122 6865 7243 -3417 -3064 9092 4990 -4823 9695 9205 -3744 9594 6666 2073 -3834 1598 6687 -343 -990 -1424 9537 3407 -3802 1576 5291 6757 7580 7412 134 8676 4396 -550 -1876 1503 6023 1039 1614 8634 -3000 -4812 -2318 1868 8975 1319 2751 3310 4689 -3014 3418 -620 7879 5644 2419 1123 4509 1945 3991 3266 -1690 3607 5752 2330 -3128 2648 -2523 8335 -851 7321 1741 2410 -4627 2279 7556 1497 9665 -3934 476 2987 6007 4656 807 2460 303 9907 -1252 5106 4852 -1715 7489 2748 3835 -794 528 -1173 4462 -4243 -3431 6519 -2131 8814 7008 -3192 -2103 -4473 1840 -1055 8140 -68 5249 -3206 8090 205 4904 5341 9484 7769 -4471 6519 -474 -4526 1375 285 2474 6459 1553 634 5963 -2382 -2021 8069 -3356 7440 2967 -4244 5506 4828 6681 -1471 2632 2901 -4089 -24 2901 3691 1646 232 -4147 -506 4093 8083 -1321 -1252 -161 -2220 8017 9688 -941 2813 -1070 3263 8799 6005 4954 4628 6424 6219 8544 2377 102 -600 -445 3269 -4734 3214 9600 -609 -1167 -4408 4296 2605 -2591 915 3543 -635 3324 -2375 8164 9960 329 -283 -3435 -3497 943 -1106 -2952 6527 9059 -12 5302 -3322 -3391 4410 7165 8210 3006 3755 4236 1561 4612 152 795 5684 8324 4925 -1914 6482 -4075 5963 9952 602 5268 6173 5774 9294 7363 -3580 -4102 5175 5748 -1491 -2818 5295 6445 -2805 2136 8308 3025 77 1313 3488 297 2963 8176 8054 5119 2194 -1007 6522 6154 3830 3490 6278 -4440 -3368 1886 3347 2096 680 -4419 -350 6239 5966 8499 -1986 5586 -3077 8637 5202 -4513 5667 6210 1578 50 6567 -3188 2170 -2820 7633 4233 2032 -1445 3296 1189 -638 -3178 -623 -3532 -4440 3924 2346 438 -4865 9118 8840 65 2763 2277 3463 -3405 -906 3951
999
2 646 829 109
2 463 524 53
2 335 977 483
2 416 560 28
2 88 779 404
2 604 621 8
2 900 995 36
2 423 576 90
2 120 622 211
2 87 607 207
2 13 148 65
2 57 306 59
2 146 159 3
2 288 420 21
2 58 884 547
2 42 627 157
2 567 637 14
2 699 960 193
2 360 685 293
2 526 991 437
2 231 785 330
2 615 993 206
2 295 830 239
2 389 679 28
2 571 1000 108
2 449 981 410
2 152 207 33
2 162 358 87
2 224 926 525
2 45 853 692
2 40 715 676
2 169 273 54
1 10 612 -34
2 759 991 199
2 13 212 45
2 287 549 134
2 186 696 416
2 464 933 132
2 1 762 436
2 314 826 382
2 340 791 420
2 122 772 183
2 7 683 73
2 383 534 29
2 218 498 68
2 2 810 387
2 215 333 81
2 132 996 298
2 232 849 484
2 160 626 130
2 22 784 499
2 393 826 31
2 23 713 657
2 763 808 36
2 388 612 11
2 158 528 270
2 204 892 232
2 597 815 36
2 199 412 50
2 337 944 571
2 354 423 7
2 35 722 148
2 214 969 212
2 659 707 22
2 80 710 418
2 273 711 410
2 203 648 88
2 519 580 40
2 289 430 108
2 413 688 242
2 508 762 18
2 157 864 586
2 448 687 173
2 207 402 187
2 175 488 20
2 392 561 114
2 132 967 447
2 168 477 110
2 521 672 35
2 137 385 241
2 141 314 46
2 598 996 16
2 10 944 217
2 37 953 133
2 393 661 66
2 12 420 335
2 249 813 564
2 326 691 167
2 424 828 139
2 58 226 4
2 151 743 160
2 254 617 254
2 138 278 32
2 391 687 296
2 287 351 54
1 849 905 -4
2 263 906 465
2 618 921 180
2 490 557 22
2 19 325 293
2 836 983 56
2 475 615 30
2 518 942 216
2 15 536 340
2 83 680 212
2 320 664 110
2 628 935 196
2 64 820 509
1 37 841 -30
2 201 793 280
2 47 414 358
2 300 728 199
2 700 978 144
2 291 334 15
2 295 321 21
2 134 528 251
2 349 388 31
2 337 396 14
2 351 859 308
2 591 626 28
2 164 328 27
2 45 735 121
2 304 816 229
2 364 475 4
2 472 928 152
2 252 295 8
2 382 538 56
2 439 723 29
2 23 254 223
2 266 586 315
2 473 677 49
2 281 463 58
2 566 604 38
2 393 805 157
2 229 485 58
2 812 950 74
2 622 822 159
2 82 551 180
2 901 923 18
2 21 158 1
2 204 508 190
2 61 591 504
2 32 178 17
2 423 539 32
2 302 506 14
2 86 193 46
2 693 741 1
2 219 346 108
2 696 959 93
2 153 238 59
2 452 471 7
2 629 876 71
2 80 658 88
2 748 925 61
2 44 635 246
1 251 777 37
2 646 660 8
1 159 544 31
2 217 448 210
2 100 988 675
2 111 417 215
2 179 595 198
2 152 324 84
2 98 972 243
2 74 240 127
2 858 936 73
2 311 539 126
2 388 404 9
2 801 884 51
2 563 563 1
2 27 747 510
1 488 945 35
2 309 351 12
2 419 684 177
2 716 799 82
2 92 731 638
2 136 991 240
2 9 208 104
2 135 159 11
2 153 656 187
2 125 756 631
2 224 900 399
2 700 994 33
2 181 319 51
2 80 341 209
2 229 998 29
2 649 769 93
2 611 914 107
2 503 728 101
2 479 578 63
2 42 616 171
2 397 585 43
2 240 731 318
2 762 766 2
1 468 763 -13
2 224 397 47
2 93 610 275
2 670 723 35
2 112 966 92
2 178 733 514
2 322 611 30
2 54 886 438
2 385 691 61
2 243 502 187
2 326 672 304
2 433 713 237
1 484 694 -4
2 536 594 57
2 58 433 265
2 308 715 16
2 224 590 124
2 245 490 17
2 500 964 219
2 559 747 14
2 415 673 134
2 189 379 6
2 15 558 522
2 321 347 15
2 511 833 188
2 9 444 144
2 12 173 39
2 135 304 70
2 667 899 152
2 476 845 287
2 244 284 24
2 293 338 46
2 71 479 33
2 216 327 69
2 308 947 183
2 259 723 133
2 4 482 347
2 571 842 42
2 164 857 99
2 277 351 60
2 374 512 113
2 60 206 108
2 676 719 43
2 586 963 343
2 664 996 146
2 88 847 97
2 294 570 7
2 448 610 25
2 293 744 55
2 711 846 62
2 191 652 297
2 45 647 140
2 297 318 14
2 51 973 63
2 257 794 102
2 137 328 93
2 21 116 23
2 2 852 189
2 442 724 70
2 486 812 73
2 331 470 99
2 47 291 224
2 276 987 613
2 208 521 306
2 285 646 131
2 778 873 73
2 402 931 241
2 598 639 15
2 231 602 199
2 452 453 1
2 40 879 412
2 16 146 126
2 896 986 60
2 212 233 15
2 183 417 1
2 352 424 38
2 524 862 303
2 444 533 70
2 701 877 117
2 432 994 295
2 99 833 512
2 298 840 10
2 304 599 39
2 937 997 59
2 224 243 15
2 98 928 193
2 412 688 91
2 331 673 203
1 463 985 -9
2 825 835 6
2 573 775 86
2 276 779 293
2 433 684 169
1 640 852 -1
2 31 450 151
2 250 943 105
2 215 283 14
2 373 649 39
2 70 107 21
2 130 759 51
2 11 99 11
2 489 622 28
2 545 635 59
1 593 611 12
2 26 442 404
1 187 563 -15
2 335 907 535
2 268 780 224
2 59 363 140
2 890 920 18
2 60 611 59
2 139 721 196
2 278 379 14
2 343 376 21
2 223 646 134
2 109 118 3
2 73 833 213
2 110 908 721
2 324 382 52
2 82 634 451
2 469 858 385
2 394 795 263
1 894 936 0
2 68 93 18
2 514 842 124
2 38 705 534
2 114 575 285
2 109 825 637
2 309 402 41
2 563 744 121
2 317 906 180
2 299 858 528
1 120 207 10
2 303 354 19
2 491 654 160
2 351 978 95
2 896 910 8
2 82 384 274
2 155 388 119
2 630 715 2
2 104 914 332
2 348 978 546
2 443 973 220
2 524 756 64
2 323 994 121
2 661 759 97
2 572 692 31
2 640 990 334
2 10 663 279
2 139 829 393
2 343 851 127
2 555 845 255
2 61 653 109
2 103 549 124
2 409 824 221
2 319 600 97
2 222 789 346
2 536 585 8
2 685 819 96
2 700 734 17
2 606 661 54
2 87 996 27
2 340 649 245
2 310 419 110
2 447 727 188
1 287 720 -36
2 881 948 18
2 81 289 168
2 865 910 34
2 196 741 521
2 326 701 200
2 345 628 15
2 306 991 201
2 65 414 163
2 537 728 70
2 73 375 203
2 820 992 28
2 686 780 2
2 134 252 45
2 161 590 411
2 153 672 215
2 583 681 40
2 449 894 310
2 79 218 62
1 163 571 -9
2 235 853 32
2 218 910 223
2 297 943 324
2 469 706 157
2 449 992 498
2 92 181 72
2 835 869 4
2 312 660 340
2 617 835 13
2 528 579 42
2 260 474 30
2 683 796 24
2 309 334 3
2 239 951 70
2 2 701 456
2 29 255 30
2 35 471 369
2 627 685 54
2 64 888 94
2 463 887 371
2 448 544 91
2 320 341 19
2 48 230 23
2 816 948 24
2 40 217 61
2 370 449 32
2 879 966 88
2 317 453 86
2 622 704 60
2 89 178 84
2 738 747 9
2 37 941 566
2 90 236 144
2 317 901 538
2 516 526 1
2 95 557 334
2 180 739 53
2 238 283 46
2 910 962 35
1 520 931 -18
2 383 862 400
1 231 901 34
2 390 768 186
2 129 824 176
2 267 734 315
2 490 816 198
2 62 713 400
2 137 378 192
1 16 178 4
2 829 888 54
2 134 980 220
2 269 618 270
2 221 753 141
2 177 688 184
2 319 657 35
1 182 696 10
2 320 782 152
2 161 825 664
2 182 466 109
2 66 318 116
2 247 434 116
2 161 786 559
2 626 989 9
2 804 837 18
2 1 111 84
2 41 846 184
2 547 996 210
2 187 280 81
2 597 732 89
2 451 859 225
2 31 566 225
2 399 649 82
2 595 648 1
2 198 749 382
2 256 942 581
2 429 768 261
2 13 808 730
2 35 759 347
2 74 976 287
2 279 292 14
2 49 562 252
2 386 820 121
2 334 376 29
2 152 980 602
2 274 838 226
1 235 928 -26
2 551 862 162
2 551 700 112
2 299 428 96
2 18 972 890
2 182 875 390
1 458 579 36
2 214 279 51
2 671 701 11
2 506 638 21
2 603 852 134
2 18 395 364
2 76 115 1
2 363 788 391
2 270 412 51
2 152 459 47
2 456 787 122
2 87 904 761
2 233 795 384
2 797 943 121
2 66 114 37
2 29 645 11
2 132 598 246
2 3 139 5
2 298 393 61
2 425 444 15
2 82 519 405
2 379 843 181
2 109 633 421
2 263 426 145
2 14 878 336
2 371 909 516
2 132 833 394
2 376 829 163
2 67 914 624
2 190 536 292
2 283 655 49
2 687 898 165
2 97 461 52
2 501 678 170
2 73 973 842
2 283 594 279
2 44 164 52
2 487 661 4
2 644 841 142
2 83 279 150
2 412 420 4
2 34 896 33
2 200 493 69
2 245 395 149
2 26 962 213
2 189 348 123
2 93 989 777
2 104 502 373
2 302 353 3
2 298 658 205
2 195 515 170
2 461 971 423
2 539 974 220
2 60 926 597
2 333 798 410
2 301 510 168
2 443 569 121
2 252 527 159
2 337 372 9
2 42 253 87
2 166 783 153
2 390 852 169
2 5 773 570
2 30 724 163
2 455 854 323
2 47 304 86
2 54 70 16
2 419 423 5
2 575 727 110
2 697 880 34
1 244 740 -31
2 44 876 427
2 19 512 295
2 113 733 237
2 124 796 187
2 37 291 44
2 556 815 163
2 359 918 150
2 892 897 2
2 503 672 30
2 311 348 24
2 724 952 92
2 66 370 39
2 528 859 216
2 55 704 135
2 866 939 43
2 562 752 177
2 73 709 481
2 527 773 85
2 138 718 130
2 385 685 270
2 569 772 153
2 223 438 18
2 18 70 6
2 516 949 20
2 1 295 178
2 346 911 142
2 480 743 38
2 136 453 267
2 334 668 203
2 673 965 225
2 435 998 62
2 455 537 50
2 77 346 67
2 253 262 6
2 219 875 87
2 431 727 101
2 342 727 285
2 376 448 51
2 266 633 243
2 308 886 526
2 287 994 399
2 99 849 126
2 683 726 8
2 479 883 114
2 22 160 128
2 73 308 24
2 183 806 30
2 45 533 340
2 34 162 51
2 339 413 6
2 148 311 32
2 686 794 92
2 70 754 439
2 385 713 32
2 30 365 181
2 55 963 732
2 126 465 98
2 186 887 92
1 199 831 4
2 252 945 334
2 235 873 489
2 368 432 44
2 432 867 333
2 361 917 69
2 38 209 164
2 475 975 217
1 118 137 14
2 153 863 2
2 321 379 55
2 437 674 101
2 41 42 1
2 80 423 264
2 344 367 11
2 294 759 200
2 44 586 111
2 523 941 67
2 91 990 733
2 165 359 188
2 23 972 783
2 479 930 247
2 258 840 568
2 715 975 80
2 48 430 134
2 83 427 323
2 396 418 17
2 914 984 39
2 868 931 12
2 219 401 94
2 211 956 25
2 369 843 308
2 238 599 236
2 702 768 36
2 709 921 74
2 620 678 20
2 567 725 110
2 110 158 45
2 293 455 85
2 817 824 8
2 219 298 71
1 22 125 -32
2 334 388 12
2 851 888 16
2 16 638 411
2 401 459 35
2 110 796 507
2 135 450 66
2 140 673 192
2 60 719 285
2 146 851 294
2 369 977 371
2 183 814 387
2 693 893 90
2 670 842 14
2 383 479 28
2 496 967 288
2 96 788 13
2 851 896 25
2 87 661 204
1 294 670 20
2 21 954 246
2 433 652 75
1 754 862 -4
2 9 365 306
2 35 544 46
2 130 491 287
2 11 317 206
2 549 800 173
2 643 800 6
2 415 793 378
2 25 425 296
2 89 613 517
2 228 755 136
2 86 208 103
2 45 148 55
2 325 700 365
2 522 740 193
2 405 455 30
2 324 809 399
2 118 863 267
2 676 687 10
2 115 758 131
2 236 519 71
2 776 801 8
2 81 245 120
2 224 804 257
2 512 823 246
2 580 636 19
2 148 829 26
2 557 966 268
2 475 566 90
2 303 563 233
2 73 987 278
2 246 444 187
2 170 808 628
2 712 784 16
2 295 387 79
2 757 814 4
2 275 579 154
2 489 590 93
2 365 854 291
2 401 696 125
2 653 822 47
2 431 881 412
2 21 378 32
2 334 629 251
2 328 438 43
2 350 893 325
2 292 687 377
2 761 916 76
2 282 643 163
2 393 439 47
2 34 815 694
2 429 528 98
2 359 518 81
2 410 761 203
2 40 599 527
2 653 987 278
2 347 555 192
2 544 945 7
2 202 840 583
2 281 842 25
2 61 443 247
2 466 650 126
2 272 711 93
2 188 543 286
2 28 395 354
2 520 687 28
2 530 978 107
2 642 949 65
1 142 269 -38
2 254 899 399
2 117 240 114
2 33 981 409
2 620 859 128
2 309 872 158
2 491 504 2
2 323 965 91
2 417 463 31
2 208 757 68
2 38 370 220
1 360 424 12
2 111 337 147
1 105 172 -14
2 563 837 107
2 211 488 30
2 218 694 30
2 614 997 188
2 264 386 97
2 32 50 14
2 563 839 91
2 55 975 447
2 219 550 156
2 127 755 563
2 106 229 107
2 51 827 669
2 97 669 415
2 63 850 66
2 99 727 16
2 88 165 39
2 431 603 71
1 432 707 20
2 236 711 85
2 87 299 146
2 97 823 155
2 145 442 28
2 736 874 108
2 173 847 144
2 29 768 643
2 466 692 153
2 539 740 34
2 16 224 82
2 294 993 214
2 184 846 378
2 131 474 145
2 528 937 335
2 544 1000 395
2 206 761 445
2 323 622 9
2 853 951 69
2 317 378 16
2 573 833 91
2 304 594 146
2 780 863 31
2 468 846 248
2 263 857 378
2 532 878 47
2 259 957 639
2 147 272 116
2 5 429 200
2 151 355 62
2 502 740 234
2 138 750 505
2 399 993 144
2 243 302 26
2 396 884 301
2 125 277 133
2 269 616 182
2 247 566 133
1 632 883 15
2 496 643 114
2 336 455 79
1 230 864 -23
2 205 421 177
2 383 772 98
2 730 895 29
2 341 819 71
2 238 514 256
2 491 636 16
2 196 410 93
2 505 531 13
2 440 441 2
2 325 911 207
2 18 169 66
2 267 304 12
2 141 650 334
2 253 766 461
2 221 802 127
1 218 661 5
2 487 970 444
2 451 662 85
2 149 274 20
2 471 943 398
2 39 906 220
2 78 937 456
2 342 846 123
2 473 715 51
2 679 748 1
2 83 182 18
2 42 556 188
2 248 835 226
2 800 908 9
2 63 737 244
2 50 250 117
2 54 614 265
2 504 600 82
2 131 369 153
2 328 330 3
2 744 845 10
2 89 763 115
2 51 731 84
1 839 895 40
2 260 866 387
2 403 971 227
2 155 530 202
2 632 797 24
2 578 733 139
2 417 973 511
2 116 458 255
2 630 738 51
2 375 812 12
2 603 896 59
2 147 406 228
2 178 316 135
2 425 974 104
2 189 990 47
2 283 481 82
2 333 448 65
2 111 755 179
1 538 853 -12
2 79 455 320
2 395 980 397
2 449 914 136
2 903 982 43
2 697 738 15
2 14 530 393
2 404 834 215
2 193 362 133
2 82 229 92
2 507 521 12
2 172 223 52
2 520 673 24
2 287 287 1
2 202 227 13
2 204 492 265
2 517 673 145
2 669 942 144
2 363 714 228
2 918 995 45
1 397 629 1
2 759 810 42
2 228 619 165
2 739 987 97
2 141 474 210
2 418 470 50
2 647 801 55
2 86 942 54
2 20 22 2
2 246 759 324
2 327 505 115
2 506 903 134
2 193 962 691
2 117 383 150
2 324 765 257
2 92 352 206
2 637 797 116
2 243 454 139
2 571 941 290
2 479 767 238
2 362 703 112
2 423 904 22
2 423 774 166
2 229 574 121
2 535 745 12
1 342 543 -17
2 54 510 267
2 208 482 110
2 451 587 57
2 326 829 313
2 365 524 123
2 493 690 132
2 395 855 334
2 106 835 318
2 155 577 40
2 533 753 209
2 1 710 236
2 785 951 57
2 152 292 119
2 380 840 376
2 374 833 427
2 817 981 39
1 209 786 39
2 883 938 39
2 83 707 418
2 568 607 31
2 122 844 43
2 128 635 246
1 478 584 -32
2 233 696 320
2 177 365 70
2 800 903 68
1 387 925 21
2 192 710 360
2 154 694 170
2 147 398 247
2 507 539 26
2 300 664 57
2 681 703 14
2 707 708 1
2 775 790 16
2 521 667 50
2 263 708 364
2 129 788 458
2 121 248 42
2 463 991 136
2 262 685 81
2 368 829 135
2 624 985 275
2 435 608 75
2 469 678 137
2 233 346 95
1 484 602 38
2 528 917 243
2 195 836 349
2 648 815 10
2 965 990 10
2 134 306 11
2 298 398 90
2 416 671 205
2 448 835 18
2 58 605 457
2 163 989 49
2 248 573 218
2 339 602 92
2 105 767 378
2 286 809 25
2 46 892 602
2 871 882 4
2 238 560 148
2 38 288 216
2 112 284 108
2 173 368 1
2 508 639 43
2 274 515 54
2 23 926 371
2 185 619 304
2 78 444 254
2 538 754 110
2 726 867 7
1 544 859 39
2 570 851 184
2 406 415 6
2 202 450 64
2 830 939 42
2 238 713 193
2 628 869 167
2 139 255 24
2 317 659 303
2 294 686 159
2 121 518 261
2 250 309 12
2 44 436 308
2 130 944 414
2 123 405 214
2 58 307 163
2 99 520 101
2 121 508 93
2 71 841 725
2 542 734 150
