4918 4892
2 3210 1
2 3677 1
0 548 2021 1772006380
1 746 1644
0 293 3267 615991392
0 2816 3641 331128518
0 1159 2302 1572866507
0 1705 3326 1002464824
2 1965 1
1 1022 3812
1 326 3280
1 1477 2946
0 84 3238 1675644723
1 1074 3089
0 151 2351 1967392561
0 1728 2232 327441009
2 1823 3
2 1518 5
2 1313 5
0 1301 4128 1794563699
2 4275 22
0 2047 4844 2078401527
0 201 2855 577050889
2 538 3
2 2560 2
0 121 4762 1027077821
2 1174 3
1 927 3082
1 3780 4108
1 1535 3861
0 2590 2801 1203480768
0 1297 2861 448783874
2 4373 2
0 225 1081 2068148226
2 2721 3
2 3152 10
1 1810 2491
2 3629 4
2 392 3
2 3348 13
1 940 1095
0 2406 4679 238640368
1 2489 3105
2 829 3
0 647 4457 1546376255
1 4118 4818
0 1189 4492 1436405637
1 1958 3650
2 1582 11
2 913 2
0 79 892 1074293669
0 766 1934 112562922
0 803 4556 185605656
0 1525 4526 2084232156
0 1142 2557 580861891
2 3553 5
2 2514 4
0 287 2989 142665950
0 1622 2652 1577961855
2 3095 3
0 2031 4620 611174653
2 1248 9
2 2685 10
2 3151 5
0 1185 1281 747066662
0 631 4067 1163374199
0 2761 3726 507507568
1 1775 4665
0 984 3080 1695232198
0 2820 3191 684407396
1 632 3544
2 273 5
0 1481 3737 745819701
0 842 2052 1657484950
0 1528 4741 802723152
0 3544 4487 99249920
0 1539 4028 390210215
2 2441 8
1 1701 1897
0 2636 3377 1902405421
0 570 1309 239482258
0 388 1776 150296181
2 192 17
0 1533 4740 920702208
0 3343 4592 1280888246
1 1046 2961
0 679 2300 38984094
1 4076 4596
0 1958 4859 942285176
2 4683 1
2 1892 11
0 1751 1962 1451376979
0 2852 4841 1608207121
2 2999 3
1 918 2552
2 573 6
0 337 2850 929726199
0 1146 3719 167869146
0 2491 4803 1585733460
0 3292 3368 1972282126
0 2461 4336 574946846
0 16 938 225425612
2 3541 6
1 928 3474
0 654 1842 370144997
1 559 2652
0 1178 4854 374129769
2 4625 5
2 3098 6
2 2529 51
0 508 3456 714162605
2 3292 7
0 1371 2360 108438401
2 3567 7
0 239 3969 474921633
2 257 11
2 2716 37
1 543 4283
0 1355 3053 1627184503
0 890 1689 1476909335
0 3526 3772 755228277
1 95 1160
0 3400 3401 776505631
0 2114 2985 86745025
0 1539 4058 836284441
0 2893 4600 1022138116
0 1027 1334 169301388
0 3418 3666 1097799752
0 2519 4318 1054662091
2 4355 14
1 3392 3488
0 1431 4830 429830101
2 2933 2
2 1748 132
0 622 3859 754952412
0 417 1979 1140983591
1 1203 1881
0 169 3700 1581067358
1 882 1038
0 1078 2946 1924988250
0 399 1157 716866275
1 671 3662
1 1388 4127
0 1583 4061 1216707233
0 551 1023 1066042609
2 1590 10
2 1747 5
1 2145 3098
0 2737 3768 1088284903
2 1146 8
0 2384 2583 1439015933
0 4758 4812 621816295
0 719 4075 40077095
2 4767 14
0 2389 4490 955023543
2 1824 13
1 337 2642
1 703 4099
1 260 3992
1 1374 3269
0 3352 4394 881627961
0 2263 2295 274741260
0 2315 3445 2089383496
1 1957 2924
1 1362 4599
0 542 779 941834409
0 11 3244 1964170264
2 1850 9
1 2703 4540
0 1626 3958 598972246
0 1690 4376 1702978990
0 1332 2592 1657591031
2 2511 4
0 1232 4037 415917101
1 340 422
0 467 2585 452909433
0 2375 3565 340519042
0 1961 2176 800313414
0 716 1481 376594077
0 680 1316 1228460613
0 424 1218 560359270
0 2845 4192 968646971
2 2593 18
2 166 5
2 3544 17
0 2167 2522 1516144304
1 2300 3858
1 1290 3842
0 563 1929 995026001
1 2824 3559
0 218 3439 386896488
2 1677 29
0 4198 4417 599842715
1 869 2655
0 2038 4782 373141600
2 112 31
1 3134 3671
2 3023 10
0 870 2632 1322723959
2 1491 4
0 100 2755 736408886
1 508 3890
2 4682 19
1 68 3434
0 630 1498 1914907328
0 1688 2619 1426207875
0 634 4482 1514344637
1 2027 4816
1 3370 4559
1 2773 3168
0 2030 2933 1818305747
1 319 3184
0 1137 4209 130133618
0 1050 2825 908033286
0 2079 2667 660782272
1 37 1819
2 1656 38
0 2918 4081 650139571
0 1488 1942 1774399422
0 4381 4829 1046588617
1 2094 4695
1 1855 2791
0 832 1535 1112296189
1 455 4216
1 1181 2506
0 824 1668 1709142374
2 4619 54
0 1469 1740 1281559738
0 1593 2668 1626415873
2 2745 50
1 1728 3595
1 3188 3304
0 3254 4127 1091640955
0 3492 4074 1024449313
2 4056 15
2 4231 7
0 3074 4489 2035385451
0 1373 4044 175053746
0 840 2950 194022837
2 2756 2
1 3161 3317
0 784 3059 1846228317
2 2253 2
2 949 14
1 2321 3590
1 3156 4429
2 3106 3
1 1745 3229
1 1369 4750
0 2031 2530 2070145117
1 168 190
0 1138 1698 678322766
0 369 3035 245048869
0 1273 1708 1840202715
1 973 3732
1 1115 4201
2 3077 14
2 3400 57
1 179 3661
0 548 1778 1267583758
1 870 1448
0 261 4083 1639912973
1 634 3239
0 1680 4580 1010094051
0 3929 4128 1490201331
0 1551 3138 844355608
0 2125 2603 1410961814
0 1531 4776 2042400109
1 816 3286
0 1472 4637 1318017851
0 352 2404 1216002154
2 1471 22
0 1207 4369 1435122254
2 1391 16
0 1249 3427 1618089269
2 3711 28
0 559 3825 307608086
0 4344 4573 1709109064
2 1965 171
2 2077 31
1 4279 4633
0 2905 3092 197074627
1 2162 4242
2 2803 11
0 361 2850 2005772765
0 975 4645 274896329
0 2837 2929 741278632
0 392 4453 1225652984
0 4167 4282 2003935384
0 2625 4813 1550826988
2 4763 7
2 1403 24
0 1193 2378 2130541397
2 3585 90
0 2841 3431 859311754
1 310 2690
1 329 1713
0 3689 4475 1728023409
2 4805 297
1 146 4819
0 3729 3732 1625929627
0 3310 3431 2081750373
0 1467 2918 683760424
0 98 1444 924979939
0 1271 2500 263670495
2 3179 18
0 2086 3430 1952853887
1 595 3178
2 1764 18
1 4429 4681
0 1350 4778 1269252278
2 2726 10
0 1351 1663 1187176249
2 4229 12
1 1697 2488
0 1800 3934 237860989
0 658 2251 656730589
0 798 4754 1001419827
1 1240 2067
0 4361 4364 2131562991
0 400 410 1401990065
0 758 2395 2057561957
1 719 2714
1 3436 4633
0 2362 3978 1583693576
2 2766 28
0 2604 4883 1517782826
2 4844 31
0 684 2075 1783623256
2 2459 4
2 2794 14
0 132 468 1665918689
0 3377 3401 1150339772
0 2504 3762 2067712101
0 1379 3234 802719066
0 263 2051 2039162162
2 3111 10
0 312 3543 745259667
1 1133 1754
1 739 3411
0 3707 4172 1991587898
1 2964 3067
2 1835 313
1 2472 4019
0 2783 3744 1888199455
2 1779 11
0 129 2518 206215303
0 1771 3496 1468377701
0 1542 3672 1401306541
0 3519 4872 12379379
2 1138 4
0 3279 4317 1216631712
0 1617 4199 1356088261
1 1046 1812
2 1360 346
2 3631 68
0 312 4462 772420093
0 547 3997 1450186487
2 287 12
0 934 4078 687710714
1 2733 3037
0 2070 4092 1586834621
1 2576 2974
2 321 24
0 1394 2878 869645581
2 745 30
2 1626 14
2 4736 20
0 3010 3254 404120586
1 2399 3985
0 732 1398 263178117
1 2973 4413
0 1090 3432 419590294
0 539 3454 1161803683
0 1198 2164 2060420729
0 253 1630 201491468
0 3903 4617 1702770155
0 643 2098 848740156
1 2160 2737
2 4222 7
1 1674 4272
2 504 16
0 1709 2530 1435294235
2 595 97
1 2148 3611
0 362 852 55057057
0 2901 4812 1324373989
2 3887 19
1 806 3597
2 3500 23
1 763 1393
2 471 22
2 4619 68
0 981 1218 2069893479
2 4101 23
2 3371 282
0 2168 3373 1906300321
0 1694 3969 787115574
0 2165 3392 1510259159
1 505 3583
1 278 3214
0 955 3300 154228114
1 1927 3807
2 676 31
0 1238 4001 1006361059
1 969 2745
1 260 4851
0 2752 3912 1090031024
2 4743 6
2 438 19
0 3093 3721 1122096887
1 2723 3875
2 2100 39
0 2368 2428 334862682
2 1880 18
1 81 2896
0 2364 4445 1858964899
0 2528 4360 949767611
1 1817 3527
2 3009 12
0 458 1462 638984333
0 246 2322 1208963687
2 499 10
0 25 989 675580174
0 1960 4906 624188711
1 385 2443
0 2077 3179 1847413568
2 1020 38
2 3592 338
2 3530 31
0 2963 4723 1402340520
0 400 3398 1987146511
0 1942 4179 1964529722
1 1887 2231
0 3484 4497 933816558
2 2292 23
1 3595 4231
0 3238 4692 1660725762
0 1352 2499 1766395219
0 852 4323 126914541
2 781 40
0 1858 4661 290196118
0 2003 4902 1571738158
0 640 4262 1389402935
0 1999 2322 744494865
2 2061 2
0 1354 2695 649848483
2 2421 6
0 965 2163 730755097
0 4165 4215 1086876371
1 3416 4325
1 558 1215
0 296 1245 1166239011
1 3995 4611
0 427 3725 377912073
0 620 4452 2006022520
0 2783 4456 285022498
1 1443 3099
2 4306 6
2 3597 70
2 2492 124
2 2306 45
0 289 566 1106498758
2 351 423
0 247 1380 1990890966
0 394 2571 1917595776
0 3607 4387 977223847
0 1063 2647 385705108
2 532 11
0 1098 2192 520590924
1 1357 3039
0 2930 3785 1512609310
2 158 35
0 4092 4544 180982124
2 4297 5
0 1351 3992 258958758
0 1691 3661 1707223140
2 2783 29
0 422 1191 698496633
0 955 4845 249160783
0 566 4637 1685832517
0 1781 4704 1926555390
2 3156 2
0 324 4406 1887260741
2 4917 37
2 2894 15
2 2044 6
0 2538 3177 1340798410
0 2209 3359 253498487
1 1156 2306
0 1794 1875 558392426
0 715 2443 1044555500
0 439 1774 1753962362
2 2569 23
1 513 1432
1 4613 4830
1 2613 3496
1 2975 4584
0 764 4717 412858494
0 2004 3340 2054769029
1 3525 4456
1 1175 3312
1 3824 4739
0 4131 4433 2091253487
0 829 2523 378019640
0 2154 3804 2100102397
2 4352 41
2 2608 110
2 2262 41
1 1325 2793
0 2887 3180 750963332
2 2610 44
1 436 1402
2 3870 49
0 1956 4192 1390394701
0 1216 2089 1196037621
2 4335 30
2 2945 11
1 847 1712
2 2979 16
1 1290 4471
1 2354 3245
1 1377 4838
1 3298 3437
0 2065 2234 1696250492
2 1867 44
2 1347 34
2 1957 23
2 122 24
1 772 3536
0 1650 2311 194279912
1 283 4337
0 153 3046 1723206064
1 1821 4733
2 4642 44
0 700 3780 362120750
1 3200 4240
2 702 18
0 613 2564 604053819
0 623 1545 610226808
2 1893 32
2 4544 25
2 80 18
1 1773 4319
1 226 4314
2 2779 220
2 113 5
0 15 535 398192710
0 36 4747 1487379957
2 4504 148
0 431 797 723948612
0 1300 3060 1801740697
0 146 1977 453572091
1 616 3933
0 3419 4863 1002917043
1 251 4490
0 328 1874 596736291
1 511 2968
0 1704 2704 1219816592
2 1458 8
0 958 1215 816812527
0 369 705 1626948500
2 4334 30
0 139 2086 101880434
2 2002 52
2 4186 153
1 1121 2795
0 2475 4770 1449149084
1 2095 3155
0 3244 4895 1924811968
1 746 4581
1 2380 4864
0 1440 4576 182287634
0 1628 2778 156689696
2 340 115
0 895 3543 1060399466
2 2297 42
0 3042 4213 1333111301
1 186 1257
1 1625 2045
1 595 3672
0 1083 1898 772896018
0 695 1422 765001039
2 4686 55
0 2177 3901 1055157219
1 561 3914
0 1142 3994 63104074
1 3438 4513
1 294 2167
0 3500 4764 312940347
0 884 1068 872561739
0 111 368 1597121070
0 1286 4407 641832143
0 2242 2631 1391024442
0 1706 3785 1920559711
1 939 3490
1 714 738
0 979 3803 1937804598
0 225 4686 2091617550
2 220 54
1 1958 2881
1 819 2002
0 701 3238 2034014598
1 1282 3011
2 1372 449
2 3699 43
0 2251 4638 1766484210
0 904 4439 1939921246
2 2020 47
1 581 1067
2 3353 95
0 202 1762 2027366751
0 1797 2020 1930529787
2 1570 1
1 1171 3359
0 1048 3780 1022534055
0 2172 4630 1995756462
0 4184 4813 1351451130
2 853 54
2 719 29
1 1658 3260
0 494 2181 163510897
2 3185 69
2 1837 59
0 561 3890 1713991140
2 606 21
2 2868 27
1 1846 3454
0 256 1083 1873913519
0 1833 2450 1885477955
1 4466 4568
0 3339 3834 1397201544
0 2545 2984 1963642927
1 251 2446
0 1420 3118 1458500971
0 1461 2049 343378728
0 1716 2508 2030967096
0 40 1067 610380835
1 2407 2486
0 151 1401 8732796
0 1989 2695 1402689555
1 482 2832
0 97 1428 248559894
0 1954 3225 985829938
1 2790 3091
1 1506 1554
2 869 23
0 1127 3719 1618653785
1 1492 3604
0 3219 4481 606928510
0 2002 2475 595320990
2 1958 49
2 4396 1
2 3420 158
0 784 3088 967162799
2 3862 140
0 1419 4797 50128281
2 4585 51
1 2315 2906
0 2779 4841 1369382839
0 2127 2820 472551142
0 692 1374 1952897602
2 1062 5
0 940 3568 463630243
1 1346 3142
0 1974 2809 1577177594
0 4368 4684 1182925195
0 349 4534 169039480
0 544 3294 19930961
2 2815 236
0 1755 1860 806990730
0 4250 4534 986059921
1 3330 3730
0 3 3095 2041481577
0 117 2782 1457547062
1 342 4456
1 2228 2374
1 125 1376
0 1984 2801 243102461
0 1725 2132 20531479
1 2160 4255
0 732 4756 1881459574
0 350 4703 440628363
1 3956 4609
0 1265 2461 1506437437
0 1711 1785 1637439702
2 2121 62
0 405 467 1992306764
0 137 1704 800009895
0 2087 2745 744099036
1 2789 3718
0 1442 3151 416973551
2 1172 1
0 3080 3809 965583404
0 3423 3649 134685825
2 758 1
0 3502 3687 186946114
2 526 83
0 418 1260 401419513
0 1087 2491 72621746
0 1450 4562 1262609823
1 749 1798
0 2671 3808 976061985
0 48 1270 580257554
0 1479 4283 2110315146
1 1917 2268
2 602 584
2 1357 159
2 2440 553
0 3709 3716 294789127
0 768 3158 1381580277
0 1061 1942 1009884040
0 412 2814 1111181607
0 669 4767 1289200229
1 1605 2462
0 348 4141 1724988977
0 2918 4429 2037327043
0 967 2104 2012096328
0 1266 1734 1154082794
2 618 16
1 1257 4049
0 1884 4657 1642689156
1 171 711
0 1584 3002 1576396916
2 727 19
1 1536 2856
0 2405 4258 723783256
2 4103 24
2 4107 61
1 2020 4277
2 3252 128
0 3522 3640 712031874
2 4793 43
2 166 13
0 2483 2498 864039703
1 390 2875
2 3656 79
0 1291 2385 1154293080
0 1384 2971 1642457004
0 511 2235 1517790033
1 2415 2559
1 534 1899
1 248 1714
0 488 1858 1272769637
1 207 2722
2 4370 31
1 1213 1369
2 1053 31
0 694 1176 52838812
1 2567 3236
1 1549 4120
1 25 2180
1 3011 4649
0 830 2462 1096519376
1 2865 4915
1 2184 3917
0 174 2004 454399439
1 2759 4065
0 3662 4307 594810643
2 1544 24
1 3453 4505
1 3813 4205
0 1759 2975 652365953
1 931 1722
1 2687 4790
0 1480 2630 1767170231
2 3249 31
1 211 4896
1 1754 2373
0 1659 2777 903221215
1 350 2160
0 3385 4277 1217750408
0 1209 1549 686741938
0 1254 4669 287002843
2 1403 16
0 386 1733 282457274
0 634 3882 935708410
0 5 2037 653148305
0 751 1231 656788095
1 1161 3575
0 911 4584 1458800430
0 2783 4105 1858807943
1 1134 2462
1 2505 2914
2 2799 633
0 734 3549 1550596781
2 4321 50
0 3986 4646 1855549369
2 1559 8
0 2693 4306 951663526
1 3008 3523
2 4197 23
2 2855 46
0 1243 1672 1735863066
0 332 1795 706247959
1 876 4818
2 4056 781
0 2145 2561 169256863
1 541 4030
0 2335 3631 1826908264
1 771 3634
0 510 1139 1686697429
0 3055 3484 677558756
0 2273 3521 1271129017
1 2203 3051
0 2026 4347 417837836
0 2962 3668 1583311568
0 342 1084 129229004
1 507 2352
0 1380 2862 512955066
1 288 3727
1 2241 3750
1 172 373
2 838 70
2 1626 194
2 2867 45
0 697 3076 952728934
1 649 4426
2 4054 43
0 1023 1930 1351036985
0 2324 3164 1815018883
1 585 3174
0 806 2628 1251700181
0 26 3801 1499100083
0 539 1869 257761760
0 3165 3198 1993074878
1 812 4799
0 2742 3646 1967035356
2 503 302
0 1704 3233 405345768
0 1249 4234 1604775351
2 3816 79
0 672 2095 831569723
0 538 669 1309124605
1 913 2967
0 2360 2885 56614693
1 4781 4878
1 1422 3917
2 1629 24
0 206 2429 1987375120
2 1454 195
0 15 2763 1674375949
0 204 1473 2141360095
0 338 4138 998415614
0 1598 4083 1420163350
0 1112 3832 846994670
0 1926 4385 933068692
0 1601 4385 1081343405
0 6 2727 367011606
1 3421 4444
1 1088 2778
2 762 609
2 2335 25
0 2197 3874 239479241
2 2062 53
0 1318 3000 1033556820
2 1452 173
0 1919 4240 133861303
2 4011 206
0 3987 4622 786468660
2 927 466
0 2638 2640 907532632
0 2202 2656 1438968939
0 2448 3331 460285161
0 2885 3048 124484688
1 1142 1453
0 918 3959 1735592807
1 823 3348
1 2146 2240
2 4630 121
1 1121 2555
1 744 4564
0 3047 3968 176280080
1 1816 3247
2 853 670
0 3297 3489 2045270623
2 1307 870
1 2431 2823
1 3570 3751
0 1698 3039 458463689
0 1764 4627 435191537
0 2480 4497 1969386042
0 1225 2229 1202927443
0 338 4784 1017670499
0 1385 4820 347217133
0 3120 3847 7948635
0 2498 4898 777046582
0 476 3415 778609214
0 580 3926 1961802386
0 280 1488 14710722
0 382 1900 32020289
2 2499 27
1 1204 2170
0 1873 3318 1682263157
2 3601 548
0 987 3004 418287200
2 3685 43
2 4021 72
0 286 1602 1376321113
2 2962 66
0 2133 3086 63091046
0 195 3350 529196027
2 2528 373
0 1294 3879 1994545715
2 704 89
0 242 3363 1249432434
2 3710 452
1 3773 4583
0 3081 4138 1829339281
0 2408 3457 835056510
0 1368 1472 775149133
1 474 1876
0 952 3836 795922138
0 1924 4233 789522717
0 939 3306 1889094353
0 603 1281 1012455548
0 2696 4361 43802494
0 185 2570 1234944052
0 3308 4041 87226703
1 1529 3250
1 1186 3136
0 500 4887 467014892
2 401 80
0 2518 4761 869812130
0 477 3534 1765309218
2 3480 16
0 91 3203 1414939944
1 3418 3428
2 3595 51
0 4073 4826 1837961561
0 1274 4597 47749803
2 3415 19
0 1366 4467 705699114
2 4036 683
0 684 2546 1176153552
0 282 1419 1304965860
2 4892 234
2 1390 15
2 3279 31
0 1637 3627 874208472
1 553 3978
2 3420 70
0 96 1201 107764127
2 1807 95
1 701 899
0 683 3010 1220524127
0 1404 1511 450636813
0 1367 2535 720654617
1 2406 3529
0 907 3856 875661407
0 1968 4767 1323207424
2 2756 43
0 789 847 651117223
1 414 2173
2 2164 4
0 48 2873 836720893
0 954 1216 1000527852
0 1064 2064 511990989
1 144 4654
0 2491 2597 83945827
1 752 1426
1 3778 4511
1 1419 1462
0 1466 3343 445247426
0 1311 4558 1469183896
0 2848 3770 1973568497
2 948 75
1 4428 4680
1 1925 3279
0 784 1469 555858042
0 2930 3882 357965611
0 178 1961 964819943
0 2209 3281 1350035996
0 2968 4677 411522475
0 3003 4855 291865517
0 1795 4617 1282434601
0 528 3719 696892892
0 2392 3549 1072539293
1 1327 2549
2 973 65
0 1180 1902 871908838
0 208 891 1125601749
0 1627 2097 933742237
2 4659 177
1 330 3685
0 1656 1674 1844630097
0 420 1619 1461344640
0 1860 4710 53221762
0 58 2797 1415933474
2 2598 53
0 3905 4800 193638374
1 2166 4631
0 43 1029 1352052098
0 692 2837 1874281821
1 4643 4697
1 1448 1505
2 4226 739
0 2152 3212 273828352
0 2790 3966 840062554
2 1834 149
0 4292 4743 1047243545
1 4350 4371
1 957 2865
0 550 3939 1657512031
1 1040 3464
0 629 1732 1986887918
1 4309 4589
2 3156 88
1 1328 4296
1 272 480
0 611 3532 629214568
0 587 4417 1057454722
0 3630 4051 36650497
0 1493 4794 1659867766
0 1559 2922 2061633565
2 1968 84
0 1173 1989 1269950436
1 69 874
2 1782 39
0 1310 3090 109154137
2 1469 50
1 2504 4786
0 2459 4185 2014021344
0 324 3974 620229727
1 1071 2728
1 1869 1884
0 2300 4046 1749682968
2 825 37
0 281 348 434663876
2 383 146
1 3652 4752
0 1545 1857 214887411
1 1491 2585
1 2803 3790
1 1423 4122
0 1770 2143 1290858766
2 135 66
1 1150 3107
2 4093 103
1 2291 3303
0 97 3903 1277396534
0 826 3037 1630224548
2 15 3
2 2977 153
0 2410 4127 651821003
0 3411 4526 799125117
0 1588 2786 424427424
2 2756 9
1 2571 4142
0 2752 4277 233647974
0 3705 3841 1815409802
0 642 1764 1161858858
0 1154 4680 1068047952
0 451 1696 207669298
1 959 3403
0 219 1636 524011411
0 859 1083 1167459222
0 837 3423 1203212162
0 2606 3141 906961186
2 4336 35
0 2188 2985 1651185483
2 855 11
0 562 1469 77045224
0 695 2960 1449025317
0 1784 4304 1084169834
0 1543 4258 1946629800
1 125 1055
1 1084 2586
0 1550 2890 530754703
1 413 476
0 249 1944 1084145730
1 3086 3528
2 4915 2
1 3415 4100
1 3812 4282
2 2440 43
0 1300 3311 1634369315
1 528 1585
0 1867 4670 967478516
0 99 379 820325161
0 375 4726 299397676
1 2401 4450
2 3473 51
1 2944 2980
0 2427 3223 1797665020
2 4462 232
0 4257 4840 328721044
0 693 1732 1218396549
2 3411 44
1 165 4039
0 2065 4276 1654319245
2 4716 558
0 692 4352 722759847
1 1049 1780
2 2385 79
0 1555 2561 205973983
1 1637 3391
0 3144 4097 1241640156
1 1847 2842
0 3035 3035 10131706
1 86 2032
0 2261 2921 1513786626
2 2631 60
1 625 2365
0 2261 2492 766859808
0 502 1865 404349902
1 1318 1855
0 1945 4719 1855626404
0 1362 1833 240878885
1 1307 1412
1 33 4333
2 366 15
0 1263 4134 420358754
0 83 1730 195173933
0 526 3953 1515936289
2 4592 188
0 3 980 2007757057
0 790 3658 1037200291
0 1533 3221 1599376466
0 3134 3897 964226636
1 3639 3644
1 2678 3234
0 1662 3178 222985542
2 651 99
0 3129 4875 1985210059
1 229 1567
2 4097 1
0 2125 3702 1204841820
0 1888 2122 557700204
2 3094 55
0 3180 4740 640018115
1 2560 3472
0 176 517 2142997925
0 1083 2412 1191574397
2 117 36
2 2717 105
1 454 3900
2 3981 24
0 612 1622 914363716
2 3996 115
0 1386 1487 1829296333
0 1102 1808 1356916490
0 3581 3926 1333960145
2 1857 8
0 2205 4413 893867366
1 1806 3284
2 32 581
0 1519 2042 1590745351
1 783 4213
0 3271 4708 1731024770
0 1228 1630 1060320365
0 1770 2387 256157003
1 865 2840
1 2355 2547
0 2387 3203 1506524865
0 2737 4301 1922425201
0 3283 3519 790880790
0 1635 4738 1333609837
0 657 1449 200670972
1 2893 4793
1 2735 4153
2 461 84
0 1182 2483 139973929
1 211 4215
0 2668 3397 1976229697
1 3508 4331
0 804 3643 1162716210
0 2013 3985 549364058
0 1801 4795 1492660685
0 3121 3885 1754201822
1 1382 3134
2 4470 108
0 3643 4372 2107346890
0 3868 4762 76074923
0 394 522 689529251
0 2037 2863 1358237752
1 301 2783
2 326 6
1 652 1400
2 72 94
2 2838 69
1 2870 3232
1 814 4477
0 1522 2341 1644448793
0 1286 3224 1408724504
1 1689 3802
2 2395 36
0 1933 2236 251192277
0 2318 4771 1505068104
0 270 3022 288258436
1 1783 3396
1 1505 2080
1 3202 4482
0 3366 4589 1689715221
0 1408 2160 1022609346
2 2598 399
1 3263 3322
0 1380 4741 2084025805
1 201 3670
1 4212 4850
0 1351 3055 25436651
1 1772 2915
0 590 2391 1164152189
1 649 4786
2 4129 88
0 2372 2825 967156426
1 1949 3529
2 55 181
0 2299 3365 1635222562
0 837 2907 1582899890
0 2166 3291 1462845012
2 4297 806
0 1597 4714 1684623236
1 687 1256
0 382 1437 1264064535
0 1982 3130 779930143
0 510 3200 247889949
0 722 1309 1704779338
1 1579 1704
0 1082 3468 358879334
0 3074 4719 48188125
2 1264 6
1 1712 2095
1 1270 1488
0 1798 4565 1899345021
0 1094 1435 519198714
0 3018 3138 502099909
2 1335 98
0 345 2614 604303986
0 3877 4467 519231042
0 1261 1428 1109282706
0 576 2697 566787931
0 3950 4558 1600996948
0 4133 4486 987637366
0 832 4303 1812754329
0 932 2550 339163142
0 2927 3545 2034657157
0 704 2476 1194881628
0 2131 3043 1949536900
0 1020 3619 1935705008
0 51 1342 1003464006
1 2600 4811
2 2618 96
0 990 1954 1769060848
2 3958 105
0 1171 2047 1396783851
1 900 2096
0 1227 1347 1989373436
2 1700 372
1 545 4405
2 2857 59
0 772 3312 1133552588
1 1747 4335
0 892 3842 551784316
0 547 817 1550228583
2 1218 88
1 2851 3772
0 1352 3090 687586896
0 128 4208 488239113
2 2709 107
0 1845 3601 448486731
1 104 2528
1 4462 4704
1 2609 2771
0 1624 3450 1150977110
2 372 100
0 3512 3664 1708313966
2 929 13
0 899 2650 1269112270
0 256 1458 2075507407
0 1905 4611 1629243729
1 873 3836
2 2380 93
0 973 1274 518351352
0 921 3235 611466969
2 4894 83
2 1310 81
2 989 64
1 3449 4824
0 413 4382 1184426266
1 709 3381
0 3943 4698 1527376854
1 1037 3698
0 1744 3657 1581480170
0 48 2137 1957827335
1 2428 2658
1 2 1188
2 4078 13
0 443 793 1394307359
0 2500 4224 1212501115
1 119 224
2 2105 47
1 2694 4533
0 2740 3881 1347309670
0 1355 4032 1336212757
2 3450 902
0 1569 3507 1666665425
0 108 1687 154829143
2 3273 11
0 3283 4320 251174084
1 1347 2675
1 2184 3506
0 1816 2534 914999213
2 2311 83
1 1790 4393
0 981 2958 370709056
2 73 114
0 1573 2620 124560867
0 465 3085 1872231060
1 570 4280
0 104 4110 1169787392
0 2810 3431 1327547484
0 303 3426 134634305
0 3478 3580 2111194171
2 602 118
1 653 1373
0 3117 4327 1811266915
0 2287 2478 1493915834
2 4308 43
2 1983 62
2 4641 89
0 720 3837 1468559971
0 1959 2092 115331121
0 157 1045 882070158
2 3904 1317
2 1587 202
1 1279 3357
1 1002 3611
2 4605 75
0 1582 3085 1609811448
2 1557 21
2 2916 31
0 1312 2901 1137952725
0 130 346 1142094513
0 3525 3560 304173083
0 724 4618 2146712366
0 2051 3930 1684525186
1 1053 1319
1 3554 3999
0 1996 3488 1086222510
1 296 1126
2 4380 115
0 847 1430 612471026
1 3180 3388
2 2571 126
1 528 3300
2 2146 303
0 3667 4032 1159329683
1 1436 3918
0 243 2866 652567215
0 1184 1934 562951752
0 1741 2436 1118759618
0 287 1487 82166037
0 830 1825 624096331
0 4567 4673 1372313230
0 3422 4451 2098144967
1 636 2614
1 3350 4097
2 3965 150
0 533 2533 1805572529
0 400 4820 628913691
0 738 4418 496346913
0 1185 3575 1795172975
1 1062 4884
1 1548 3217
0 1954 3483 1174027130
0 1217 4399 1873910110
0 2146 2649 169677348
1 950 1282
2 4816 431
0 2104 2379 528896954
1 1159 1249
1 4475 4641
0 2376 4351 294411606
0 1842 2600 671430499
1 3496 4554
0 1209 2260 84196840
0 578 1042 2099770217
2 4326 107
0 1928 2641 858013357
1 216 3165
2 3585 292
0 2318 2558 132360069
2 4185 12
0 2886 3203 2139840925
2 1581 580
0 643 3460 2140589241
0 4249 4772 684422675
0 1422 3350 1887853376
2 888 135
2 4567 129
2 3575 79
2 234 75
1 864 3354
0 590 3120 1162702126
2 2540 82
1 2851 3823
1 3401 3458
0 2348 3294 722423553
1 2027 2859
0 438 2260 1559353101
2 1557 180
2 2649 286
1 978 1071
2 1864 54
2 2885 136
1 623 2434
2 3727 133
0 405 2053 868921851
1 922 2127
0 2295 3382 894718998
0 1811 1961 473818656
0 4641 4807 970555357
1 76 4808
0 2719 2732 387044529
0 1656 3228 327736172
0 428 2060 1739032941
1 1311 4869
2 761 237
0 1046 3999 414904332
0 2098 4788 1815810986
2 1424 20
0 3080 4005 1035672706
0 617 1746 1635681014
0 3742 4300 1721583017
0 1464 1492 2078542989
1 77 2323
2 4540 190
0 2948 4516 140240986
0 3303 4785 1984460190
1 2931 3941
1 842 2312
2 3697 205
0 1167 3773 1468177339
1 601 3150
2 970 18
2 2896 737
0 4518 4813 1852292554
0 594 837 1165242992
2 4160 91
0 1170 1520 1589150762
0 2941 4669 1371796511
1 3182 4850
1 2932 3435
0 909 4656 95457056
0 1278 1759 757152429
0 3254 4880 2107327059
0 2277 3042 151347276
2 4311 135
2 1530 5
2 4013 136
1 13 4147
2 3734 112
0 2185 2615 1621994524
0 1134 4443 589135919
0 967 3006 1880515895
0 2169 2565 2146327245
2 3919 1264
2 4901 75
2 264 59
0 1832 3962 281894252
0 3192 3882 1549267578
1 179 2351
2 1584 1238
1 584 1256
0 4126 4730 1011928917
0 54 3443 1451471964
1 152 262
2 1876 202
0 3416 4226 615976619
0 1382 3018 297315059
1 3649 4340
1 2669 3547
1 143 3118
0 3056 3831 1577041756
0 156 462 226688866
0 451 3393 1807804390
0 154 4122 1273401592
2 20 700
0 5 969 1345484929
2 2161 114
0 298 1144 1857927048
0 642 1156 1589530807
1 173 4546
1 403 4294
0 1296 1596 23240030
2 1715 89
0 581 3733 6146437
2 2586 56
2 1703 107
0 1875 3364 24771977
1 335 414
2 3815 16
0 611 684 1464110324
2 1587 107
0 3650 3906 1754763620
2 4445 67
0 1206 1402 1814165468
2 1788 658
2 1666 14
0 1469 3326 1988850545
1 1422 3492
0 2223 3366 507435609
1 4048 4492
2 559 136
1 1117 2056
2 182 324
2 2261 13
1 4524 4563
2 418 76
1 1148 1427
0 1717 2103 200769968
2 1722 54
0 2865 3584 366665303
0 2037 2600 1933363747
2 1857 99
1 398 1690
0 2607 2837 2041969421
0 417 3181 905291057
0 2316 2431 543594548
0 1136 4037 546771942
0 31 784 748564077
0 767 4592 767036783
1 1627 3166
0 3316 3959 1886976378
1 259 4878
2 2646 199
0 1542 2160 900014930
0 339 1685 1252266680
0 2421 4314 686745224
2 275 96
1 3452 3986
0 698 4106 1772511126
0 719 3022 713700332
0 296 3760 1573574502
1 1339 1863
0 2288 3517 1118916880
0 2910 3733 1794006983
1 3234 4861
1 1104 1767
1 1492 3242
1 3414 4612
2 3338 780
2 2879 116
0 333 1693 673041154
1 2538 2961
0 1971 4700 145708404
2 1375 74
1 1068 3839
1 2159 4528
2 4554 133
1 364 4428
2 683 598
1 3498 3501
0 3289 4290 918043030
2 4373 101
0 1210 2453 109322546
1 4647 4878
0 324 4156 752266507
0 3368 3519 1216499400
2 3768 106
0 2341 3139 1415399023
0 57 2193 98688562
0 1690 4826 1832567401
1 1890 4878
0 265 4606 408546266
0 52 3476 1319935023
0 1150 2914 1460930015
0 1570 2539 427428554
2 4250 273
0 3464 4553 1819698058
2 3037 120
0 1554 3697 115747189
2 2162 226
2 4747 128
1 983 3296
2 2658 53
2 2125 91
1 1097 4074
1 729 4845
1 1721 2890
0 1268 2133 357174753
1 9 1068
0 479 3032 1355907435
2 4575 51
0 1609 1975 237942768
0 205 3072 770932114
0 805 933 518368875
0 2097 2921 864275997
2 3250 120
2 1184 148
0 1954 4141 812619124
1 4377 4839
0 1081 2530 485315111
1 2886 3470
1 419 1472
1 2157 2997
2 1492 332
1 2516 3842
0 1326 4173 467764515
0 1401 4780 506006893
0 193 2527 174010393
0 3829 4299 203126180
2 632 4
1 1336 1884
1 259 1006
1 3868 4785
0 129 3567 610765721
0 2656 3838 2113368913
0 2509 4373 439013523
1 2623 3061
0 864 3650 1071366497
1 1754 2035
1 1311 3041
2 1951 162
0 461 2780 1520069897
1 367 4129
2 1085 58
2 774 119
0 1414 2527 1425792379
0 16 3682 1897769563
0 2067 2939 807977453
1 2013 4477
2 3687 48
1 2534 3283
0 979 3438 131526952
2 1820 18
2 2472 51
2 4214 45
0 3116 3614 847669427
0 1625 1716 695555797
0 476 673 1071426336
0 653 4506 1117108598
0 4138 4182 372126482
2 1924 43
0 565 2416 1973966094
2 1897 88
2 878 148
1 1571 2206
2 1518 642
2 1189 130
2 2245 221
0 1037 2592 788290535
0 1557 1790 1335349564
2 4633 31
2 46 185
2 1500 59
2 1608 51
0 152 4595 724670101
2 4407 156
1 3726 4610
1 1994 2192
1 2039 2312
1 3199 4541
2 2005 14
0 217 2156 1536720862
1 2855 3673
2 1318 216
0 429 3906 152354182
0 1499 3153 891386768
1 1547 3809
0 3502 4428 672475774
0 2145 3426 1399273424
1 918 4533
0 3172 4490 339954595
2 3464 1658
2 3469 81
2 2264 275
2 2000 6
1 4317 4632
0 4203 4570 1256167632
1 1974 4134
0 519 1541 1974871857
2 1342 757
2 1491 1
0 81 3645 312609951
0 1598 4450 1648747296
0 1646 2232 423637749
0 445 4209 642631652
0 1985 2426 172573428
1 1706 2179
2 4672 130
0 1457 4475 459501871
0 1215 1756 292347056
0 62 3766 1008160968
1 14 765
0 1525 1796 2141493118
0 2401 2604 1981565024
1 2437 3514
1 2190 4014
2 3606 161
0 2849 3125 73296827
2 565 19
0 617 2360 890066925
0 45 4769 1233901595
0 3895 4826 1833417913
0 2457 4854 1586034170
1 1629 4822
1 56 3319
0 2274 4448 1022386311
0 3540 3924 1752328433
0 1365 3535 1784171388
0 59 3781 224838238
0 3953 4300 1362368518
2 2186 165
0 4431 4660 1796953688
1 812 3655
1 3033 3728
0 2666 4895 316948289
2 2177 57
2 4114 130
1 4249 4348
1 3761 4186
0 3318 3724 340943788
0 495 2248 1874334735
0 2620 4392 1587633217
1 3982 4602
0 602 1861 208998435
2 1733 359
2 4596 49
1 2447 3391
0 173 3886 1272000106
1 498 3538
0 578 831 2060694246
0 2834 4065 1019870151
0 1387 2600 1129382835
1 2640 4165
2 2815 100
0 236 2960 318972192
0 1507 4300 967666684
0 487 2401 1797532749
0 940 3949 1222321008
2 3836 168
1 2013 3646
1 1578 3018
1 3308 4599
2 2921 283
2 2438 1493
0 1010 4274 64134527
2 3553 24
0 3422 4253 517714625
1 2032 4868
0 54 817 1881924535
1 1131 4787
0 16 4399 168632355
2 514 28
2 4253 8
0 773 3587 396884450
0 1417 4278 1966595888
0 176 1253 847427475
0 792 2242 1985376444
1 2581 4846
0 2776 4205 847127779
2 491 1640
1 814 1659
1 2230 4812
2 3528 43
1 851 3681
0 2969 3608 246842153
0 1465 2103 2141587752
0 2299 3926 1535101069
1 3613 4812
1 428 4460
1 3648 3683
1 429 2689
2 1985 128
1 138 493
0 1279 4109 101103447
1 18 576
0 308 2524 1231983636
1 1848 2575
1 757 3030
0 1949 3855 1057929173
0 903 3377 1434985989
2 2673 2
1 3355 3683
2 4269 73
2 1062 24
0 622 1818 523372202
0 2083 4162 119260372
2 4775 118
1 1739 2925
1 503 2570
0 2101 4725 791860508
2 4425 845
1 1720 3779
2 3583 82
1 53 4383
0 2978 4395 1376703084
2 982 18
2 813 179
1 1167 3217
0 414 2538 186966321
0 55 1377 1287354887
2 2197 164
0 101 3281 1561172513
1 3462 4474
0 1908 4821 971210564
0 2770 3218 843598658
0 1902 2229 59490453
0 1638 3702 1725614479
1 2041 2682
1 4604 4879
0 457 2676 1382070789
0 1615 4545 648468409
0 4447 4526 1099764878
0 1083 2773 1955057197
2 100 116
0 1668 3608 1400150936
0 1564 4746 675898962
0 1249 4570 452997619
0 4522 4641 1080352829
2 208 83
0 2415 3376 1225244223
0 2070 3854 938502031
2 4233 172
2 4431 70
2 4200 283
1 563 3944
0 770 3613 1649378480
2 3476 63
0 4145 4625 392769266
1 2743 4337
1 19 4759
0 1511 4497 1411291310
0 2718 3778 1729508288
0 2645 3280 1232128105
0 2353 3398 1974925327
2 2155 141
0 3111 3855 1457373278
2 3161 184
0 1435 4671 417045043
2 3273 162
0 746 1395 519703200
1 214 1866
0 3235 4398 1166442201
0 130 1440 1795871855
1 3153 3543
2 1934 23
1 3678 4664
1 253 1346
1 2014 3638
1 859 3613
0 2492 4411 414629915
0 2756 3110 2037214869
0 1386 4256 505289465
0 1325 3203 1000493271
0 1466 4015 745241313
0 3366 4268 995446917
2 3876 95
2 3465 467
1 1698 4706
2 2723 292
1 1570 4538
0 1531 1640 33812592
1 1735 4727
0 693 4176 1629763004
0 986 3809 98811087
0 413 979 648218614
0 185 4719 1829147108
2 3025 1728
0 142 1925 1086944114
0 624 3562 1106764549
0 2729 3118 1958478517
0 2689 4431 511648667
0 599 4358 767982254
0 1760 1929 1521473072
0 509 3993 359477616
1 239 4349
0 2815 4886 925729568
1 2751 3740
2 4041 82
0 402 839 1531613959
0 2679 2967 2037122360
2 3397 96
1 2225 2798
0 2588 4124 762127101
0 854 3574 697650229
1 3379 4662
0 1524 2897 513048244
2 1295 63
0 700 2552 2011111489
1 1462 4694
0 1276 4082 344301316
2 3670 336
1 2526 3336
1 337 3267
2 4770 156
1 947 3803
0 124 742 1725271957
1 4467 4803
0 951 1193 1687191605
1 1528 1966
2 282 42
0 3480 4152 530110020
2 427 134
1 947 3957
2 3782 5
2 395 423
1 1986 3655
1 2663 3208
0 2008 2292 409376629
2 1110 51
2 368 271
2 947 28
0 2831 4835 874840125
0 2029 4591 274225717
1 329 2326
2 174 166
2 1251 73
2 1775 161
0 1016 2564 1624752204
1 752 2693
2 121 162
0 2843 4449 1104820522
1 2596 3264
0 1456 1788 222429608
0 4230 4325 1090153981
2 4803 222
1 2577 4296
0 594 2776 1446969501
0 2940 4908 498893367
0 2412 3678 542685362
0 668 4287 1017600406
1 1980 2393
1 2263 3573
0 2148 3191 1096142637
0 202 3817 438071264
2 2828 11
1 2903 4067
2 1906 14
0 1633 3885 1764752872
2 4918 80
2 1958 186
2 902 53
1 1786 2161
0 1705 4299 814608915
0 1658 4014 650738248
1 2209 4345
2 1672 198
0 890 1624 1282418680
1 1809 3663
2 4310 519
2 3060 46
1 144 842
2 1121 1534
2 4138 98
1 137 3369
1 3606 4193
0 314 3584 2019189958
0 4207 4278 129510864
1 245 396
0 758 4474 1421453363
2 1836 152
1 814 2487
2 3784 201
2 4425 14
0 3006 3828 1430834062
1 4555 4586
2 987 42
0 1413 2822 656980052
0 786 4918 1780371029
1 1261 3825
2 134 34
0 3139 4660 2129245640
0 2018 2404 779887386
0 1904 4669 1253326811
2 3954 123
0 218 3574 1851437308
0 752 2886 929070855
0 3176 3939 1605973816
0 4468 4862 551176874
1 184 2976
1 2186 2233
1 119 4662
1 1452 4469
0 3958 4686 786352314
2 4514 462
0 564 4064 1931899376
1 482 3578
1 123 4240
0 1852 3226 1210312022
0 1193 1565 1648457477
0 122 2661 1390360023
0 791 2266 486330420
1 1946 3751
0 2727 3292 722738223
1 3807 4179
0 3896 3929 346762174
1 971 1025
0 2931 4314 1559434437
0 2453 3047 1282822668
1 950 3955
0 178 1379 1601485142
2 812 936
2 2187 149
0 3554 4018 1826760481
0 1566 3600 1876288368
0 1041 1134 829417589
0 1434 3153 969656756
1 665 787
0 247 2338 22305745
0 1448 3546 498435140
1 1596 3341
0 882 1976 258476452
0 3643 4481 2012109894
0 161 922 1549284058
0 627 4075 1257306376
0 791 1291 371767009
2 2152 21
2 2559 63
2 4510 63
0 3624 3811 279961638
2 4097 21
0 1443 2061 1521479570
1 1235 4761
0 3782 4177 1751601001
2 108 365
0 277 1303 939509114
2 3026 714
0 452 2205 543809651
0 4630 4661 807727797
0 2027 4868 36899488
1 939 4351
1 2776 3498
2 1153 153
0 2744 4156 1130141058
1 3000 4594
0 371 1873 1251099939
0 1162 3313 1911810495
0 1930 3047 1868180147
1 272 1862
0 4165 4765 524856057
0 3333 3421 374254465
0 2966 3914 897548629
2 940 74
2 4839 109
0 2468 3364 2042019788
1 2294 4409
0 1936 4420 1689706779
1 491 3432
1 38 3853
2 1481 170
1 3007 3754
0 3324 4079 284975073
1 72 3586
0 237 1358 2095368800
1 2879 4752
0 876 3370 1949932610
0 1309 4449 820148087
1 2039 4216
0 874 2701 1238878368
0 431 1306 1450582123
0 370 3341 1253090666
1 219 497
2 1944 36
0 3878 4643 1424241352
2 2154 164
2 1833 250
2 3366 66
1 174 2976
0 671 2674 1493099139
1 1598 3394
1 563 2178
0 677 2166 193815667
2 3524 155
0 983 1207 1935414600
0 3951 4572 1658736096
0 2404 3972 1387074009
0 3082 3625 1122560570
0 1953 4157 1716103695
1 1378 2073
0 1048 4278 2102098527
1 1348 1708
0 1378 3310 1363596692
2 4846 460
2 1327 144
0 465 566 1278283392
2 3183 88
0 557 4341 100751740
0 1671 1904 2087316752
0 3276 4175 933642521
0 1939 2775 200065090
0 1622 4799 257434300
0 2451 4529 1869787768
2 992 101
1 811 4797
0 2179 2336 939909175
1 341 610
1 2548 3673
0 709 772 1483570396
0 1209 3720 768820935
0 2355 2965 2132781290
2 4264 1593
2 4645 205
0 67 2212 1936663762
0 934 2568 1970949776
2 1054 187
2 3635 1938
1 917 1414
0 542 760 1137297861
2 2248 90
0 2268 4687 609721485
0 313 338 1962152961
2 1076 73
2 117 106
0 1034 3851 1996595354
0 1624 1971 601321017
1 1253 3876
2 650 22
0 987 4765 1690027781
1 692 4347
1 433 2796
0 945 2247 2019302441
0 2700 3111 944083296
2 3022 22
1 2264 4438
0 2034 2506 561123815
2 1243 194
2 3528 96
1 156 471
2 3503 199
1 164 2712
0 80 4889 320335883
0 2113 4459 975360709
2 4811 351
0 937 4700 1926839197
0 1775 2314 2097743291
0 107 588 204017763
1 933 1798
0 227 1768 1433732676
0 481 836 1037906671
2 2750 210
1 841 3670
0 2460 3099 1056618190
0 3394 4078 443082109
2 4461 122
2 2344 1735
0 3765 4460 1845669277
1 1155 3834
0 153 4227 291594298
0 2612 4655 554178591
0 2757 3130 336594978
0 1045 1367 581927439
2 3851 223
1 3093 3354
1 2635 2916
2 891 80
2 3658 36
1 880 2219
0 2320 2786 113148663
2 2283 21
0 854 2623 2007250832
2 3601 204
0 477 2324 37271687
1 860 3711
1 3345 4464
0 1866 2278 2067501514
0 1012 2651 27436825
0 412 4427 526135423
1 1377 2331
1 59 2014
1 179 2983
1 579 3843
2 2386 427
0 2540 3397 1221504901
1 1352 1981
0 293 3245 1484119009
2 1831 175
1 1118 4814
1 1441 2092
0 1456 2612 1976992849
2 1945 77
0 2593 4321 713702878
0 3011 3044 1497918574
0 3915 4345 918258228
0 1258 2504 16402412
2 794 74
0 1851 3406 1766306733
1 2487 2886
1 111 3458
1 3150 4686
0 1373 4134 1969023319
0 150 1051 1832068408
1 1751 1843
1 2208 2940
2 2687 2003
2 3100 1454
0 1331 3890 1461222601
1 333 2538
1 1379 3229
2 2759 57
0 2297 2550 1668484444
2 3643 152
0 931 2451 36351419
1 3576 3812
0 1993 4304 1993917512
2 355 83
0 697 1099 589358397
2 1867 94
0 2381 2705 353485777
1 541 4275
2 1578 139
2 1326 145
0 2026 3818 129690933
2 3091 13
2 2815 475
2 557 103
2 4094 524
2 12 222
1 1277 3285
0 1002 2733 1583388761
1 1304 1735
1 27 4114
0 81 4790 1833275459
2 4132 316
1 2475 4085
1 1174 2486
0 2891 3906 2042985281
0 685 2351 924091188
1 64 2446
2 4774 219
0 4736 4812 225029025
0 3172 4421 42306846
1 210 4622
2 260 178
1 153 944
0 1958 3759 1063265394
0 1051 2562 676677140
0 1302 2460 1186775666
2 1730 29
1 454 2854
1 1330 3790
2 3325 168
1 2165 4098
0 1742 3846 833470204
0 257 3292 1778355184
2 1057 141
0 1214 2797 2008536270
0 1581 2421 185089382
0 1419 2437 587309999
0 1239 4580 1532489656
2 582 102
2 3595 123
1 3057 4411
2 2915 184
0 813 3296 763839679
0 2231 2946 2132992362
2 3065 221
0 1269 1751 1066307545
2 2470 147
1 1921 1962
0 3251 4000 1602388513
1 3205 4527
1 518 2637
0 2299 2826 1080708920
0 841 3969 53344502
1 588 627
0 591 3453 632890602
1 417 4038
0 351 3668 1010405465
1 1048 2144
2 4786 194
0 1992 3885 1970754191
1 983 3920
0 1966 3156 999290980
0 1256 2561 1837252680
0 968 2076 1698191134
2 4777 122
1 1544 1819
0 2083 4495 2108634446
0 1411 3368 1138124058
0 413 2468 898628588
0 110 2688 103790168
0 2368 3683 652240137
0 2650 3581 585236416
0 909 4111 236678237
0 1031 1407 282492307
2 4370 62
0 3538 4198 1743192307
0 1072 1731 1673159290
0 2427 4659 953671971
1 3443 3853
2 2365 107
1 2967 3772
1 1000 3969
0 2878 3420 381720280
2 2376 140
1 3087 4802
1 3842 4847
0 2328 3102 1689693552
0 548 3475 803921132
2 573 175
1 546 4389
0 1587 2169 2084469417
1 298 3054
1 1702 4793
2 210 106
2 554 697
0 1916 3484 667704843
2 704 138
1 807 1667
1 1666 1965
1 1936 2287
0 1028 1691 2053020478
1 2532 4024
2 2442 142
0 4400 4506 1431685195
0 581 1548 1749443416
0 3214 4568 199976836
0 1711 2472 2591981
0 236 1365 1766457493
0 3140 4195 1321090666
1 107 445
0 449 2548 1687000608
0 434 2029 569539766
2 673 220
2 3462 25
1 3284 3697
1 1901 4529
2 3353 81
1 389 2094
0 1329 2923 126659861
0 368 1164 486592891
0 2154 2777 1484385431
1 163 4789
1 43 309
0 3091 3499 1698917073
2 2902 35
1 1587 3134
0 3276 3515 64539439
1 2466 4895
0 619 3558 1341165392
2 783 209
0 3109 4269 1631626256
2 4370 50
2 4314 1
0 3276 4230 1807041186
0 1778 3596 795869451
2 2017 76
0 2800 4247 1001692382
1 525 4426
2 3629 186
0 1240 4504 83744065
2 3535 181
0 861 2608 182095977
0 2238 3884 1720642379
2 3949 420
1 901 3852
0 2997 4367 1285371315
0 4348 4471 1062333230
0 83 2313 1115788414
1 3272 3933
2 1814 142
0 2185 3326 1016583642
0 422 2753 1856309194
0 1718 4385 843245357
0 767 2698 220863452
2 2213 129
1 139 956
0 173 1378 1584130420
2 1647 516
0 2464 4747 1298963353
0 1384 4182 38790335
1 1816 2836
0 445 1611 926395673
2 250 227
0 2023 3364 286387324
0 461 692 1622773783
0 2107 2259 1162130831
1 4230 4423
0 532 1574 932954636
0 2010 2347 559432667
0 2988 4255 812659281
0 1261 4690 237172172
0 1794 3971 1404773592
2 1620 184
0 1668 3161 14915668
0 16 979 1774915356
0 216 4126 2116288504
2 3605 245
2 4680 207
0 1058 1148 822907481
0 3529 3780 1121857400
0 2022 4648 1287796073
1 3432 4800
0 4043 4403 2120481649
0 1905 4338 1175106496
0 987 4877 312944969
2 3416 14
0 3223 4382 1572661075
0 1831 2048 1619846161
0 144 4850 1438173620
2 4428 160
2 4601 59
0 37 2080 707729644
0 2395 2887 402491130
1 315 752
2 2774 29
0 2408 2917 431184062
1 4132 4302
2 61 215
0 2140 4232 553338763
0 2224 4059 541125153
1 1862 4597
2 2907 145
1 1301 1401
0 1181 4638 494013454
0 70 4671 223695839
2 4214 203
0 1489 1916 717922298
0 905 2173 1292229068
0 112 2497 1470824526
1 1255 4399
0 226 3052 1667403549
0 977 3269 2009882387
0 3879 4192 1726503756
1 204 4161
2 4306 495
0 1884 4065 2133696080
2 1191 931
0 1498 1572 1535858796
0 1284 4767 139296503
1 3401 4502
2 4776 1128
0 1595 4163 509928404
1 3161 4259
0 3717 4160 104290925
2 3923 28
1 289 3404
0 1242 3383 2004345910
0 3295 3962 1254514196
1 4127 4826
0 565 741 1900053943
2 4193 229
2 4902 14
0 42 668 1405867479
2 1994 209
1 3517 3638
1 2725 3057
0 2850 3465 2056475243
1 2548 3612
0 2612 4590 1050488780
0 51 3659 1166348482
0 1822 3127 173132167
1 622 890
2 3946 214
2 4750 22
1 744 946
2 4518 18
2 626 237
2 807 906
0 811 2214 1510539143
2 3767 31
0 1963 1999 342956168
0 3103 3355 1107552229
0 2421 3871 1907702887
1 1080 2954
0 2871 4038 5590598
0 3677 4564 1878824380
0 1899 4597 372351815
0 3966 4066 1052291287
0 1020 1407 2067418966
2 3187 299
2 3428 188
0 1381 2971 1365859731
0 535 2909 323194518
0 211 2984 96413566
1 143 2886
2 4154 2206
1 1904 4551
0 902 1982 305910074
2 4074 77
1 2461 4311
1 4521 4792
0 412 4671 1057876747
1 3096 4495
0 3730 4460 1339286940
1 3092 4132
1 1678 3582
0 931 1229 1809651887
0 4085 4724 1842138165
0 3175 4723 1638252443
1 999 3299
2 1686 12
1 2796 3996
2 28 240
0 1214 1354 90529663
2 3865 185
0 1633 2517 1882622110
2 3525 513
2 3483 869
2 1068 131
1 1706 2677
1 1295 2665
0 857 2007 1992712907
2 3778 165
0 2384 3392 1018945391
0 1389 3468 2127244702
0 2129 2335 1315764076
2 1953 61
0 1062 1734 679847203
2 4167 230
2 333 54
0 454 3060 1537353208
1 4036 4706
0 1870 2518 1957027709
0 56 1105 440036878
0 958 2167 699371610
2 2236 23
2 807 1651
1 1260 3083
0 3102 3266 1391411236
1 1079 3107
1 1487 2579
2 2619 121
0 332 4623 1043206267
0 410 2726 1016965501
0 1509 4250 1972101199
1 1158 1451
0 2419 4395 283387651
1 900 3926
0 4008 4544 1134218235
2 4867 69
0 556 3521 1223257462
2 3284 423
0 212 2958 608603001
0 84 2920 660959772
2 234 597
1 412 703
0 652 3826 1100265142
0 1603 4065 1051959433
0 290 4477 926270025
0 2110 4551 1186077508
0 3533 4617 380548453
2 878 229
0 1336 2112 1698497607
2 3086 206
1 91 166
2 4057 36
2 208 27
0 428 3657 1101923841
0 745 3558 1355663594
0 751 3872 1787924948
0 992 1401 580639724
2 2436 241
2 3763 227
1 92 2262
0 1829 2689 973242217
1 270 2148
0 3295 3618 641656901
0 1515 2442 533186664
0 1466 4039 572744957
0 56 1952 227920683
0 561 4655 335225992
1 1532 2620
2 4738 225
1 1214 1390
0 1111 2309 1410457290
2 2886 53
2 3897 439
2 3034 38
0 3424 4854 505259146
0 699 3640 715765753
1 1991 2815
0 1868 2115 1931639642
0 2881 4418 1797217372
1 1543 3151
0 521 811 758827843
0 3150 4009 635772216
0 1265 2051 791203713
0 825 2359 165689093
0 3211 4488 844709009
0 344 1685 1664133962
2 280 91
1 1856 4900
0 97 2495 1289596443
0 657 2824 1467330336
0 1942 4011 1638047457
1 3523 4028
2 3014 27
2 740 11
1 3908 4241
1 1305 4401
0 1962 3124 1030680828
0 4279 4825 1558938465
0 219 411 1494548918
2 3910 419
0 600 2639 141509800
1 746 1057
2 3078 1507
1 2618 3892
0 4194 4331 1383203949
0 318 4741 1852624065
0 1215 2405 743826934
0 1530 4624 1835415594
0 1441 4888 1486717860
1 1099 3061
1 1220 4363
2 2267 1097
0 149 2485 256154752
1 1661 2333
0 2935 3190 362142831
2 398 207
1 3459 3743
1 593 3583
2 3389 17
0 955 1945 284329286
2 4404 55
1 469 2431
0 2892 4448 994643699
0 769 2549 1853375115
2 1300 114
1 206 1191
0 3135 4436 725033003
0 4335 4898 367868713
1 3093 4200
0 605 669 1719301595
1 1989 3079
1 807 4847
0 362 2106 1070700038
1 2734 3449
2 1081 179
2 3430 331
0 4056 4494 177450128
0 841 3825 834666033
1 2674 4336
1 1527 1919
0 57 104 803663775
0 2117 3543 450878090
2 3329 37
0 1730 3878 1393951402
1 608 2986
0 1209 4136 1354013898
2 1346 28
0 1449 3221 1987532233
0 3735 4569 445861843
2 710 100
1 2152 2439
0 4140 4881 678450923
1 4196 4360
0 3556 3787 1798958759
1 4650 4705
0 1405 1989 1600658249
2 2735 232
0 1405 4130 1337052096
1 357 1664
0 1888 3344 2099472532
2 593 67
2 2814 174
0 281 3302 1230464372
0 2967 3547 518551817
2 3263 49
0 1800 3619 830587876
1 3498 4509
1 1797 2288
1 357 2494
2 3847 160
0 2475 4073 95557255
2 1373 661
1 469 1033
0 8 2513 600483811
2 1999 154
0 681 4889 1868961708
2 2987 1904
1 39 837
1 3313 4061
0 3462 4530 2056796487
1 767 1208
0 1473 4424 598458433
0 2598 2844 118050987
0 912 2173 89090234
1 1952 3651
2 3598 179
1 518 2929
1 797 3680
0 205 2004 1688316378
0 750 1972 476155426
2 2000 1960
0 733 1033 442139150
2 3497 265
0 1507 3519 1345507655
2 604 46
1 2054 2404
2 3217 265
1 451 4589
2 1058 164
1 3423 4577
0 1562 2419 232983414
1 1146 1888
1 719 1801
0 3685 4267 7303692
1 1062 3436
0 3886 4866 1022032981
0 265 4866 1202777213
0 1681 4083 1441402322
1 3457 4553
1 1918 4581
1 777 4720
0 126 265 1155237500
1 758 1196
1 403 4004
1 711 772
0 1624 2787 1802984872
0 558 1841 1702309141
2 3350 234
2 2075 133
0 1648 2378 1852587774
1 2866 4372
2 164 246
0 1788 3166 625026255
0 2345 4395 2116193020
0 205 4027 1601836934
0 2279 3498 61612346
1 249 650
2 3274 1712
1 1714 3790
0 4534 4880 1332412042
2 2321 185
0 1149 2922 383780689
2 4289 228
0 4537 4691 1787327379
1 374 4132
2 3422 235
1 3757 3779
0 3889 4867 362595460
0 2305 4041 1191739286
0 1587 1785 340464383
0 1353 2831 26675911
0 1539 3262 1965218330
0 2871 3267 1020282459
0 599 2916 646327053
0 2172 2332 909172171
2 1799 204
0 958 2916 1446552918
0 2038 2814 679895159
0 2699 3493 1731713289
0 3379 4192 916676039
0 2814 3685 339762751
0 1785 4790 1493433241
2 3699 2598
2 2071 267
1 3283 3402
0 644 1183 94352616
2 4180 353
0 761 1046 266545996
0 640 1683 1582593292
0 950 4659 103132915
0 1832 2960 61590142
0 978 1614 1046105247
0 3964 4692 2071235357
0 298 4002 998946085
0 1187 4295 173449630
0 1839 2233 233989624
0 1586 3521 828423605
0 1326 3715 1539132250
0 1756 1917 399550692
0 4 3927 35451810
0 2852 3967 2075936716
1 170 2059
0 1776 3641 1087118310
1 350 4619
0 960 2331 890243768
0 2447 4674 1011595942
0 306 4364 58411600
0 705 3381 1870121228
0 1711 2681 1550078507
0 217 3765 1477017154
0 1018 3776 883504235
2 1933 78
1 1066 1497
0 3404 4149 1631666386
0 704 3918 315603449
0 785 3648 2143632421
1 2023 4823
0 1358 4352 96486358
1 2811 4747
1 3378 4743
1 4525 4874
0 1857 3755 1066247436
0 1083 2561 70407094
0 575 2263 1666807133
2 308 219
0 1337 3912 1824734454
1 1112 3713
0 1305 4489 269942889
0 911 4221 701025231
0 146 1907 1630558787
0 2887 2913 66805079
2 2849 74
0 280 4669 1790332691
2 4394 668
0 781 1228 1132838860
2 1994 400
0 1137 3617 1671200535
0 2585 4085 1808983983
0 3528 4206 917065834
0 578 4485 885449369
1 1374 4154
2 227 31
1 2075 4446
2 2333 268
2 375 79
0 693 1831 1075088812
2 3668 231
0 1745 4402 1572470867
0 1395 4528 1528783939
0 2080 3496 1501037021
0 431 708 289193420
0 479 1491 520358841
0 519 1865 1395445731
0 3231 4696 260749419
0 727 3998 1908497782
0 606 3728 615464548
0 489 3733 622975764
0 2357 4380 602261195
2 3662 155
0 627 4016 1015642784
2 3165 509
1 1857 4287
1 666 4836
0 802 4794 2112503025
2 1223 262
2 2493 147
1 4333 4903
0 1172 4122 1245029005
0 1634 4661 714407929
0 3140 4865 1149149348
1 3858 4426
0 672 4516 1010263642
0 375 820 1824329753
1 542 923
0 337 526 277010458
1 1906 2071
2 430 82
0 564 3882 1182459740
2 2814 138
2 4335 127
0 354 371 2063274683
0 880 2286 1530179779
0 644 2221 1695525117
2 3678 273
2 1227 194
0 451 2760 340998597
2 3939 163
0 3614 4292 1794520106
2 4017 267
0 2214 4768 1584063777
0 765 2479 1966559962
0 1921 2340 1770241772
1 1384 3601
1 988 1645
1 218 618
0 1936 3610 230463219
2 2870 92
2 3112 307
2 67 83
0 1450 1969 192641047
0 2438 4632 1715375183
2 678 84
0 1335 3678 999115126
1 3920 4753
2 799 227
0 149 1261 284115157
2 626 126
1 807 3466
1 2276 3865
1 3610 4233
1 3234 4327
0 3684 4878 1181763728
0 448 4878 1902062977
2 3112 41
1 1458 3192
1 142 2660
0 414 620 204885321
2 3564 232
0 3920 4259 136887196
2 3421 21
2 3876 81
1 1684 2545
0 2021 4740 1092793677
0 235 4861 362390026
2 3718 1059
1 3302 4754
0 2774 3242 1036393079
0 1252 3934 2071195683
0 257 1874 2128506395
0 3330 4357 1400118634
0 4009 4168 897327939
0 165 3743 1037516333
2 3192 548
2 999 147
1 272 1051
0 1582 1703 1447533950
2 34 86
1 1423 1958
0 2257 3566 1612062007
2 3167 272
2 3038 1168
1 3310 4576
0 369 4310 737560870
1 1187 4582
0 249 3144 1061483053
0 253 878 1858425692
0 1621 3701 1317895052
1 1252 3084
0 59 1600 435655651
0 387 4115 2115381210
1 841 1907
2 1714 197
0 2543 2987 318818587
1 1658 3103
2 2292 163
0 690 1832 240478266
0 169 1424 678863273
0 1010 4132 1294995295
0 2703 4356 1953048657
0 286 3109 1897140656
0 323 4368 1602978927
0 2015 4776 1518648455
2 2190 46
0 2720 3661 542023995
1 2183 3898
1 889 3279
1 2495 3173
0 483 1135 1651489417
0 1968 3199 217184635
0 3146 3158 1527236283
0 3046 3149 228461217
2 4007 1116
0 3831 3956 1458826211
2 1315 65
2 2559 94
1 3396 3620
2 2810 48
2 997 19
0 4299 4899 1579427483
1 2157 4535
2 2432 155
0 468 4480 553767183
2 1359 205
0 1901 3063 1603574867
2 159 41
1 535 2591
0 783 2603 747867283
2 968 10
0 17 1831 1104943668
0 1335 1567 1587312605
0 477 1660 1321186577
0 3191 4384 2113962990
0 20 1073 784121904
2 1743 205
0 280 2849 1623011879
0 1643 4895 364707446
0 1798 1831 677174691
0 791 3839 1299216687
1 1119 2339
2 3841 145
0 55 2982 1612624675
1 420 4635
2 3820 190
2 1988 248
1 909 3808
0 528 1228 118453481
1 4031 4269
2 4502 149
2 4242 2400
2 4666 243
0 3514 4437 931365883
0 2295 3722 185379915
0 829 832 988335538
1 2437 2819
0 2021 4196 1408968509
2 2138 266
1 1154 4049
0 1 902 1027177364
0 3785 4880 1285299246
0 46 86 967108507
2 2765 278
2 1614 59
1 2084 4323
2 1600 62
0 1600 1952 536495049
2 4531 1346
1 529 2773
0 1015 1388 1334916685
0 3057 3741 206884744
1 3562 3912
0 716 4840 728706235
2 1487 100
1 1410 4630
0 1023 2934 1465577646
1 1594 3335
0 564 1345 1847629002
2 1951 466
0 1872 4871 1405616314
0 1422 3489 246870900
1 1862 3007
1 996 2884
0 2179 4831 1437698618
2 191 149
0 3147 4404 1338800418
2 2477 408
2 2645 1047
1 708 1002
0 2099 4333 1455862389
0 328 4735 849879189
0 196 4533 940905400
1 1741 2741
2 3959 105
0 2065 3334 2031007756
1 2736 3897
2 1904 397
1 2231 4418
1 521 4613
0 2261 3036 1531981149
0 1372 3743 1451162259
2 2019 80
0 998 3050 868054751
0 1374 3066 819742900
0 448 715 796270420
0 610 3921 695916672
0 1738 4441 1246042969
0 851 1298 1831833053
2 1254 1026
0 460 4699 607719212
2 1691 222
2 3411 241
0 1163 3715 917508636
1 3818 4198
0 299 2740 1850705999
1 1609 4410
2 3967 293
1 1608 4342
2 1113 117
2 3 185
0 4596 4596 683629473
2 1436 2677
2 830 348
0 2834 4855 315220880
1 710 4291
0 486 4373 1085576011
0 233 1681 71856793
1 679 2779
2 3740 1301
1 2941 3284
0 3221 4792 545570656
2 3093 183
1 712 2943
0 2788 3175 1964812730
1 1135 4555
0 939 1042 1993170843
2 3199 177
0 404 3468 1510762705
0 490 4668 1609457578
1 2165 3996
0 2457 3272 1670771986
0 417 3395 1490872792
1 432 3282
2 808 145
0 3799 4791 1705382848
0 458 2554 1118287581
0 118 3192 1537918238
0 1885 4509 509676513
0 725 1799 164923071
2 3170 718
0 2424 4107 931198831
2 2142 327
2 970 740
1 560 2215
2 945 85
2 226 109
0 3045 4176 1382930431
0 660 1357 144873616
0 149 1314 827032416
1 1176 4024
1 3869 4487
0 2571 3693 1731743727
2 4347 187
1 2364 3826
0 2139 2890 1773310104
1 2984 3697
1 269 4187
0 3689 3799 1760061368
2 1020 269
0 12 1132 1254329137
2 3662 278
0 1633 2034 1325662499
0 660 2157 1571308666
0 260 3075 1932040320
0 3187 4576 2001856553
0 1303 3171 189509765
0 4176 4586 2082059611
2 13 601
1 683 2442
2 434 80
0 2227 3904 799933045
0 3561 3860 1162362020
0 640 1205 1179258571
0 513 872 241433802
2 3154 1951
1 590 1074
1 1931 2260
1 3094 4486
2 3438 517
0 1956 4693 1043298064
2 3921 155
0 108 2104 1522125498
0 1050 3377 1285693670
1 1406 2930
0 1369 1513 775055093
0 97 4085 167275692
0 3910 3930 1389764738
0 177 2372 1082510283
0 3785 4346 553360526
1 1502 4862
0 547 2947 1121356672
0 376 3872 1882524023
0 509 1745 1115541734
2 777 577
0 3149 4112 20448190
0 3492 4120 1544328215
1 3020 3415
1 1048 4307
0 3656 4198 394839295
1 2331 4328
0 1112 3331 1590877258
0 3343 3396 2124001898
1 451 1594
1 2741 4435
2 1646 14
0 1468 3854 882630502
0 1519 3783 227914678
0 1034 1195 1671109326
2 2345 228
0 25 3191 1900918148
2 929 38
2 3780 88
0 1218 2249 190612002
1 568 4881
0 996 3399 1883010432
0 498 4042 395680736
0 2253 3071 835159746
1 2351 3151
2 2818 207
1 149 2022
0 2500 4311 759075465
2 3355 1566
0 1483 2216 122462941
0 32 4482 1979524739
1 275 3778
0 2217 4074 338568181
0 25 3021 1581213287
1 2306 3020
1 2048 3064
0 484 4783 79283327
0 73 2362 172579959
1 2615 3049
2 1064 28
0 1714 3433 1038213075
0 1428 4124 782207015
0 2621 3248 1815815996
2 1256 7
0 3106 3618 612738103
1 3658 4119
2 424 308
1 1414 2533
0 2841 4667 1121939760
0 2052 3960 1103281640
1 2884 3565
0 3058 4139 1794434598
0 26 3019 2117906599
2 204 213
0 3102 4578 279430909
2 2438 59
1 2894 4885
0 3097 4287 165177618
1 892 1864
2 3928 302
0 2532 3311 981551007
2 4458 736
1 1876 3744
0 3075 4106 1926463067
0 2354 3475 1502260730
1 4145 4820
0 4108 4422 1127268176
0 1570 1768 2082735479
1 532 2068
2 4644 297
0 612 2018 558951265
0 2756 4787 1288668615
0 1766 2438 572439510
1 1566 4172
0 475 2814 1099539948
2 3003 313
2 2262 69
2 3137 666
2 1494 238
1 3950 4073
0 281 2364 1491989777
2 2262 281
0 3790 3851 452187425
0 3989 4177 961236625
1 953 4708
0 1368 3764 1091896337
2 1429 639
0 442 4188 773907708
0 929 1494 113910780
0 308 3915 1661603420
1 1481 2489
2 628 617
2 357 2546
2 1451 129
1 2944 3399
0 2177 4102 1844046258
0 1406 4608 1395628287
0 255 2023 148630041
0 1064 3791 2072003109
2 4675 464
0 1230 4410 258960161
0 1708 4096 1663173521
0 1003 1936 1309739324
2 1257 42
0 3675 4553 650642524
0 216 4751 1970748604
0 1434 2101 351306210
0 1573 1586 1735221761
0 241 4444 586783722
1 443 3028
0 2322 2993 346498111
1 1678 4746
0 830 1184 1244852610
0 1016 1737 425964132
0 116 3567 587674415
0 2084 2223 1833020732
2 2859 124
0 272 1743 1882020067
0 693 2254 1872524429
2 3660 314
0 153 515 1236634425
0 1974 3665 1367515862
0 2604 4112 1552567311
0 1198 1832 1594300404
1 68 2051
1 736 1593
1 500 3898
0 2575 4159 1471108670
0 889 4708 647410918
0 2509 3258 555528044
1 2865 4492
2 1247 657
0 1934 2011 2094864167
0 1037 4478 758992142
2 4013 312
2 3334 51
2 3903 2074
1 1181 4100
2 2757 1138
0 2316 3779 1019194802
0 247 3167 1585195504
0 291 4259 2075487265
0 1553 4429 2027768129
1 1730 3016
0 201 1019 2051845221
0 151 3068 719588424
0 392 4175 826292676
0 1968 3061 1092283510
0 2179 3703 715641324
0 1692 2469 1585285636
1 1200 4405
2 1107 94
1 358 1702
0 2901 3120 859182798
0 2725 2928 1121215297
0 37 3557 1078571545
1 3487 3682
2 2926 11
2 4823 240
1 905 2248
2 1878 295
0 1508 2095 1809216416
0 2527 2692 262333188
0 914 1261 630190190
2 3467 97
2 3211 90
0 4115 4412 984775990
0 3617 3767 1403688933
0 196 4752 1016907761
0 674 1133 1620928789
1 1908 4592
0 2121 4894 1487727145
0 669 4502 1192689225
2 1242 131
2 1991 291
1 2221 4754
1 1365 2541
2 855 125
0 1919 3888 398524364
2 3671 803
0 1939 2011 609606859
0 3474 4364 1854561055
1 3160 4240
0 2 1862 1904344419
0 2067 4108 1112849881
2 1047 62
1 216 1051
2 2606 317
0 2051 2634 103945046
2 4536 224
0 1875 4595 1658400478
2 3574 273
0 99 102 1973217375
0 1149 3273 1944078829
0 1829 2612 439334206
0 723 1877 1166298451
2 3883 3032
2 2739 104
1 1395 4188
0 1493 2327 271747218
2 2905 104
1 683 4772
0 2443 4441 672343120
2 866 119
1 2572 2834
1 3907 4130
2 4133 141
2 535 242
0 784 2670 450534789
0 307 4566 1537137913
2 266 231
0 2275 2837 86169207
2 1465 101
2 2853 65
0 1313 1444 373513762
2 3298 42
0 1035 3863 1375975041
1 227 3528
2 2369 270
1 1103 1225
0 561 4040 1830937019
1 204 1885
0 4582 4769 550303474
0 1931 3357 1318696254
1 1751 3770
0 757 848 791534809
1 2237 4750
1 2401 3339
0 2461 2842 1097698502
0 1502 4727 1636812888
2 4917 97
2 233 85
0 20 989 1073790766
0 3587 3734 368891972
2 3929 152
0 2182 2248 2052268721
1 3973 4729
2 3764 3151
2 4114 53
1 1800 3679
0 2890 4429 352562964
0 1102 3591 2139068251
0 1550 3679 406431151
2 2383 1097
2 2695 327
0 1071 2722 1857522224
0 2617 3737 423840822
0 985 2175 692307533
0 1243 1775 923069437
2 291 224
2 4221 208
0 384 3090 672939252
2 1375 32
1 4077 4388
1 459 1730
1 1910 2233
0 3164 4036 1129831816
0 1844 4849 1386387510
0 1096 1146 1683743948
1 1271 2545
1 2927 3920
2 4634 112
1 1444 3056
0 3750 3782 2055383894
1 3193 3483
2 3717 2874
2 534 116
2 3169 314
1 1503 2884
2 3554 304
0 1503 2943 720750734
2 1175 291
0 369 1828 1271405241
2 3845 54
2 3320 29
1 300 1416
1 2826 4726
1 2712 4724
2 1549 133
0 421 1917 529721036
2 2072 63
0 24 2527 726804152
2 3434 56
0 3637 4770 224162319
2 1599 38
1 191 1607
2 1750 1706
0 1584 3821 1787295547
0 1825 3742 968182893
2 4714 1831
1 3733 4592
0 809 2263 1436806256
0 1000 4723 922495581
0 3724 4410 1147442926
1 1340 4771
2 4563 258
1 3355 4902
0 175 4828 1352997764
0 4038 4529 1942838337
2 2531 242
0 1336 3329 945078821
1 1371 4821
0 2527 3641 1844067325
0 289 3681 1120250636
2 637 2780
1 643 1670
0 1567 3369 1724397740
0 2729 3590 535686422
1 477 1953
0 3406 4875 2037212959
0 2858 4389 761004865
2 1532 1053
2 3285 170
0 329 842 1241645805
1 806 1470
2 4746 13
1 536 2862
1 1721 2961
0 3677 4223 92764779
0 508 3079 2062207231
2 2169 131
0 1437 1564 1865240486
0 1542 4016 1122871842
2 2423 627
0 4143 4779 1407467560
0 3447 3967 490462641
0 3416 4870 1718950658
0 734 2111 493405335
0 1104 3504 505088774
2 1227 348
0 2856 4701 1023214725
2 79 82
0 354 4046 1279968218
0 3514 3997 397337423
2 3022 346
0 3360 3373 620128791
1 295 4873
0 335 473 610742106
0 66 2678 437437884
1 334 822
1 843 4060
2 3167 207
1 4622 4707
0 3122 4779 1783416550
0 29 551 189828769
2 766 323
0 1306 3680 1899840284
0 1368 3447 1673271145
2 2596 114
0 333 4100 721753213
0 491 2222 1137267053
1 4461 4694
0 243 799 1087062667
0 1009 4011 1838067207
0 1620 3543 1107704888
0 64 4272 1198062729
0 1577 3225 1234557058
1 1772 3642
1 1394 4437
0 1565 4375 816566946
1 2735 4600
0 2264 4089 1729752540
0 1284 2971 357555082
1 314 4722
2 4592 180
0 1392 4200 214218923
2 1627 799
0 1704 3270 516567845
1 2871 3457
1 1320 4183
2 2261 216
0 1187 1934 691002745
2 4481 1152
0 1189 3982 2140528723
1 1788 4843
0 3382 4658 1806535951
2 1729 2081
1 4385 4780
1 2491 4331
0 3727 4165 1760927746
2 294 2434
1 2081 3716
2 3437 329
0 38 247 1649559699
0 109 3742 448140797
0 374 3154 17109717
1 2001 3416
0 1377 2790 1411814418
0 2344 3875 1448886290
2 3830 118
1 620 1027
0 4312 4499 358180428
0 2195 3996 778374209
0 228 3991 2137178060
0 2387 2624 1042266559
2 1428 255
0 3032 3268 616484602
1 286 2958
0 2665 2935 1422472240
1 2347 4627
1 4095 4706
2 4094 1266
2 902 351
2 3853 316
1 2289 3870
2 1451 2580
2 1782 117
1 67 1049
2 2350 158
1 4260 4612
2 961 108
1 1661 2047
1 2971 3894
0 1610 2910 41732577
0 387 3414 2019820591
0 1858 3052 841636610
1 41 2343
1 791 3013
1 1354 4369
0 1111 3796 1451528387
2 1718 654
2 502 55
1 2551 2756
2 1863 234
2 3722 144
0 1873 2881 470412928
0 1597 2628 34185816
0 656 3448 1947845904
2 3687 1937
0 1319 1505 1643111723
1 1682 4418
1 2035 3240
0 1598 2234 229958617
0 484 3751 515775867
2 945 189
0 2074 3849 1461737861
0 842 4793 1980630638
2 1080 358
0 3114 4082 138843222
1 2838 4762
2 1113 1733
0 2057 4699 414604640
2 450 225
0 2077 3006 1839269245
1 2951 4352
2 2367 187
1 1818 2829
1 1805 1928
1 4258 4775
1 2804 3707
2 2283 335
1 1163 1716
0 708 2705 1439579860
0 153 1412 1828007898
0 3141 4240 892740074
1 2413 3749
2 4539 735
0 881 1257 1106054581
2 1048 204
2 1994 251
0 3834 4442 363762409
0 2664 2665 1983212889
0 555 4026 46837755
1 2351 3373
0 1248 4629 1596432419
0 325 3645 742419307
0 1768 2400 948742903
2 3600 718
2 2649 112
2 309 127
0 1776 4077 653908370
0 2091 4183 392634496
2 4182 270
0 656 4845 1445706891
2 1012 113
0 2862 4822 248813339
1 4035 4554
0 812 1808 122891194
2 1357 63
0 432 2049 797326454
0 550 2303 1499564496
0 4552 4583 488023918
0 676 4700 1787646437
2 3255 423
0 540 1989 1440054561
1 4085 4620
0 1215 2481 1298738635
0 812 3318 641030922
0 764 4078 538108709
0 1498 1874 194882550
1 3547 3588
0 2320 4723 1616861242
1 514 1721
2 2497 2544
0 896 1673 1515462736
2 3573 475
1 537 2199
2 4284 174
0 916 1950 498996558
2 2097 261
1 1994 2281
2 3836 44
0 1149 3621 1977926108
2 4611 118
2 4800 204
1 590 1594
2 4878 205
0 3652 3834 611444646
0 2751 4562 618052775
1 2432 2724
2 1169 1828
0 1446 2281 1269778923
0 2431 2493 951935815
1 1311 1545
2 3565 74
2 3594 99
0 164 4292 1924179123
1 3163 3749
0 672 921 199051446
0 2808 3499 585528793
2 3902 20
0 1393 3343 852659652
2 4078 2564
0 2351 4242 1232623454
0 2707 4083 721592789
0 85 308 288482876
1 366 722
0 3621 4096 1399131624
2 2999 120
0 1575 2949 302374364
0 3322 4834 1527473610
2 2529 2916
0 443 3277 619268939
0 1560 4581 2040238235
0 1382 3283 709666693
1 1193 2683
0 1109 4501 1500898100
2 917 114
0 928 2686 1907101854
0 296 3457 332284161
2 47 24
1 3329 4846
1 2556 3461
0 552 2534 620054420
0 1511 3086 1016307417
0 2427 2531 2124890956
2 3432 88
0 2061 3420 57406172
1 148 1427
1 1298 1511
0 3005 4462 837585818
2 2809 344
0 714 2681 682467123
0 3923 4464 1434334796
0 1322 2832 1885137623
0 2765 4598 1900502360
0 2912 2945 533065666
0 4242 4334 1856652242
2 1507 299
1 4680 4839
2 3695 496
2 382 274
0 1054 2410 1886320642
0 1196 3999 1744641130
0 611 4664 1863667787
1 629 3167
0 2542 3324 963046102
0 2022 4663 646591948
1 2695 4053
0 2340 4830 4389508
0 966 4723 1008495942
0 1396 1725 116477548
1 1161 4063
0 2185 2312 1588353338
0 453 1113 993077438
2 1441 196
0 833 4176 738104453
2 907 156
0 163 2632 254086167
2 3104 306
0 4417 4737 756188402
2 3141 166
2 3515 2564
2 1641 1719
0 2118 2199 2022149246
0 407 4764 483704040
2 3725 15
2 4318 77
0 952 3394 202002705
1 641 4288
0 2243 2453 1272443450
1 1560 1592
0 1407 1801 1568209462
0 873 3751 1652778883
2 4033 640
1 463 1798
2 207 17
2 176 25
1 264 1735
2 3159 206
0 2337 3835 1380751661
0 2443 3037 1169648788
1 1311 2645
2 1083 142
2 3564 35
2 3799 5
0 2000 4362 1895493587
0 1780 2258 2138173734
2 1025 267
2 2421 186
0 1499 3503 685542575
1 4183 4325
0 182 3371 82461475
1 2090 3370
2 2859 914
1 2645 2698
0 2188 4242 656130917
2 2954 207
0 2218 3842 1497784347
0 1066 3108 265013950
0 1054 3869 187106192
1 229 4099
1 1197 2892
1 586 4833
1 1577 2330
2 2374 76
0 148 3607 1531316032
1 2085 2205
2 3196 275
0 1761 3929 593161091
0 431 3023 2129988011
0 1937 3783 1872087295
2 20 287
1 563 1802
0 3093 3817 803131147
2 323 274
0 2149 4251 1768488767
0 2026 3976 257161388
2 4872 205
0 1377 4819 1245108429
1 2355 4839
1 1254 3385
0 3148 4695 2105319619
1 1701 3007
0 1745 2654 1295732559
2 147 499
1 103 1523
2 3408 2766
2 1026 296
2 4891 817
1 96 2113
0 1664 3421 1331257405
0 2206 4188 450629926
0 4628 4687 1975228696
0 1626 3668 1431213935
0 1546 4435 1204411110
2 4317 3
0 1426 3139 958928807
0 641 917 239384024
1 2580 4292
0 1786 4456 1606725794
0 2463 2818 448609052
1 373 474
1 2728 4165
2 1321 162
2 2481 187
1 2987 4312
1 123 250
0 33 3336 1106676373
1 4422 4748
0 3269 3644 1045210554
0 952 1723 1690756628
0 2668 3190 1516383736
0 4523 4693 1320235288
0 1571 4313 1096484819
0 1820 2484 1945256760
0 1297 4697 122489311
0 1433 4596 2117956983
2 2298 130
2 295 3720
0 296 3248 1599165625
1 808 1676
2 934 1410
2 3783 225
1 1764 3962
0 1341 1969 1932816029
2 4884 750
1 1060 4594
2 988 316
0 1057 1922 1336348120
0 1172 3821 2041021055
1 1315 3968
2 2644 46
0 2927 4086 1590022403
2 438 192
1 2289 2884
0 494 3941 1985931206
0 2430 2761 717710043
2 4410 134
1 498 906
2 2006 32
2 92 331
2 490 117
0 1938 4348 531000270
1 606 4546
0 1121 4204 683786089
0 350 3029 173229462
2 3545 137
1 606 4918
1 499 3471
0 3768 4356 1254655746
0 22 3056 271691444
0 4085 4567 1882667444
1 281 1514
0 3029 4132 1692934309
0 356 2109 1610598343
0 1358 2524 1806334995
1 234 3670
2 1053 14
0 192 1625 108093593
1 1640 2476
0 2271 3153 177016290
1 3636 4871
0 1637 4610 352179170
0 2863 3185 1356208460
2 2585 1167
1 1646 4209
2 2952 260
1 700 2665
0 178 1382 1496109163
2 2812 1558
2 1656 365
0 2983 4636 1686998710
0 3802 3927 1838270101
2 4408 189
1 882 2154
1 744 4115
0 296 793 1551437362
1 3406 4721
0 1458 4108 821947736
0 1346 1386 539082627
1 856 4688
0 4084 4573 1244556839
0 1808 4120 1558929987
2 636 206
2 3022 124
0 547 2211 469871641
0 2389 3556 693116900
1 4344 4346
0 3906 4000 1082028682
2 4290 94
0 8 1227 1639765914
1 630 4124
2 240 320
2 3151 237
0 1052 2974 162289528
2 4623 3212
2 4002 267
0 3058 4021 1381726313
2 2080 338
0 944 1447 354345047
0 75 1687 2075675028
1 581 4452
1 2511 4316
0 716 1587 1171873857
1 1796 1811
0 1270 4454 241500700
0 2737 4390 1424627052
0 1314 3632 103132186
1 825 4833
1 495 817
0 3328 4811 1901892826
0 392 2326 1191463533
0 1537 4137 1271088628
0 1072 4331 2035596266
0 2521 4199 237970626
0 169 1630 404104601
0 994 2292 259499101
2 2679 80
0 3497 3682 1640124336
0 2698 3028 1137056871
0 197 1798 1392714779
1 399 4203
1 275 3462
0 969 2652 819319526
0 1750 1801 16512933
2 4649 884
0 1257 3154 813022883
0 3196 3910 2083415910
1 581 2883
2 2862 141
0 1602 4227 1697093225
2 827 130
0 206 1279 1912037895
0 1221 4754 1106884460
0 1610 3628 1468514202
0 3414 3713 51662607
2 1676 765
1 1380 3053
1 297 1148
0 2823 3442 343984380
0 1009 4228 1489541106
0 1421 3862 914889073
1 13 1865
2 231 389
1 3345 3661
2 410 806
2 3824 277
2 1835 60
0 1130 3450 81521262
0 3462 4428 1847766178
1 435 1745
2 2160 3
1 125 4761
0 1531 3470 1008472817
2 4563 113
1 1170 3668
2 4763 366
2 2775 222
0 1736 2081 129975706
1 1407 2927
2 371 287
0 859 2361 1858243195
2 2121 277
0 2829 4216 713240799
1 3607 4214
0 1032 4250 497514569
0 1275 2596 1546843927
0 76 1655 1517576600
0 843 2071 271882655
1 1939 2737
1 4776 4857
0 3185 4550 70881726
2 1600 170
2 4270 162
2 502 150
0 1364 4084 45648221
1 283 2083
2 2445 273
2 4233 3528
2 648 1395
2 3698 67
0 2513 2863 2104090622
0 1457 2186 1062592333
0 2231 3520 1616923038
0 1869 4675 598054975
1 262 1459
0 3170 3262 1576114959
2 3109 390
0 1099 2575 987738701
2 3166 192
0 478 2246 720334027
1 1751 4629
1 368 3837
2 1962 499
0 2890 3502 2023665481
1 1049 3419
2 1984 553
1 1469 1496
2 4178 239
1 983 1702
1 2915 3857
1 1282 4912
2 4623 115
0 831 2915 809750729
0 3003 4201 39906891
0 937 4605 789110628
0 196 221 1182899076
0 1599 2997 450106744
0 1389 4537 1314638870
0 4530 4593 1847245036
0 75 1943 1052132760
2 584 154
0 1757 2950 1379755758
0 168 4532 1975131896
0 1852 2608 1073630340
0 2366 3400 129783572
0 222 820 1000235701
1 2319 3229
2 687 73
1 2022 2304
1 1667 3920
1 1296 4149
2 4848 998
0 151 4244 1314707428
0 479 1139 526475739
1 2485 4167
0 1799 2236 1551822214
2 3541 215
1 315 1067
1 3021 4296
2 1235 141
0 2110 4305 1088415965
2 602 286
1 2014 3368
0 529 2344 1306004288
2 962 1437
0 736 2606 1050959393
0 714 4752 1575749263
0 497 4897 1961512966
2 1790 318
2 1625 202
0 206 2987 539678449
0 141 1304 765350648
0 2388 4305 1466692672
0 2222 3561 282655545
2 1221 204
1 1370 4139
0 249 651 2132677944
1 678 780
0 1471 2397 662863674
1 866 3483
2 2355 28
0 452 1889 1182745800
0 807 3109 44967267
2 3223 36
0 580 3548 19583344
1 1276 2266
0 1444 4795 635891024
0 865 2255 596307407
2 4366 579
0 166 254 443601860
0 2826 4893 622752926
1 2106 4888
2 1446 369
0 1322 2743 1476437342
0 2186 2295 892163075
0 1274 2382 837389601
0 721 2927 1907859014
2 4229 411
0 327 4595 450393745
2 3310 688
0 2954 3405 1143673880
0 726 1348 1751833749
1 25 2545
0 2543 2951 1065559451
2 1855 456
1 638 1649
0 2704 2846 1790223468
2 274 224
0 393 2017 1220776316
0 512 873 89022239
0 4064 4219 2078047906
2 670 74
1 522 1357
1 2600 3367
0 57 4603 92047561
0 726 4839 1153064188
0 1166 3244 595327945
0 243 4169 1489595082
0 751 1045 482042525
1 507 3187
0 2259 3708 63363181
0 2157 2269 612006552
2 3842 383
2 54 192
2 4197 37
2 761 233
2 3133 58
2 4688 10
1 2839 4195
0 1005 1307 2066429498
0 993 1454 1669615222
2 3796 732
0 46 1519 1280950551
0 1909 4328 2968155
1 2114 2972
2 333 291
0 670 1734 1266656907
2 4632 924
0 3033 3917 1116890474
0 4358 4753 2118127586
2 1529 15
1 3713 4038
0 3075 4178 1638801898
0 3478 3744 2133952790
1 971 2111
1 1065 1154
0 1714 4389 1908926134
2 2980 395
0 869 1124 1816551718
0 314 911 1088623533
0 1309 2655 349510115
0 3836 4787 1427792196
1 1388 2315
0 2452 2788 504726551
0 1352 2701 2082547609
0 693 4213 500442778
1 1945 2143
2 3292 67
1 1122 3556
2 2583 182
2 586 28
0 1819 3999 116389538
2 4146 46
0 2676 3052 1784511396
0 3861 4030 11464187
0 1452 3063 83215921
2 4597 251
0 1843 1930 885488884
0 1406 4804 893802860
1 2625 2908
0 1663 2248 308281760
0 2401 4496 1447818803
0 1079 4826 1948968629
2 979 255
2 1445 3805
2 3119 1689
1 1916 3141
0 3146 3765 66313529
0 729 2489 769951366
2 4163 243
1 3407 4017
1 2116 4763
0 1570 2231 1637896869
2 2478 295
0 18 1720 1651232618
0 936 2249 1882300925
0 898 1536 792915716
0 1176 3831 1425805896
1 1466 2328
1 2539 4825
0 1534 1936 434957537
1 273 2259
2 392 272
0 845 1414 627230540
2 2443 2400
2 2419 74
0 1638 2524 196153084
2 2979 184
0 3012 3926 511892263
2 4345 91
1 1675 2860
1 1947 3973
1 3446 3561
1 165 4773
0 1980 2562 1564638760
1 538 3227
1 277 4854
0 99 574 921251333
2 4134 393
2 3688 44
2 4709 384
2 541 3402
0 409 1478 2006414920
2 3277 247
1 1771 2576
2 3001 22
1 1002 4596
0 792 1127 444601225
1 1516 2111
1 520 1924
2 4580 367
2 2292 103
2 3668 292
0 2315 3741 1184545912
0 345 2538 36977991
1 1660 2870
0 272 3019 1980365690
1 2263 4261
2 343 127
2 4677 802
0 3895 4169 1739537427
0 4239 4418 42736496
2 620 201
2 3483 1018
0 1639 2170 62180262
0 1982 3339 701527330
2 3256 196
0 217 2121 1273265133
1 2907 3846
0 60 2324 607659512
0 2409 2489 1718750435
0 889 1449 735175959
2 4475 725
0 631 4816 1633219985
1 3882 4161
1 525 3877
0 4 980 1188151359
2 3940 207
2 3377 367
2 217 351
0 251 847 1344152321
2 4189 274
1 3644 4713
1 1025 4067
0 814 2909 829062543
2 4346 610
0 1454 4700 8570204
1 3376 3895
2 840 294
2 3413 240
0 1015 2562 816701868
0 948 4892 1889459931
2 3761 597
1 1891 3393
1 873 1851
0 3573 3618 1609936352
1 971 4826
1 770 1318
0 1717 3146 1551159527
2 626 326
1 231 1763
1 1890 4327
0 596 3377 657136223
0 2613 3691 694280483
0 821 4675 774536213
0 2439 3935 499283980
0 521 1315 580083254
2 4206 260
2 1273 248
0 316 1868 2067030507
2 4305 155
0 1730 4061 820384996
2 2944 223
1 3181 4723
0 3875 4439 778124344
1 545 3575
0 2112 3890 912182678
0 2186 4673 1070920816
0 4059 4914 2134004106
0 3576 4412 2047605037
0 1992 3996 1761048314
1 1239 4504
0 592 3285 138795591
2 1022 2
1 4 3951
0 760 3494 1482088186
1 205 3304
2 3828 135
0 1563 2037 561286426
1 385 596
0 4444 4609 1411305688
1 4192 4720
2 3694 312
1 2966 3640
0 2126 3473 551961875
0 2382 3269 176291816
2 4264 222
2 4150 33
1 1920 3951
0 2551 4151 1268166616
2 1609 27
0 559 3891 1685734878
1 602 3835
0 2519 4270 1787309997
0 1587 2768 1233776623
2 1031 176
0 264 1008 1486711957
0 3445 3586 1334274603
2 738 3000
1 1363 1735
0 1483 3881 646262886
0 945 1110 884097562
2 4535 321
1 276 3424
2 2876 768
0 3302 4360 1031022382
0 4262 4762 1163773122
1 1551 4867
1 835 1454
0 40 380 2028696619
1 328 1119
1 4097 4585
0 2450 3959 1632886778
0 1087 1892 1324553753
1 1238 3237
1 29 3185
1 23 1260
0 1639 2366 1272695001
0 931 3485 200922083
0 597 1290 1464995364
0 3740 4831 37807436
2 2325 289
2 4241 157
0 1287 4752 346106782
2 592 405
0 1523 3033 797494768
0 2119 3411 1882213567
0 1834 2232 949193676
0 1820 3228 682260941
0 2612 4477 1941500014
1 2163 2756
1 2152 4264
0 3139 3812 26380178
0 1751 4661 479231586
0 243 3916 1129929662
0 831 4413 1754842446
0 1711 3638 635474621
2 3660 379
2 4048 360
0 1063 3337 1459132927
1 1811 3235
0 3478 4068 1067296254
0 1825 2561 1465778922
0 241 2097 283953192
0 1905 3958 1787426822
2 1116 2505
1 2178 2569
0 3309 3662 709452895
0 1037 1124 1834891978
1 1289 3154
0 2143 3385 1380103151
1 1538 3808
0 1064 1985 1758549523
2 4785 22
0 2571 4862 1450803582
2 3263 253
2 2497 104
0 964 2580 590442290
2 3009 170
0 3996 4096 546110683
2 938 77
1 1013 4357
0 709 3889 1715282177
2 2676 123
0 1802 4035 907789424
0 1603 3897 293340849
1 999 4085
0 347 2033 1521587172
1 46 1891
0 3300 3511 2036216119
0 611 798 2052303520
2 4636 900
0 1320 1740 438621677
2 575 169
1 921 2687
0 56 2600 1601542703
0 3355 4828 1684238972
0 708 1631 637347237
0 1859 4547 1444541918
1 710 3007
0 3414 4270 799124163
1 3295 4232
1 1460 3125
2 4351 621
1 140 949
0 2661 2808 1266577697
0 1034 1778 136207919
2 1230 298
0 543 1621 1158979899
0 957 1172 766266215
0 1995 2867 891257015
2 1963 333
0 101 1802 1877997376
1 2234 4126
1 2004 2094
2 4261 400
0 910 3399 67615846
0 788 1131 764875291
1 246 4708
0 2357 2604 1776949722
1 727 3312
2 2424 259
0 1621 2361 204208711
0 823 1359 2098604015
2 218 116
0 435 1622 962044791
1 2989 4163
0 775 2058 352871755
2 3488 2206
0 190 4873 1139217610
1 1818 3077
0 2164 3535 2087117942
1 3211 4366
1 2526 4396
2 4344 36
0 94 1012 1657820063
0 743 3581 701693882
0 405 2997 1741336726
0 89 2618 1908350008
0 1573 2833 2135557883
2 2447 432
0 1225 3744 944629291
1 535 3658
0 2716 4059 2025294123
2 2734 2557
0 1926 3242 1325231221
0 2737 3894 729816151
0 2658 4428 641818040
2 1758 1574
0 498 1057 1386241184
2 258 118
2 2526 989
2 4179 967
2 2111 68
0 1384 4313 1267796359
1 950 4034
1 2725 4667
0 3378 4433 1216002425
0 641 2014 1279127410
0 1694 4345 909295126
0 3605 4615 1088409985
0 76 2887 1158092781
0 2431 4784 1461834521
0 2796 3776 801657843
1 1024 4316
1 1722 3359
2 1416 782
0 499 2130 175262759
1 171 2880
2 1784 336
1 1900 4579
0 658 1297 1630379610
0 604 2431 1874419242
0 2304 4616 1741168960
1 142 1080
0 135 1175 666797550
0 848 1741 754187045
0 3694 4164 1878936158
0 1404 3750 618693308
0 3064 3097 1183300306
0 576 2626 1212445081
2 1880 120
2 1298 1772
2 2162 369
0 3581 4165 195324497
0 699 3050 2113052349
2 4025 28
2 828 62
1 215 2541
1 1908 4371
0 196 4113 672984284
0 3359 4224 1644558392
2 3549 27
2 1318 2855
2 1367 379
1 1977 2955
1 2803 2908
0 1998 3551 107047714
0 1391 2856 619275275
0 218 1745 2081621109
1 113 3437
2 973 379
2 3618 16
2 3754 436
0 359 2386 843658453
0 323 1930 84178791
0 2521 3674 631358412
1 440 861
0 1540 2266 1717495615
0 684 3789 1251267432
1 841 1283
0 119 4516 36357335
0 2504 3623 1780853605
2 4704 325
2 476 4
1 2741 4528
1 293 2437
0 402 1125 462354072
0 950 2654 2138166959
1 507 3529
2 3949 3541
2 4146 1061
1 3755 4538
2 2458 2796
2 1456 330
2 221 359
1 85 4489
0 1161 3559 434380370
1 2167 2475
2 528 415
0 255 1573 2130740338
2 551 3206
2 306 969
0 649 2087 484337834
1 3066 4863
0 2419 3696 1459592301
2 4077 221
1 1751 3390
0 3708 4810 1024413575
0 2358 2709 1621448664
1 1017 4318
0 4002 4375 331827630
1 1819 2608
1 227 1809
0 1030 4304 2056445106
2 3458 240
2 3517 157
0 555 1658 1688187777
0 524 1885 710439355
0 2375 4842 1151790986
0 2458 4093 1817111504
0 454 4288 809910572
0 3145 3977 1133833295
0 1684 2246 1011379146
0 1277 4446 2105275024
1 1224 3242
0 1053 4161 1780382448
0 3216 3823 1390158005
0 755 1124 624780992
0 1973 2769 2041381160
2 4236 2936
2 116 3456
0 1339 1965 515588262
0 2788 2808 172711488
0 1105 2864 700525004
2 1438 81
2 2813 235
0 1148 2131 1528996377
1 1338 1600
2 1098 221
1 1548 3905
0 91 4411 1625220377
1 201 2179
2 1856 207
0 3399 4150 1377410293
2 175 2822
1 3538 3792
0 359 2524 339075046
0 3010 3426 1577859051
2 3794 337
0 1127 2700 1192754469
1 1572 3605
0 1898 2812 780672491
0 334 615 143931924
0 2096 2604 270545970
2 797 900
0 1829 3875 1162464295
2 1662 3722
0 606 3629 1142506349
1 449 4777
2 3472 377
0 3077 4694 1407448860
2 2408 383
2 3692 3461
1 831 1813
0 2664 4459 1856645161
0 2646 2918 1275580449
0 390 4831 1852657200
0 2511 3466 887798291
0 1138 2015 1887313701
1 3628 4257
0 403 3426 1739447563
0 2352 4256 787827568
0 97 593 656913140
0 3238 4835 468732334
0 490 702 1998525957
1 2024 4543
0 762 4113 1539295047
1 127 4460
0 82 3552 1053585855
0 1110 2433 2022190716
0 2098 4082 379066498
0 4394 4486 1587406494
2 3056 125
1 3438 3943
0 373 4335 909932614
1 2957 3490
1 1857 3220
1 1623 4357
2 3398 230
0 3454 3626 2061804995
0 106 1987 2025926604
0 2200 3939 1045041397
1 99 762
0 885 4251 1565818548
0 3774 4500 414220028
0 535 3608 1755101530
1 3910 3946
1 1771 2406
0 2272 3568 1737068028
2 3176 354
2 2460 103
0 2437 4215 1178809166
2 2332 2585
0 1360 3540 1816767945
1 1373 2531
0 1576 2293 1453694515
0 4044 4829 104410612
2 3952 92
0 214 1470 1539264373
0 588 2222 978345349
0 31 3857 175478393
0 302 3982 305595077
0 1273 1674 1058789948
1 1862 4273
2 3430 25
1 3663 3692
0 158 3285 142225458
0 2431 2849 607565815
0 1666 2800 734160682
2 4861 321
2 3627 209
0 1665 2953 434080780
0 225 2314 204938582
2 4872 1070
0 967 2872 303667284
1 1981 2100
0 1210 1495 880624375
0 453 1637 986746103
2 3477 112
0 1268 1842 902678309
0 2970 4811 785293064
0 3319 4375 872761716
2 2408 105
1 2172 3617
0 2583 3020 759949965
0 1064 2577 331481611
0 18 1971 1170682232
0 1052 3541 683894131
2 53 143
2 2769 2391
2 1928 25
0 1422 3257 23524674
0 456 4717 623778594
0 659 2426 520936124
2 2038 3940
1 3418 4640
1 1306 3456
1 797 3440
1 472 4861
0 270 4732 383459911
0 481 959 1160505392
0 310 4609 2032295964
0 3355 4486 1020628840
0 940 2250 2071043753
0 2641 4035 1429698763
2 1424 453
0 532 4420 843668952
2 177 857
1 263 845
0 4199 4749 1259308467
0 1805 1927 1403577830
0 4734 4841 1979338382
1 1413 2830
0 2406 3361 2133291744
1 3771 4397
2 3879 140
2 3599 4370
0 881 2896 102107850
2 3968 347
2 717 613
0 356 1849 497931361
1 125 2401
0 1361 4729 1007661872
0 3986 4642 106232761
2 4275 321
0 238 2823 769849136
2 1419 204
0 2656 3267 2089130176
2 1994 2315
1 92 872
2 1913 73
0 1269 4260 205022939
2 2748 5
2 2911 712
0 1959 3406 2050914881
1 3076 3855
2 3118 178
2 1777 3598
0 161 1741 973973788
1 521 2285
0 3052 4498 1840509525
0 1936 4478 2072471262
0 26 1879 1966992347
2 2184 327
1 2691 4497
2 4518 3578
0 1255 2281 1539490647
0 2256 2720 540875186
2 100 196
2 4003 142
1 1664 3047
2 4299 246
0 86 1066 865459186
2 3580 366
1 2045 2835
0 465 2828 1276276552
2 2723 192
1 3197 4387
0 1299 4219 832655410
1 4067 4665
2 1407 239
0 1919 3026 736297015
0 4028 4381 1838508834
2 384 42
0 103 2316 544402771
2 3138 3348
2 2030 241
0 1043 3832 2010918445
0 1385 1940 780308222
0 891 2125 598302400
1 754 1542
2 4455 449
2 1880 134
0 242 1270 955059643
2 3593 527
2 4388 3748
2 130 463
1 1774 2728
1 280 1470
2 4382 112
0 1321 2000 772878438
1 3444 3578
0 1318 4870 1570109937
1 429 2600
1 3953 4172
1 3022 4711
2 4253 422
0 2313 4398 1811532992
2 3438 218
0 2168 4755 1206170014
0 972 1416 1122557428
0 912 2068 868564336
0 2049 3432 950416918
2 468 426
0 2780 4826 1573053379
0 1432 1891 1669006871
2 183 116
0 1301 1994 892551543
0 3838 4703 1957568740
0 346 629 1877942320
2 2721 148
0 2628 4255 1507289071
0 855 3046 453698070
1 2634 2685
1 139 1466
1 2501 4572
2 4660 514
0 448 2172 1399914328
1 48 1274
2 3741 534
1 119 1456
1 1724 1980
0 1377 4876 497750577
1 3936 4253
2 3907 118
2 467 412
2 1523 157
0 2989 3374 1775629514
0 445 2744 597277524
0 2555 3098 1761412450
0 48 578 463313970
0 3805 4170 1481908515
0 1954 2312 768479829
0 2421 4164 398122205
0 1792 4905 1932639261
2 1951 81
0 130 2929 15046594
2 4083 91
0 2970 4791 776436722
2 3246 1
0 739 3515 497225153
1 3961 4887
0 2772 2795 1312990875
0 1314 2672 1491826449
0 864 963 1296308777
0 29 3219 1212273702
0 855 4883 185845931
0 1458 2875 1053473271
0 1867 3845 921381571
0 2887 4076 1451542334
0 2348 2856 1839166122
0 2060 4170 1159231902
0 2924 3348 1914382476
0 1648 3649 146243866
0 1848 4009 289806723
0 2065 4722 1667889136
0 1387 3120 2036341958
1 886 4663
1 204 2616
1 887 2460
1 1902 4653
0 3779 4120 2018577288
0 1049 3076 50472328
0 222 2430 839737058
0 1027 3505 535281791
0 3035 3249 88631080
0 733 4006 174651984
0 370 1510 474158969
0 1640 1737 1068692280
1 383 3370
0 2264 3459 1754185376
0 171 2419 560574473
0 1005 2915 406162844
1 1452 3781
0 502 3265 1840466580
0 2408 3672 1748701496
1 25 4759
1 3394 4600
0 1136 3310 1020281678
0 1206 4396 450880220
0 2789 2878 348255751
0 1740 3787 1124457894
0 375 4685 1901391043
0 2516 4046 2113693767
2 198 1806
0 1729 2531 1376710796
2 1411 279
2 1506 641
0 1987 4262 261107015
0 788 2733 1638278482
0 4171 4431 1403338079
2 3394 304
2 2069 23
2 3069 65
1 228 1352
2 1204 421
0 840 1363 207783156
1 2505 4108
0 4333 4490 1434600716
0 3367 4536 1158632547
1 489 4787
0 3905 3953 1847710116
1 834 1477
0 2681 4382 929703940
0 2877 3520 591135860
0 2462 4601 35986460
2 2859 150
2 1409 387
0 444 3570 677939881
1 2632 3040
0 2503 4455 297928381
1 3111 4380
0 1050 3865 2046075468
1 473 2696
1 3599 4609
0 90 2297 1379806404
0 929 989 426994145
0 1671 4016 1253253876
0 797 4173 1481158241
1 2770 4276
0 338 3819 1109683161
0 811 3092 757991805
0 3178 3736 2119281908
0 562 3825 1277334762
1 927 1988
2 2644 275
2 2896 322
2 34 425
2 1780 565
1 2731 2826
1 2990 3056
0 522 4824 1515392679
0 373 2147 978821535
1 1475 4186
2 1146 395
2 260 288
0 293 743 104925266
0 1788 4762 2053099438
2 887 426
2 2438 385
0 1487 2014 1553321573
0 2324 2780 427467569
0 1220 2468 130938510
1 2422 3731
2 1116 1047
2 1876 129
2 213 282
1 3554 4584
1 792 1086
1 264 2482
2 1010 2740
0 36 1604 453759659
2 3157 326
1 1150 3294
0 181 4213 1249763491
1 2417 4120
0 658 4384 93198294
1 260 1273
1 1166 3206
1 1402 1435
0 69 1473 1688899604
2 3053 216
0 1464 3935 811470253
2 130 402
0 3807 4777 73989208
1 1723 4086
2 4267 323
2 1003 29
0 2842 3607 1473739421
0 3019 3565 1064358164
