0
0
2
0
0
0
0
0
2
2
0
0
4
1
4
2
0
0
0
0
0
8
1
0
13
1
0
9
0
0
9
10
1
0
2
0
0
1
1
0
0
20
16
0
20
0
0
19
18
18
2
20
19
0
1
1
0
0
1
19
2
3
20
0
1
3
2
27
22
1
26
28
0
1
1
25
2
25
0
0
2
32
32
36
31
39
3
0
1
3
0
46
0
44
0
0
4
0
0
4
0
40
5
43
44
1
2
0
2
4
50
46
2
47
4
0
59
3
59
50
2
3
0
0
1
62
2
59
6
1
0
51
2
0
59
1
0
0
3
3
0
0
6
1
2
3
0
69
70
3
1
64
0
0
