33 36 122903
743278 818774 952909 791095 897580 873482 918647 831531 885178 991085 984115 920467 941025 699353 912709 470912 771908 695353 960915 712418 846034 688297 666449 999803 756955 885030 968419 914263 800361 920954 888582 878826 994963 798614 953618 889343
953291 845758 979214 793958 826319 961689 984671 614389 990531 889111 638452 739563 927630 978953 824783 605082 488969 866775 603214 769208 994562 981349 970898 785210 893323 835828 951090 884905 928777 890839 553118 859696 987167 986968 941901 794459
946062 921594 826999 933839 719969 860581 976900 966316 816578 763619 979584 825416 933543 991890 907603 926109 972511 860386 985637 845064 963217 932933 983086 875179 755405 990708 984887 704733 977101 921884 857643 916153 792798 956904 805926 863044
761864 736235 790291 898312 851946 722826 982262 659994 684650 879431 951142 997192 987780 932989 839052 948679 833142 799434 765617 906429 772793 708809 944560 684052 958561 718476 947588 621875 990680 583323 887736 727895 770258 959516 944679 925918
993956 921457 950973 648191 693179 887314 627415 614632 748097 868060 964276 903235 950019 582118 713353 999998 747879 978897 684046 999596 586392 974955 618474 366831 985462 909079 731010 717697 842428 983492 964280 829143 897139 904989 864991 933722
655802 890594 950413 804403 998573 904285 976400 948224 918657 542751 948223 967176 985912 975514 966708 996205 947295 981580 996978 928562 880020 718369 966489 978695 625588 924141 774880 918809 763722 936984 810382 815871 765113 621311 919766 760347
924512 884320 994718 792272 895235 941498 671377 871492 908700 989573 864411 819278 970222 858570 350242 823067 910360 967177 766597 930740 875332 874995 804722 939771 732621 916755 557132 851002 935847 930352 920977 824013 734131 913296 918188 944225
815688 946507 746456 985040 933067 925030 780072 891095 640591 781855 976353 933408 648520 669187 830199 904204 908889 928480 796737 954613 796536 816263 737820 997120 356841 965930 817094 736714 859286 992301 984652 952146 936606 679670 933323 839310
954276 989330 984130 973181 747355 958603 895815 800982 981891 982824 975659 880306 904063 717395 789071 973731 878440 868830 970485 879605 797882 731046 932923 943472 697037 911644 878448 968212 942688 729397 759292 880429 679789 696283 829712 814060
987179 982595 916828 967936 963943 879636 818662 843462 926502 913234 780980 707819 618812 665368 923490 831036 796480 817052 645202 855955 987682 906168 784560 926480 951440 876811 712910 977501 917788 886534 750216 898641 855541 966474 843486 772743
814612 943901 921245 997210 820119 980422 694277 849796 384847 956298 954302 799194 672874 973927 941914 576297 863774 997510 938760 752211 872306 973855 648747 655705 838935 803174 926061 961987 690141 581233 585125 866780 955758 934884 861457 677570
907884 904761 890315 909402 830331 804398 978649 873210 722992 913467 889034 915972 909723 766456 966446 614927 654833 985590 722859 874928 761484 965797 797769 828338 976535 822764 963248 926583 545266 780185 955173 917868 967783 806261 758693 743601
914209 667480 930521 956070 941544 745195 846128 809816 858388 764852 840075 891218 710783 898003 461395 837857 838643 804940 945798 781827 924129 897089 984781 933373 962137 936305 808067 923145 392281 891253 969430 915842 922308 886784 845943 830431
941402 960416 931328 709222 535448 604024 933307 736295 915981 936906 901647 288782 388674 804859 782444 925609 972279 731594 821494 928679 976684 925075 808673 977901 735321 712800 882018 966264 930785 981739 738785 843538 938313 974624 895622 946161
987293 766133 986145 896829 987474 879094 897164 988576 959922 963081 909249 926082 999138 987944 813938 975726 907749 921012 950879 954535 958879 783107 911995 871181 720745 959007 973835 975463 927933 850437 914083 909920 923070 892958 705327 904872
535658 937055 886670 967042 885697 670690 877593 884213 574868 963127 839640 920981 864833 701488 850661 774301 848268 476851 941097 903351 962823 905916 862941 873470 999113 595340 621464 921801 910026 759690 757924 919013 985548 945922 868552 860028
970828 991167 990452 980727 952633 818034 892407 757512 873533 990625 869687 977760 993931 733506 866892 955614 952504 981861 780249 951402 993221 817259 846587 899590 897721 916847 738726 873671 829569 925224 984179 752086 912591 973907 667530 835154
744274 923310 908743 931012 909764 595595 899615 900419 771756 483883 822585 423052 985583 911178 953466 978342 987445 725500 863378 876907 958950 921338 993631 711297 798800 977332 832049 980796 948184 872948 788583 990018 680879 973957 917124 941354
985749 733726 793429 720911 746971 917912 727916 685239 762753 990072 457182 715829 678481 868207 923838 983923 657260 914696 615675 843235 879752 859318 798944 772593 983366 901162 738500 540760 857603 963030 949513 827994 999628 543437 888353 745599
927262 936780 815343 978774 923360 821550 578436 952562 960729 936517 932359 981743 808536 949305 801300 962047 737330 908299 585159 657970 712913 772640 694366 907738 594090 978816 989800 590234 985881 870668 779908 907143 722225 906456 873133 963386
986046 889274 905793 943910 761326 783862 919903 892843 472745 987106 824200 748804 888067 846050 805787 931854 922948 861735 786475 937611 817730 754570 950852 780541 932772 470259 969685 971209 910994 812527 928837 889369 970288 776114 779496 619886
885487 978869 913927 890663 964632 992362 945642 822637 829501 564520 504918 380408 876754 798799 938846 964377 883279 870131 627453 738695 875563 985522 563290 636202 773050 939594 913881 647400 992855 974325 720064 872996 950410 955004 403232 904755
945575 947275 985365 651853 957269 989979 658001 789589 769822 962128 650159 947974 790803 725681 988303 951231 652196 996517 969716 821575 934979 866364 858529 925263 813682 910919 688477 631796 836961 695097 926771 672650 977024 905850 752198 928930
890003 808254 989363 952904 680635 550474 885662 845398 752656 865017 715289 806304 858297 385190 924162 684796 868241 635889 955620 956889 933047 982939 974269 602474 571980 889445 728590 986396 667249 840968 909722 921180 936916 893218 848210 964867
904487 985165 759142 957625 835417 838531 653191 961740 840701 948101 987621 970554 966798 940336 920332 886040 917518 881678 904812 929822 524813 950103 910701 696984 701452 742136 954982 969508 945305 733696 928518 808559 662782 978591 658892 874277
787168 744767 796211 926196 990087 759262 883121 955219 988040 699818 799653 899655 922787 975543 765970 930367 918777 967030 962834 954057 521430 908101 915608 951893 954312 794457 625229 976887 725237 729979 829435 861629 837250 923572 657056 814474
974730 912882 661163 961267 948667 845195 832368 843428 788161 910684 611917 981218 857732 977135 930582 867795 871545 798572 760819 773749 904213 802885 684655 948603 874403 876296 739754 972550 691749 798941 734098 341796 981063 796724 961883 924345
933756 727291 566420 992506 954453 671034 973047 749828 998935 892216 928824 869573 966177 979373 939727 847695 740460 968181 710772 930279 813621 824048 891117 866615 921696 940976 867593 893740 390328 786294 739152 935203 862004 768070 925019 757524
824969 885478 855619 822445 579064 649252 962043 976684 997543 887642 794452 730835 829207 860182 971495 932653 956946 840294 698206 855672 660250 910895 994010 666924 974658 714603 960570 808652 843993 866077 891064 947573 994451 992323 641769 491116
584424 980487 980814 554238 852933 733532 757965 955202 917016 620507 868083 849110 867548 911289 967662 900334 746469 960707 930004 616890 993041 872733 839581 828780 986977 984244 660078 981088 975990 739251 985136 986554 643255 964545 994142 883721
375473 736748 795934 918285 782616 948426 545728 942109 825479 975260 794896 897214 930685 992126 917357 921021 857977 418645 999274 831090 985920 655374 784107 960224 797884 735151 943982 838058 402958 936366 978808 443059 978170 728264 921388 705230
985912 930795 974855 790107 895719 711184 966193 759925 670976 865028 972947 895139 868001 972127 982798 840442 991822 726319 736350 774379 829594 984351 918382 832502 915040 886432 837286 881496 935381 479522 924234 916119 935282 887286 979981 771050
930701 942622 869080 957400 728231 814229 818234 921047 732214 772280 507642 696168 852381 753113 839889 955076 688174 452840 702345 947607 890515 888414 774277 760960 893922 980321 969472 767520 852198 946280 873299 646934 868754 988983 977032 921626
