2362
1192 1194
1599 1526
1824 804
179 87
497 2130
1856 771
1441 1438
2283 344
218 48
917 915
230 36
452 2176
1036 1048
91 175
456 2172
975 966
1246 1222
801 1827
141 125
1905 722
1206 1208
2125 503
1549 1537
1588 1592
58 207
1632 1414
1308 1304
450 2177
257 8
145 121
596 2032
2073 555
1470 1468
1805 823
441 2187
2207 421
2228 400
987 907
1423 1425
367 2261
676 1951
266 2361
1722 1720
1059 1374
834 1793
481 2147
1239 1241
516 2111
2221 406
1457 1449
2347 280
136 130
1810 818
763 1865
246 20
1471 1474
1195 1300
1790 837
283 2344
478 2150
1680 1683
1096 1192
391 2236
964 962
1561 1526
282 2345
1004 1002
194 72
2324 304
820 1808
2181 446
451 2177
949 984
1400 1680
1096 1166
2001 626
1735 1743
1075 1087
1919 709
994 992
2140 487
465 2162
510 2118
1571 1575
1691 1693
365 2262
2272 356
1501 1503
1280 1284
2357 270
938 929
1537 1529
2323 305
795 1832
2165 463
1548 1540
874 843
117 148
1074 1319
687 1940
1048 1689
437 2190
688 1939
863 866
885 887
2320 307
483 2145
1415 1417
1082 1086
1197 1294
1251 1249
486 2142
1536 1533
690 1937
1234 1246
1291 1293
398 2229
967 969
609 2019
1166 1177
201 64
1177 1179
1955 673
1262 1273
813 1815
1779 1775
2166 461
881 877
788 1839
2006 621
83 182
107 159
1209 1290
1554 1551
1086 1077
1209 1197
34 232
621 2007
951 983
1783 1775
1289 1255
766 1861
728 1900
2092 535
1420 1422
2233 394
2319 309
964 966
1471 1467
1096 1092
1756 1754
688 1940
525 2102
1067 1065
1594 1592
61 204
1046 1043
2147 480
1762 1764
1087 1300
726 1902
1544 1546
699 1928
1325 1350
778 1850
1730 997
2167 461
1990 637
788 1840
860 862
371 2257
1798 830
249 17
55 210
1821 806
1773 1785
1789 839
318 2310
511 2117
11 254
2118 509
2333 294
551 2077
368 2259
2074 554
716 1912
226 40
271 2356
2014 613
2020 608
1430 1503
1009 1004
1154 1152
611 2016
904 901
619 2009
2187 440
426 2201
789 1839
2119 509
2316 311
1055 1051
110 155
641 1986
1710 1722
1396 1384
259 7
832 1796
1148 1150
505 2122
954 956
1023 1019
348 2279
194 71
508 2119
1843 785
2057 570
1213 1211
1604 1524
1896 732
1523 1418
575 2052
1775 1778
1900 727
606 2021
2281 347
794 1834
906 987
101 165
1645 1636
88 177
1027 1025
1308 1300
353 2275
78 187
1869 759
685 1943
247 19
1060 1363
1208 1205
1177 1096
2306 321
2341 287
1844 784
183 83
1816 812
744 1883
2104 524
1896 731
1166 1131
306 2322
926 915
1653 1655
1603 1526
453 2175
2328 300
665 1962
896 904
750 1878
2339 288
881 1733
1138 1164
2106 522
910 913
1628 1418
1739 1736
395 2233
1592 1596
1685 1687
794 1833
684 1943
196 70
598 2029
544 2084
1561 1549
201 65
421 2206
67 198
747 1881
2156 472
1968 660
2289 339
1767 1764
309 2318
1687 1384
2215 412
1537 1526
2341 286
1549 1551
2212 416
858 856
814 1813
745 1883
608 2019
1492 1494
1687 1383
805 1822
1430 1500
1785 843
1410 1408
376 2251
338 2289
1261 1259
2076 551
683 1945
1804 823
1792 835
1748 881
1257 1255
1825 803
82 183
1773 1761
221 44
1065 1068
1059 1057
1428 1523
1061 1063
1801 826
1505 1503
1628 1415
2095 532
1666 1668
1317 1308
840 843
2158 470
1950 678
1190 1096
949 983
770 1857
1009 1011
1546 1548
564 2063
1211 1219
833 1794
1090 1195
158 107
30 235
1985 642
2348 279
1386 1384
652 1975
240 25
1648 1651
2051 576
315 2313
320 2307
1728 1726
1965 663
1563 1575
1557 1559
2278 349
1470 1467
1400 1645
53 212
1262 1287
1039 1042
1794 834
2274 353
248 18
838 1790
1274 1276
1337 1326
2214 413
2336 291
1657 1648
633 1994
1219 1290
1100 1108
1796 831
2102 526
1325 1349
2127 501
2353 274
1400 1412
160 105
1606 1609
2170 458
753 1875
1429 1523
403 2225
406 2222
983 952
979 983
1602 1600
337 2291
447 2181
851 855
429 2198
2124 504
1475 1471
1485 1487
1091 1192
556 2072
306 2321
2264 363
2281 346
655 1972
2126 502
2098 529
711 1916
297 2331
2038 590
277 2350
2210 418
573 2055
937 934
1031 1029
425 2202
1205 1209
2308 320
1441 1445
752 1876
2176 451
2059 569
2127 500
636 1992
1273 1265
795 1833
814 1814
623 2005
1700 1704
411 2216
1151 1139
2155 473
1939 689
929 933
580 2048
1662 1664
896 894
1524 1617
1412 1408
455 2173
2351 277
276 2352
293 2335
2254 374
379 2248
1359 1357
1441 1443
86 180
2049 578
476 2151
2276 352
1276 1285
1324 1350
2314 313
2015 613
340 2287
2253 374
707 1920
2282 345
100 166
1238 1246
1777 1775
900 898
1378 1376
2042 586
419 2208
1364 1368
2305 322
1441 1444
948 940
226 39
1610 1606
355 2272
1542 1544
2018 610
1177 1169
1817 810
1148 1145
1144 1140
419 2209
855 853
667 1961
1625 1623
1706 1704
2010 618
1785 1753
990 988
962 954
715 1912
2188 440
2028 600
1781 1779
690 1938
2189 439
224 42
1052 1054
1997 630
1317 1313
1648 1650
1599 1597
2086 541
10 256
1422 1523
2050 578
2146 482
1637 1639
29 236
2194 433
995 997
703 1924
225 41
18 247
47 218
5 261
900 904
2180 447
1351 1354
2082 545
1517 1514
1373 1370
1288 1257
574 2054
783 1845
1915 712
1337 1339
724 1903
1920 708
1559 1555
648 1979
839 1788
2091 537
767 1861
498 2130
383 2245
2003 624
315 2312
1027 1023
1551 1560
2191 437
1387 1390
1492 1495
1911 717
1704 1708
2255 372
392 2236
1087 1308
358 2270
606 2022
863 865
1027 1019
1289 1257
1584 1576
2033 595
635 1993
228 38
137 128
1660 1671
835 1793
730 1897
205 60
1935 692
1716 1720
1252 1248
77 188
1242 1246
1246 1235
878 881
1004 1015
1006 1008
203 63
2023 604
512 2115
1858 769
1523 1627
1964 663
559 2069
2325 302
1946 681
292 2336
317 2310
797 1830
1795 832
1851 777
1269 1267
1004 1006
1404 1408
2095 533
216 50
1914 713
1238 1242
168 98
52 214
1075 1077
624 2004
1162 1160
1069 1071
2013 614
2021 607
1273 1270
2208 420
1278 1276
1970 657
99 167
1333 1337
2195 432
1888 739
2164 464
370 2258
1524 1526
1879 748
298 2330
1072 1355
731 1897
1826 802
263 2
1489 1480
1983 644
1020 1023
1792 836
1036 1038
507 2120
1986 642
1689 1687
390 2237
1852 776
1519 1521
1210 1219
1860 768
444 2183
2323 304
1165 1138
640 1988
2163 464
331 2297
1165 1133
549 2079
1862 765
1526 1528
1274 1262
280 2348
887 889
79 186
459 2169
2050 577
1665 1662
2159 468
847 845
2250 378
917 925
1732 892
628 2000
1994 634
1771 1768
1173 1177
1999 628
2152 475
1618 1620
2352 275
539 2089
1932 696
1696 1694
2140 488
682 1946
1467 1476
2183 445
1433 1464
251 14
915 940
1293 1197
2279 349
752 1875
1369 1364
2134 494
780 1848
803 1824
446 2182
1899 729
805 1823
467 2161
796 1831
1113 1110
54 212
424 2204
2093 534
1576 1587
1533 1537
1714 1712
204 62
2246 382
773 1855
719 1908
2309 319
709 1918
1600 1603
925 923
55 211
1333 1335
601 2027
1809 819
2246 381
1480 1478
1014 1004
728 1899
1059 1689
616 2011
1522 1513
2252 375
397 2230
772 1855
1511 1522
1947 680
1109 1097
1764 1768
870 868
773 1854
974 972
1744 1735
208 58
1828 800
2243 384
134 131
1131 1165
647 1980
2056 571
360 2267
1024 1027
1119 1121
1100 1104
312 2315
927 915
764 1864
1732 889
872 874
1298 1294
777 1850
703 1925
998 1709
1165 1134
2036 591
2243 385
69 196
1087 1089
2215 413
719 1909
1199 1201
1549 1540
1698 1700
1571 1573
756 1872
28 238
207 59
348 2280
54 211
1057 1055
923 921
2256 372
195 70
750 1877
153 113
1733 1745
1284 1276
1689 1374
490 2138
1723 1725
2245 382
1518 1514
1825 802
2128 499
1097 1129
2045 582
1352 1354
1811 816
1408 1406
1075 1319
1524 1618
1963 665
2340 288
496 2131
356 2271
404 2223
520 2108
1280 1283
1615 1617
227 39
68 197
195 71
2082 546
1617 1605
822 1806
1659 1657
238 27
1895 732
365 2263
389 2239
379 2249
237 28
2333 295
2232 395
2094 533
2268 359
1224 1222
1561 1596
1000 1033
592 2035
714 1913
1429 1510
454 2173
2043 585
1162 1154
2204 423
1499 1491
1874 754
1549 1538
2276 351
273 2355
2353 275
611 2017
1158 1154
297 2330
1969 658
2172 455
536 2091
540 2088
910 912
405 2223
299 2328
1766 1764
705 1922
1121 1123
597 2030
622 2006
2153 475
414 2213
1732 891
1846 782
35 230
1391 1395
2354 274
2037 590
459 2168
1976 652
1046 1042
102 163
1273 1271
373 2254
15 251
2046 582
441 2186
272 2355
689 1938
332 2296
1998 629
415 2213
560 2067
1962 666
602 2026
1333 1330
1434 1446
1192 1190
641 1987
187 79
1596 1594
837 1791
1941 686
1135 1137
2212 415
562 2065
1809 818
477 2151
1478 1489
599 2028
1226 1222
1215 1211
146 120
1910 718
2180 448
528 2099
185 80
616 2012
1074 1354
1522 1514
268 2360
1779 1783
357 2271
2083 544
1642 1644
1427 1425
2040 588
843 847
17 248
1511 1513
1458 1460
938 927
889 885
1096 1091
1042 1038
240 26
672 1955
2247 381
542 2086
1101 1103
816 1812
762 1866
176 89
1567 1571
1104 1108
84 182
1782 1779
427 2200
1412 1633
213 52
527 2101
456 2171
367 2260
1813 815
1154 1157
2193 435
1981 646
1221 1252
1184 1182
1958 670
541 2087
62 203
1495 1491
954 958
1789 838
173 92
1729 1725
1090 1300
867 856
2134 493
2024 604
1036 1689
1197 1291
227 38
1661 1669
1740 1743
65 200
1246 1221
2356 272
2350 278
74 191
1903 725
774 1854
1369 1373
1687 1400
1298 1196
649 1978
1990 638
588 2039
1906 722
851 847
354 2274
999 1035
2361 267
1507 1430
2299 328
862 859
2240 388
811 1817
2244 384
1199 1197
543 2084
466 2161
1820 807
1838 790
906 894
1687 1683
531 2096
917 921
19 246
1749 874
1841 787
1337 1349
1097 1131
410 2217
694 1933
431 2197
1412 1402
286 2342
329 2298
1641 1639
1108 1099
298 2329
511 2116
2070 557
139 126
2039 589
986 909
1984 644
1074 1072
111 154
704 1923
563 2064
2042 585
483 2144
377 2251
2220 407
285 2343
66 200
1802 826
1308 1075
1412 1410
1220 1290
1086 1075
449 2178
496 2132
949 915
1974 653
1298 1295
1629 1631
1350 1323
917 926
1679 1647
291 2337
978 952
1202 1205
484 2143
442 2186
123 143
799 1828
1179 1181
1096 1131
2175 452
829 1799
2136 492
1273 1264
1317 1319
1518 1522
557 2071
474 2154
1907 720
1773 1784
1715 1712
2262 366
157 109
1524 1625
1427 1523
377 2250
1354 1350
822 1805
2196 431
1632 1628
144 121
1866 761
517 2111
1606 1615
289 2339
2335 292
170 96
2211 416
285 2342
909 913
672 1956
2189 438
2014 614
1147 1145
781 1846
1669 1660
2282 346
443 2185
726 1901
1257 1261
2164 463
1848 779
1337 1325
1743 1739
1461 1464
952 979
1046 1038
2344 284
1059 1051
2168 460
1784 1775
343 2285
1174 1176
2287 341
768 1859
2144 484
1215 1219
2179 448
323 2304
1104 1101
786 1841
1276 1280
1533 1529
1687 1381
2074 553
634 1993
2051 577
462 2165
326 2302
894 987
1121 1125
2196 432
2244 383
2326 301
785 1842
2016 612
933 937
209 57
1769 1771
2309 318
1963 664
527 2100
311 2317
485 2143
2267 361
1758 1756
2268 360
150 116
695 1932
91 174
66 199
1043 1045
1418 1420
111 155
1836 791
1121 1097
1047 1036
940 942
1137 1134
1390 1388
90 175
2231 396
1036 1698
1307 1304
1422 1427
228 37
1337 1348
1885 743
245 20
219 47
733 1894
630 1998
476 2152
1762 1773
59 206
581 2046
1891 737
1267 1265
2324 303
1752 1785
336 2292
2205 423
1220 1255
570 2058
650 1977
1885 742
2063 565
1418 1422
1772 1764
184 81
894 988
262 4
1960 668
340 2288
918 921
1669 1671
1671 1659
161 105
2029 599
2090 538
1097 1108
1064 1072
843 1788
960 958
1340 1343
1269 1265
601 2026
1822 806
445 2182
401 2226
387 2241
2237 391
949 951
1869 758
1819 808
827 1801
2308 319
1949 679
1269 1273
1507 1503
1221 1248
2358 269
289 2338
1017 1015
953 962
1096 1094
518 2110
96 169
733 1895
1551 1559
1521 1518
2288 339
1027 1029
85 181
2299 329
1870 758
1927 700
2303 324
1109 1121
1645 1634
2326 302
1887 741
90 176
43 222
2061 566
321 2307
202 64
481 2146
2142 485
1484 1488
1931 697
2300 328
520 2107
900 896
1140 1143
407 2221
149 117
1059 1048
1904 723
2120 508
2248 380
1328 1326
701 1926
457 2170
723 1905
142 123
651 1977
2071 556
675 1953
1014 1009
1290 1210
2227 401
2304 324
2220 408
460 2167
1807 821
1892 735
1340 1344
1166 1168
528 2100
655 1973
1693 1689
564 2064
1706 1708
1246 1237
142 124
2061 567
1697 1693
1112 1110
41 224
1114 1116
841 843
193 72
487 2141
1376 1380
1430 1501
932 929
589 2038
56 210
2362 265
1851 776
561 2067
2128 500
1340 1342
1772 1768
1313 1309
287 2340
1507 1505
335 2292
827 1800
514 2114
1363 1360
1163 1154
1182 1185
725 1902
1068 1064
708 1919
550 2077
2123 504
539 2088
40 225
185 81
1186 1189
2001 627
2076 552
2290 337
894 990
635 1992
1333 1336
1759 1761
2109 518
2081 546
2092 536
1222 1234
2062 565
1004 1008
1454 1456
1648 1656
1722 998
262 3
1829 799
900 897
1329 1333
23 242
2103 525
1427 1423
1105 1107
1400 1396
1979 649
2112 516
480 2148
1359 1355
2078 549
1391 1387
2306 322
736 1892
1930 697
6 259
1247 1221
793 1834
513 2115
1942 686
157 108
1300 1298
706 1922
410 2218
1549 1560
1729 997
867 858
471 2156
1551 1555
1105 1108
671 1957
1830 798
2293 334
921 925
2094 534
1110 1114
1163 1151
8 258
1886 742
1867 761
127 138
221 45
891 889
1631 1628
386 2242
666 1961
2269 359
49 216
977 952
927 939
13 252
1948 679
314 2313
1209 1201
2266 362
1587 1585
1400 1398
354 2273
2124 503
1228 1226
855 867
1697 1036
369 2259
574 2053
755 1872
1157 1155
78 188
762 1865
1937 691
1563 1587
2117 510
1588 1596
2325 303
400 2227
116 149
16 250
1221 1253
1261 1287
1733 1744
162 104
494 2133
749 1878
468 2160
1561 1537
1641 1645
1510 1522
506 2121
1584 1580
317 2311
813 1814
1966 662
885 881
1018 1027
129 137
1400 1402
145 120
637 1991
1548 1544
1816 811
1571 1568
874 1785
239 26
2295 333
859 867
2131 497
787 1840
140 126
119 147
843 845
1579 1576
2037 591
30 236
1871 756
1700 1036
88 178
118 147
609 2018
1845 782
471 2157
877 875
1187 1189
1437 1441
1677 1675
693 1934
1264 1262
939 915
1392 1394
1458 1449
1255 1290
162 103
1725 1728
1877 751
1542 1540
1894 734
1720 1712
1464 1430
1375 1687
548 2080
1150 1139
260 5
2207 420
1969 659
698 1929
798 1829
1031 1033
1497 1495
1125 1123
393 2235
1709 999
749 1879
2045 583
530 2098
2089 538
1311 1313
1960 667
1689 1375
2291 336
1957 670
1559 1556
2241 386
1588 1563
1447 1458
964 976
474 2153
1507 1509
1647 1645
1736 1738
1159 1162
342 2285
863 867
1588 1561
1853 774
197 69
1641 1644
855 843
264 2
849 847
1129 1121
529 2099
1234 1230
523 2104
1255 1253
486 2141
1072 1061
1773 1775
1128 1125
519 2108
489 2139
1687 1376
1465 1499
73 192
1376 1381
1029 1004
1669 1665
21 244
2334 294
1215 1213
2101 526
232 33
2230 398
740 1887
1083 1085
1533 1535
305 2322
1514 1516
1362 1360
1930 698
1163 1152
975 967
1948 680
721 1906
759 1868
1465 1430
572 2055
1414 1412
49 217
119 146
704 1924
165 100
2113 514
68 198
156 110
986 914
1821 807
619 2008
1818 809
855 852
253 12
1029 1033
1625 1622
495 2133
874 870
962 960
1921 706
1114 1118
1434 1436
1059 1055
1060 1364
308 2320
1718 1720
2284 344
1764 1773
1317 1075
2114 513
710 1918
2047 580
112 153
2004 623
245 21
699 1929
74 192
43 223
676 1952
438 2190
999 1033
1173 1176
1158 1162
1606 1614
1584 1582
567 2060
241 24
46 219
2192 436
1339 1348
957 954
1229 1226
1298 1296
154 112
169 97
1386 1395
2242 385
2015 612
115 150
1 264
202 63
1554 1552
825 1802
2126 501
991 995
1863 765
284 2343
392 2235
863 859
647 1981
521 2107
2358 270
93 172
1655 1652
234 31
412 2216
267 2360
650 1978
843 1787
1590 1588
659 1968
12 254
1645 1679
881 883
1632 1412
2219 408
2327 300
1886 741
1458 1433
792 1835
1815 812
727 1901
1659 1648
1752 1750
718 1909
166 99
2294 334
255 11
1072 1069
2331 296
266 2362
618 2009
1364 1373
1571 1569
685 1942
1348 1340
747 1880
987 909
1068 1072
296 2332
1224 1226
972 975
1916 712
1490 1478
469 2159
745 1882
669 1958
2174 454
1540 1544
808 1820
1453 1450
94 171
1675 1671
1945 682
1499 1490
931 929
1141 1143
1584 1581
796 1832
2073 554
2169 458
1704 1702
1453 1449
1788 840
2166 462
598 2030
2273 355
654 1974
1396 1398
409 2219
1982 646
824 1804
995 894
1079 1082
729 1898
1819 809
1089 1300
2005 622
1446 1458
1478 1466
357 2270
2239 388
1758 1753
572 2056
467 2160
1823 804
1659 1647
793 1835
426 2202
2044 584
2075 553
1189 1096
323 2305
771 1857
498 2129
1693 1036
1565 1567
769 1859
1110 1118
1749 1785
57 208
730 1898
405 2222
2277 351
949 914
1363 1355
1884 744
2184 444
1288 1261
847 855
1094 1092
636 1991
1856 772
335 2293
490 2137
327 2300
2020 607
1806 821
2139 488
32 234
643 1985
1168 1177
1300 1304
995 992
2066 561
161 104
1121 1110
2232 396
627 2000
1320 1322
1970 658
1652 1656
1575 1567
56 209
1082 1078
883 885
1458 1434
1731 997
1526 1604
94 172
1114 1117
1603 1599
1837 790
1627 1625
881 1749
610 2017
2275 352
1989 639
1304 1306
817 1811
1949 678
1484 1480
220 46
61 205
1636 1634
152 113
2096 532
1868 760
2191 436
1874 753
465 2163
1934 694
109 156
2184 443
1966 661
1888 740
948 944
904 902
2097 531
2277 350
1395 1392
1870 757
1956 671
820 1807
186 80
1725 997
2031 596
986 913
2058 569
278 2349
664 1964
1434 1445
1060 1374
711 1917
1571 1574
2157 470
1380 1378
843 868
1313 1315
1673 1675
243 23
1164 1139
1432 1430
1843 784
967 971
2295 332
521 2106
1429 1507
810 1818
568 2060
1286 1274
325 2303
450 2178
1675 1679
1741 1743
909 907
2057 571
2033 594
1364 1366
1048 1050
545 2083
326 2301
2226 402
967 970
605 2022
189 77
1466 1490
363 2265
399 2229
314 2314
1950 677
261 4
1099 1097
229 37
1363 1072
919 921
2136 491
1029 1018
256 9
587 2040
1733 885
724 1904
2162 466
1645 1680
2195 433
1610 1614
1189 1177
964 952
1863 764
1953 674
370 2257
896 905
1418 1415
453 2174
1181 1177
140 125
1671 1679
2218 409
651 1976
675 1952
1000 1004
2035 593
1366 1368
1453 1457
975 964
1086 1078
2069 558
1131 1129
620 2007
1758 1754
233 33
1072 1063
164 101
877 1749
1831 797
362 2265
170 95
875 1749
1710 998
1004 1001
746 1881
881 879
894 905
1478 1476
1681 1683
1395 1384
1337 1328
1720 1717
347 2280
581 2047
1785 1750
31 235
1923 705
114 151
1246 1244
2238 390
1620 1524
1478 1467
1148 1144
417 2210
517 2110
1936 691
417 2211
979 981
584 2043
190 75
1139 1148
2286 341
2338 290
2034 593
2049 579
2129 499
397 2231
1085 1082
1675 1672
639 1988
1090 1192
32 233
645 1982
1733 1735
684 1944
1290 1197
1038 1047
1723 998
2199 429
566 2062
2258 369
1617 1606
2027 600
425 2203
2150 477
143 122
1323 1354
829 1798
881 1745
35 231
850 847
82 184
1847 781
2078 550
1050 1059
174 92
2008 620
1890 738
547 2081
231 34
128 138
631 1997
1575 1587
1185 1189
14 252
542 2085
7 258
892 997
430 2197
1947 681
387 2240
177 89
1460 1464
657 1971
181 84
1967 660
943 940
1329 1337
1967 661
870 843
1221 1255
48 217
683 1944
2329 299
576 2052
944 940
164 102
524 2103
2224 403
717 1910
1759 1785
404 2224
1011 1013
93 173
1716 1712
1711 1720
333 2294
2041 587
2256 371
1280 1278
115 151
2238 389
1669 1666
1344 1346
1023 1021
2311 316
1300 1302
1678 1675
60 206
1746 1748
493 2135
15 250
1041 1039
1935 693
2286 342
505 2123
692 1936
2010 617
1996 632
1632 1415
76 190
1432 1464
714 1914
780 1847
249 16
707 1921
2135 492
1226 1234
819 1808
674 1954
560 2068
1523 1628
833 1795
1907 721
522 2105
1531 1533
1797 830
789 1838
1234 1232
1799 828
1647 1671
1917 710
783 1844
86 179
131 135
2193 434
760 1867
1181 1185
1645 1637
223 42
124 141
889 1733
1450 1452
1408 1403
1965 662
929 937
51 214
1980 648
1196 1300
67 199
1785 1758
2351 276
573 2054
134 132
439 2188
191 75
152 114
1735 1739
1959 668
281 2347
411 2217
738 1889
1315 1317
2132 495
2179 449
1456 1453
1359 1356
1803 825
478 2149
1354 1320
645 1983
894 991
2337 290
1933 695
1858 770
720 1908
1611 1614
2012 615
1836 792
2284 343
779 1849
265 1
2269 358
1473 1471
1687 1396
1322 1354
2234 394
2346 281
2359 269
2290 338
2066 562
962 958
263 3
2214 414
472 2155
295 2332
976 952
2228 399
1319 1354
1531 1529
2145 482
1641 1637
1437 1445
1803 824
2261 366
1537 1528
1995 633
2072 555
997 1732
1483 1480
243 22
1189 1181
158 108
1925 702
2075 552
95 171
310 2318
1313 1308
2002 626
701 1927
1219 1216
1034 999
1592 1590
1995 632
2090 537
1579 1577
2264 364
1460 1433
2297 330
2065 563
547 2080
2198 430
1509 1429
1436 1445
24 242
1882 746
2105 523
1169 1173
1480 1488
1812 815
148 118
9 257
368 2260
2059 568
27 239
1465 1500
1645 1412
1406 1404
2225 402
1853 775
1467 1475
312 2316
530 2097
575 2053
2068 559
87 178
1235 1237
479 2148
836 1791
1133 1131
316 2312
638 1989
1890 737
2359 268
1490 1465
1081 1079
308 2319
376 2252
1281 1283
1481 1483
193 73
592 2036
1052 1055
2234 393
1787 1785
422 2205
1580 1576
625 2002
260 6
543 2085
1661 1665
325 2302
2345 283
1499 1495
2025 602
1683 1400
1614 1612
981 983
85 180
767 1860
222 44
1139 1163
144 122
2249 378
2315 313
999 1708
1652 1648
1331 1333
1498 1495
1585 1576
139 127
361 2266
1371 1373
2116 512
1487 1484
255 10
843 867
800 1827
1194 1090
1599 1596
1119 1110
893 995
106 160
2044 583
1538 1540
640 1987
229 36
625 2003
2025 603
736 1891
502 2125
696 1931
1303 1300
1429 1522
597 2031
1241 1238
2192 435
1941 687
129 136
1915 713
1074 1355
656 1972
1696 1693
999 1704
2247 380
2034 594
97 168
25 241
1298 1197
763 1864
167 98
1382 1687
949 940
282 2346
735 1893
1700 1702
2024 603
427 2201
13 253
1880 748
2138 489
1172 1169
2327 301
2158 469
929 927
1563 1567
1346 1348
418 2209
1526 1596
375 2253
1004 1017
1685 1683
702 1926
273 2354
1563 1561
975 971
1954 673
2112 515
507 2121
558 2070
999 1700
2255 373
1873 755
1403 1412
422 2206
1344 1348
2109 519
1625 1523
189 76
50 215
595 2032
1911 716
2317 310
1524 1621
2200 428
945 947
1913 715
1138 1134
1565 1563
1231 1234
2349 279
700 1928
1607 1609
491 2137
237 29
1996 631
1060 1072
1363 1359
1725 998
2278 350
540 2087
870 872
629 1999
1842 786
2011 617
473 2154
2023 605
1621 1625
1746 881
271 2357
327 2301
1884 743
778 1849
1216 1218
801 1826
1230 1226
428 2199
457 2171
2321 307
1462 1464
293 2334
2013 615
1140 1148
1438 1440
1257 1259
997 893
935 937
1374 1364
1524 1605
1689 1691
51 215
1197 1201
1862 766
1201 1205
2203 424
945 948
1017 1029
53 213
479 2149
654 1973
1126 1128
1633 1645
106 159
653 1975
1971 656
1711 1722
986 984
1852 775
1248 1251
754 1873
1871 757
579 2048
103 163
964 953
1797 831
1009 1013
1800 828
1889 739
1449 1447
45 220
364 2263
1035 1700
135 130
1785 1761
548 2079
1893 734
1951 677
643 1984
1203 1205
914 984
1387 1395
586 2041
1810 817
1311 1309
2296 331
1286 1262
506 2122
1876 751
1246 1243
1125 1129
1837 791
1959 669
1172 1170
515 2113
1285 1274
2298 330
2185 442
535 2093
2283 345
1033 1004
22 244
2194 434
4724
912 1448
964 655
1216 376
469 354
2063 647
1173 366
1028 75
1177 2171
1287 1974
2344 1653
516 403
854 1476
2170 1785
1452 1299
392 644
840 898
847 2046
1696 270
1275 745
71 491
783 2276
1730 1020
1841 1799
688 2151
1670 2033
32 50
1199 281
1672 2218
1341 1753
497 961
503 488
1653 695
2208 1802
1831 1036
1126 159
1878 2102
939 136
1870 872
2282 2229
360 1782
1917 2010
1194 1524
1530 2341
563 187
240 1737
1469 299
2237 404
1142 1695
492 725
248 1036
1103 1785
1782 547
253 965
893 378
331 1706
1343 1933
822 1738
1411 103
1486 1171
938 560
1203 915
514 341
472 1916
1065 835
1463 987
1940 2084
1059 426
916 133
1620 777
924 525
10 288
2196 1234
2303 2116
155 245
1373 1111
1847 1454
183 1449
537 1303
1196 566
896 113
343 1950
111 1837
390 1325
949 145
2056 1815
1434 490
2284 768
2206 2334
1475 1868
1708 1754
1934 1560
1289 2031
1515 2033
799 1818
252 840
283 1785
1609 1158
1686 1903
819 217
2164 718
2227 1194
2307 2097
1401 1310
2212 1297
12 637
1484 342
955 911
408 531
2049 80
1052 860
1810 1314
2094 1658
1631 2280
2234 229
1637 39
89 714
1777 2283
2266 1313
904 2296
648 419
190 2351
1018 2325
661 759
1222 111
395 2025
964 311
731 1971
31 1558
441 1373
845 270
960 256
89 1447
366 368
2121 190
141 1394
1405 1588
1549 55
544 2007
1866 1769
235 435
2290 1557
2149 1699
150 760
1212 1598
1970 11
2313 1337
1691 1422
980 1733
479 295
633 85
1651 1650
1159 1431
1676 2126
2126 158
1658 987
1337 694
2166 546
698 57
513 739
2204 85
1472 2024
1629 1103
1899 441
2201 956
1217 297
355 235
1832 376
884 1879
1445 1886
480 332
1962 2109
1833 1049
1434 34
1667 1166
645 1901
1419 627
1495 1097
842 1153
2241 309
238 277
1050 1644
628 369
1616 829
1334 1972
1963 1428
1630 1848
1870 408
488 1782
1934 869
1181 901
27 203
827 1397
108 1615
1049 2235
2040 1402
1572 390
577 1201
989 1569
1317 1807
22 1746
1608 902
31 1650
720 1809
936 2212
1326 1469
2114 1203
1944 85
1472 1215
1876 1379
1322 1263
1344 475
357 1360
293 2260
2005 2008
1688 1529
2085 2088
618 350
653 1174
1218 918
1129 645
296 519
149 59
1921 1405
2197 1836
1744 1563
137 1387
559 202
1636 1724
813 1637
1802 1032
883 1838
172 427
650 28
958 321
751 896
2348 1124
2092 1792
1711 1030
1779 1060
1578 1794
1030 1261
789 1213
1897 716
1642 958
189 531
1087 2087
51 1285
721 1113
2204 1868
898 1468
1055 567
693 2335
349 1779
86 2098
1914 1383
1708 1922
1512 1741
496 2330
26 354
200 232
1528 648
693 1760
1081 173
509 1337
898 1201
664 791
2213 244
1492 2033
2274 191
1881 1092
780 1599
1860 90
2258 2294
1920 1162
1965 1893
282 2148
1115 1551
1195 2314
206 2191
2184 908
2130 1032
1761 196
1483 1196
137 1907
424 43
1449 915
1975 2232
1512 729
1868 308
2274 1698
876 633
111 2282
587 361
1890 92
1803 303
1306 1245
1731 475
1965 36
416 1244
1567 1785
797 1530
1341 746
1845 1200
192 119
1315 919
20 1405
63 2286
92 1865
2198 93
1130 756
1519 273
635 1988
449 979
1394 1475
910 1870
1844 954
2105 689
62 595
225 1695
2186 743
960 2269
2345 1183
1067 850
1131 332
99 983
768 1661
2067 1630
2246 1933
646 162
894 2329
37 2146
2229 1374
1835 1504
2015 1913
668 1095
2320 2128
1986 1390
1475 2150
693 2013
1925 1931
1511 308
592 114
1478 1429
950 1326
1079 313
1963 825
731 831
2236 596
1019 1953
129 630
277 1339
1339 495
7 109
870 1425
1831 2361
1773 1080
1144 1234
1572 604
1996 1185
675 2133
1233 2045
1887 1700
414 992
918 1901
1893 205
975 714
1184 1097
1139 1849
2190 254
1882 1238
2335 1164
1301 835
1958 1280
1652 811
1690 1986
1872 1845
1031 1486
1880 1638
2037 663
720 643
1885 756
290 1060
327 1398
1729 1571
2271 695
487 2280
635 1327
1640 985
606 1072
540 2350
1952 832
1409 2307
1139 1090
2296 2166
1948 118
1162 278
315 1661
1535 2206
882 1736
158 280
782 1517
214 1036
2247 1741
924 587
663 1965
287 671
474 1431
1871 1756
1244 66
1579 1470
499 944
576 285
264 2016
1947 294
1442 957
2344 1999
1553 2281
409 1769
1621 506
62 2217
284 2086
1701 527
2343 693
1539 59
555 22
1885 123
1079 2207
388 954
333 566
92 1928
97 98
1279 2046
1790 2133
845 1056
998 2098
1595 199
2233 634
1223 904
1052 1813
269 383
349 158
940 1939
1992 1543
1821 818
1362 851
1047 1232
753 86
1100 229
1110 1087
618 593
473 937
482 983
370 2062
1304 1386
210 1437
2101 1079
1279 1321
1478 1325
1393 1655
2116 1384
551 957
1339 703
938 1891
998 382
818 2341
1824 47
686 945
170 2196
1554 695
2132 705
562 1723
1032 556
1909 2204
344 139
583 152
2065 496
1892 516
1751 1901
1964 1018
2278 567
131 540
633 2225
80 958
231 1053
2111 314
2103 762
2305 684
941 1371
2180 2344
806 554
2024 337
913 243
1672 1790
2051 2106
1587 1730
2073 1929
956 1702
40 2196
1881 15
2323 270
1735 1722
1317 2222
129 1273
178 155
879 2304
508 942
1083 738
1327 1072
792 751
1411 1771
604 1637
2084 1385
2356 328
2140 670
1586 1729
370 2356
225 304
1760 232
809 1896
1278 2026
547 77
2040 2110
4 936
1110 222
2320 227
902 1327
12 1806
1282 2289
2309 598
1436 1658
402 745
2309 2069
993 2058
2181 1951
1881 1419
944 2083
1196 1719
128 154
1118 970
2217 376
1071 1039
1772 1737
642 1407
1181 1887
1167 1419
1279 218
576 1749
169 147
220 1275
1418 1333
166 1088
1204 492
1681 1539
2235 911
2141 2148
422 2301
585 478
2065 62
746 1866
1341 1963
845 1011
204 2137
1495 67
1560 1411
146 1969
899 330
1233 1745
1803 1624
2253 1621
1028 1359
111 1375
2182 255
101 2059
380 1481
1101 1768
238 1592
926 1444
1744 116
1083 1781
1811 130
428 1243
1304 1201
378 924
332 856
437 599
702 696
1096 1356
1351 1161
340 1152
1801 1874
245 1730
442 1677
936 740
740 1170
415 211
1529 2080
334 2048
6 800
926 667
2151 577
1064 2323
1948 26
550 140
491 296
87 1381
2314 85
298 1506
758 1223
2194 699
1880 1260
1091 1894
2177 168
1730 1761
1476 179
1441 4
15 1125
1753 833
2283 1471
1336 1891
2168 783
2019 1321
1065 1744
794 1917
130 1410
328 510
1597 1953
412 425
162 1270
1500 1775
1419 2030
2236 344
1830 546
1771 1070
1390 636
1890 1746
1457 1914
1816 1520
552 1009
24 2114
1768 1771
916 2326
140 709
1617 1764
1690 1710
1501 2089
536 1533
1295 57
2016 789
2047 2168
660 905
648 1540
2251 2057
2048 847
875 1585
304 1265
110 2105
1469 287
2191 2237
48 1696
236 1921
1987 1019
982 1541
1453 441
1103 2300
2005 178
292 717
1543 224
2348 1481
136 1557
632 1451
1885 1997
2359 284
1936 998
2359 1027
1561 2146
501 2089
1000 1344
486 1025
1328 208
1817 538
984 858
331 1433
292 284
1849 1560
1045 2146
234 890
124 1460
2078 109
1275 612
309 2024
637 966
2308 2361
311 512
1416 72
353 1371
575 1404
373 452
1975 1284
859 782
276 1837
12 1536
1499 1566
2099 786
21 55
1899 1775
338 1540
667 1401
1292 617
1879 2311
666 1788
1571 1511
1260 2040
537 958
2026 790
780 506
1149 1305
1675 1563
2105 1380
263 1827
2178 1072
473 1371
2303 2226
1105 672
40 59
737 310
1133 937
2292 856
1112 1803
2321 2196
1938 278
1051 1053
2178 674
685 1034
215 737
106 71
1082 1496
1945 656
348 504
754 572
574 1269
1178 756
2329 929
368 2320
852 609
684 30
659 535
1891 1310
1434 784
700 1062
258 1220
390 981
1371 1652
543 2091
2259 2130
1562 480
949 1297
1587 659
1898 1511
888 1774
429 1485
2242 1463
1051 162
509 1383
169 1202
1014 2037
1014 236
806 1769
2290 1800
650 175
940 1681
1754 477
1409 159
848 943
2337 577
1622 1559
1593 1826
1645 937
1148 473
1698 462
430 729
1851 1335
532 2288
730 379
1452 1919
961 1331
2273 2148
1946 1726
1243 413
376 2046
1900 283
698 710
1007 625
2146 1372
1082 1878
1571 894
798 2216
229 791
794 1710
2336 1580
2083 403
938 504
395 2126
989 330
2180 1034
603 1031
1410 1212
2151 1950
408 360
2330 1923
1885 2296
1553 1579
1061 14
2346 410
1223 1248
1861 959
95 1438
1217 2060
1692 825
338 1298
1939 466
802 2197
2066 874
641 1916
688 1889
1243 797
32 469
857 1883
795 668
1121 1028
825 897
2169 506
2241 1431
1883 172
1044 757
1443 1207
144 334
1327 582
585 382
2253 818
755 876
628 1140
774 2289
2095 1871
2301 59
142 2356
2210 108
1142 1834
1731 428
1089 647
1831 1787
1960 2250
759 962
1352 1073
1356 403
1182 1526
1694 72
1573 1534
1381 1723
1180 1776
132 1200
129 2050
1775 2184
2006 777
1147 378
1800 177
2015 1461
111 1398
585 1836
138 1123
1802 14
1999 1526
1967 457
848 683
499 1777
1957 1628
1377 1098
1067 108
266 2287
2171 173
857 360
1296 672
835 1790
2302 575
1013 1098
1877 873
1978 1428
1787 739
2020 1375
1091 1327
947 141
1797 2186
350 813
2018 2058
1669 939
878 88
91 1460
1755 1865
1591 1972
622 320
788 2223
1557 1078
666 138
29 1957
1635 131
1444 440
1305 775
1458 362
1999 1526
1084 1795
574 773
1677 1533
727 1594
1732 2330
473 1940
387 895
1418 711
1926 460
820 1733
827 2279
2125 705
1616 721
99 40
595 1229
1590 301
1995 239
1032 469
1304 95
587 1221
2292 2131
966 105
414 2351
201 793
282 1156
2013 2299
1364 740
1506 2074
376 1258
1526 567
2021 2154
2237 903
937 1771
2284 578
172 789
230 878
304 706
941 2200
1103 1279
1762 963
422 513
454 2119
1143 1966
1074 1552
319 1123
1572 2237
784 2310
466 1371
1551 224
877 1615
1786 1173
2003 1234
638 591
1065 831
1909 2243
2135 1994
369 1040
768 1533
1096 1088
308 2256
318 341
16 837
1799 1381
1819 33
1734 2034
1710 782
1242 1116
2323 820
1032 2072
254 595
1060 314
1831 750
223 1195
1377 376
540 107
264 1912
2027 887
1151 1047
122 108
1796 235
240 2275
1209 1067
2055 899
1301 2287
803 1568
304 597
1832 163
1309 1011
1102 974
1419 593
1086 1024
2352 804
712 557
1883 1745
489 1404
1919 1719
385 1747
1550 1795
770 868
377 71
1831 1782
1307 257
153 1017
1983 1922
1603 1846
1809 690
1144 1366
1504 956
1475 444
1482 216
1278 935
69 2259
1734 110
1329 396
2041 1586
1656 744
976 1877
2131 2127
1580 188
675 1479
1744 1314
861 1259
348 612
2083 1625
347 1447
1077 1311
758 978
1267 1587
1807 2271
936 777
1886 1019
505 2052
608 1216
454 995
1492 2229
1457 1699
2301 207
1768 1569
694 1054
2228 109
883 725
830 1970
2252 2058
1579 1558
1184 1119
2232 655
690 622
132 999
1263 2330
312 1345
303 2317
342 1307
715 469
109 1423
855 732
301 225
2214 1167
1178 417
1654 794
1876 2348
1576 1766
202 331
1237 1720
1 1159
1752 127
1683 869
1036 291
2041 679
748 1715
2228 1514
1335 330
1647 1500
1956 907
978 1078
1959 1130
1010 848
561 2243
116 370
2307 786
1743 460
787 443
99 120
412 1176
689 1050
679 526
1043 909
2342 1820
393 1024
2065 744
1963 1580
1603 1350
2138 844
918 203
280 752
929 1050
697 1327
1230 1129
1822 242
1279 995
23 675
190 1
652 240
1629 1385
783 1618
847 301
995 886
1002 829
98 1083
2126 752
320 1415
876 609
782 292
1938 233
1670 2279
1975 2137
978 2360
1639 2109
2101 1693
1385 2070
1207 1277
796 1596
92 2017
1247 600
183 1489
2233 1911
577 426
1331 929
1083 1745
181 1861
965 1608
2356 1533
2076 1903
1576 1818
776 35
1731 2100
207 1326
329 2057
1694 1503
1289 258
883 1026
626 2002
2322 969
1094 97
708 52
274 1859
1755 566
1041 461
275 1110
1504 1306
2220 709
869 718
1941 2167
519 2143
1226 1621
250 1822
501 40
1828 1865
1641 1062
982 1400
792 2067
1120 975
638 1461
1948 1236
580 1582
544 43
582 165
943 1370
1164 144
461 307
2031 556
2002 457
1892 185
2242 430
2300 620
40 137
1160 733
1033 123
1678 2010
1822 1148
719 694
1600 1480
2225 1447
1237 993
1353 2080
2213 603
955 1765
1066 1168
489 1012
208 1049
1149 1039
262 1301
1337 1152
1823 951
1311 1877
581 2287
582 2220
1851 2259
1440 1574
476 661
1563 423
1734 840
839 2253
495 300
2133 2307
2258 2266
619 1131
1707 1804
1738 982
1455 933
1582 1572
1410 231
493 2015
1560 2360
232 2154
1611 827
476 1261
1037 1726
1460 1517
1731 1010
1542 1912
2108 2118
1642 502
1704 2007
2009 2020
1254 1956
2279 1735
445 86
999 265
2172 581
1617 2154
1828 1599
470 1114
2129 2284
908 1029
1942 911
518 991
1848 17
668 823
1201 2165
1391 2156
2344 175
1127 1705
2304 2092
1158 671
222 989
490 883
329 1384
1283 2034
2149 222
1024 1324
753 2136
517 720
2284 1742
451 88
914 874
854 1188
427 1415
2095 2159
1558 1974
1489 1420
1417 1234
1177 2242
1116 488
869 559
16 1035
1785 492
2349 1774
2058 1380
1533 1277
611 1395
2227 1321
2308 385
1108 527
1927 1527
866 1094
366 1697
997 135
118 66
1706 1733
1934 1774
698 2084
1188 2111
1624 308
2027 1517
1276 506
80 386
2066 1465
810 1936
136 1738
1355 917
2125 1857
1700 1781
1538 2284
1683 1550
2138 1283
1360 2116
2068 104
523 3
901 1745
2029 2361
772 960
847 1727
324 619
2154 319
1996 2212
611 1325
2194 1983
838 1551
1399 944
1748 1693
1054 566
1757 858
1007 2159
541 87
1728 2352
1206 1791
476 1396
864 677
2135 675
999 1766
290 1483
854 974
1236 982
1375 449
758 471
1983 900
1418 104
2358 420
1554 1241
613 1216
2176 1153
634 1474
1166 1217
841 2129
567 518
1578 1779
1482 892
1875 1392
1764 1903
634 2257
1551 1712
96 1270
2051 1479
993 2335
1598 48
667 1504
470 2154
1730 1397
1698 2072
1845 2307
2301 1527
332 1999
1763 515
387 697
1342 1837
1025 1614
2201 1508
1465 1870
1225 606
1692 1174
492 1124
1602 59
1968 37
1807 614
2096 623
113 952
1308 143
90 848
1054 889
1912 1672
337 251
302 991
2180 386
390 2253
1809 2202
259 518
776 2079
237 920
2339 2002
680 1664
1497 1958
606 2031
1105 1427
1229 1936
2215 1828
299 39
744 610
641 446
1008 1841
1008 517
1437 2155
1103 929
159 413
2214 1929
1418 359
1092 1570
1832 866
1145 2154
1432 2135
800 1127
2103 1972
671 1174
1401 1180
68 1632
95 1098
2111 2273
1957 1290
1422 550
739 1022
2039 1999
1615 1952
2222 833
573 669
41 1334
1915 577
1421 1741
140 1364
27 360
2108 551
2283 280
1043 209
1376 966
1854 877
960 819
113 1297
608 246
2347 303
208 737
1527 1715
827 514
1663 2332
44 1803
1899 1417
808 1945
2294 729
928 147
1557 1581
488 780
1023 1243
1179 920
1022 1467
1237 1506
1399 54
1849 872
1626 2266
1291 1593
1736 2307
754 184
143 1196
613 1398
2186 1547
1859 2092
1420 2268
2213 2289
1726 1770
1070 1330
2204 287
824 1363
1368 510
524 1597
388 1170
1700 894
2192 133
461 2096
2100 271
637 430
1214 1972
1514 1861
2240 1352
2046 1893
2097 1975
1267 1228
348 657
2080 309
1381 2070
737 1993
1745 1405
1691 312
877 1675
521 1838
879 2100
2112 62
601 2315
1680 44
1718 238
1863 27
2103 1298
2057 2192
872 1297
477 1021
54 1964
70 532
1295 730
853 2203
255 216
968 215
1588 453
600 1258
1472 924
84 1159
326 1561
159 1932
645 509
122 242
71 1965
626 1964
55 1653
2143 1496
1633 821
765 1554
1031 1789
1466 1749
46 1749
1296 1377
576 1097
1941 1892
2331 2163
1201 2154
1592 1065
1347 2241
1575 950
1504 1306
943 1808
1658 853
590 2035
1503 1085
852 306
1543 1589
1741 1093
1179 1290
1153 140
156 146
1098 1545
536 1721
122 566
1451 1051
1778 1006
371 1959
1290 2358
1362 708
949 1775
184 927
1538 969
2112 2178
319 1981
3 1527
2161 1260
1550 1933
1718 1765
1492 284
761 56
2120 4
60 2197
1123 1067
491 1858
1876 1473
2124 1268
2130 77
1383 434
2152 722
1209 1420
1261 1429
1672 927
897 1062
17 669
1377 2355
1271 904
42 528
881 970
804 1308
2105 721
166 1702
2354 1680
1728 2241
1832 402
2277 425
1647 2316
380 522
1397 1801
12 1177
654 2175
1219 204
626 1884
2252 2191
485 1543
794 2000
72 1251
414 155
1694 69
259 88
1688 1737
361 1390
874 1626
1715 1194
2324 1375
137 2235
2217 929
408 12
1888 1375
765 1090
2263 1596
780 1705
1166 1501
228 1894
2135 1624
2334 203
1447 373
928 566
1089 2356
423 1653
1948 2362
1854 199
2176 675
2110 1697
1235 1916
2194 1367
391 154
409 730
1378 2045
304 170
1521 267
1065 1277
1180 2259
729 1530
2023 464
1032 143
905 2138
479 1104
1417 72
1577 304
1694 1547
1858 1152
365 1476
2123 480
1598 1296
12 1375
300 425
2090 389
600 1970
2154 693
732 535
1622 1451
1298 948
246 288
1184 2290
866 1221
56 705
2322 1141
1675 1213
2269 1332
1173 1247
303 1780
594 1350
172 2133
2283 177
2200 994
1081 391
273 776
283 1255
1270 884
2187 1352
2139 2101
459 1039
767 2356
2103 971
139 619
70 1197
1892 433
190 238
737 516
2128 929
1834 475
764 299
1759 2093
539 10
859 1816
1338 901
294 459
2213 16
1220 1519
640 1430
1961 2309
1628 1913
442 1117
119 2162
1749 1641
494 2285
528 1173
1832 357
1615 1987
1055 1541
2301 851
2166 1681
1522 479
1662 184
1027 2174
2242 1911
2169 1537
2205 2333
142 322
976 476
2160 983
646 1865
1766 592
1681 245
103 1641
702 1978
1105 2076
1904 1107
393 962
1237 1893
1227 1183
931 1035
400 1580
410 1128
1522 1439
461 2150
1298 1415
1443 289
1458 1733
392 2336
2185 1098
826 2170
950 812
1921 1382
1001 996
1539 2070
2349 1877
1824 2269
1374 1993
955 463
552 352
368 1313
54 475
1858 2257
2208 2204
1554 1497
1087 545
1816 1650
1968 775
1908 2026
1146 2209
587 738
1511 758
48 974
880 1060
668 246
1244 2225
2055 1609
678 2139
1268 30
1684 2296
1162 1458
372 1547
205 1029
201 2275
2164 1343
2303 1091
255 541
1381 1093
1209 1239
2284 740
895 2061
655 2192
799 1080
1864 736
1080 68
804 733
1923 1688
650 311
672 1780
703 1410
582 766
422 2333
1255 234
1774 1125
1301 179
1419 1781
406 1371
228 2185
830 241
97 597
163 237
1215 1585
113 140
2331 789
1926 154
1154 314
695 1453
427 1060
1854 806
2139 1425
1829 1131
2238 190
1950 1021
1043 1688
2264 296
516 830
508 1319
1058 906
920 1803
474 2219
982 296
1803 549
1211 875
404 1032
2115 559
1703 454
1617 428
166 365
1934 503
1931 1350
481 1576
654 1136
2352 1574
2139 12
2047 407
1149 1728
1877 1180
769 1097
2035 1602
682 1098
1335 1629
1383 344
1132 473
2023 2262
227 1617
2084 1466
325 601
1131 2354
620 742
46 1784
554 1086
2246 1615
95 1168
1208 3
757 874
55 1551
1777 1296
807 356
1383 1811
1756 2176
1746 1729
1769 1107
1923 235
1378 752
1121 1682
1296 453
1794 1308
1769 1069
2085 1682
419 1706
2350 519
458 1513
1536 1097
1173 2226
372 1030
1051 1320
1940 24
1877 138
2341 2129
1748 1317
653 53
1175 1685
2224 2322
1133 1155
803 1522
1883 1425
2136 1450
2291 1386
812 1577
421 1739
1844 1253
321 355
812 926
1460 384
270 259
1983 1948
697 2301
981 1171
130 809
945 1666
207 124
562 2349
1458 793
1935 1951
162 2229
861 826
1717 614
1017 1478
546 1189
1829 989
843 1093
2218 1446
358 1722
1061 1763
396 827
442 2232
42 2312
2188 1282
1636 671
542 2233
1279 1504
1907 1182
2335 1144
227 1022
1776 9
721 1116
842 32
235 2300
1821 1530
1879 290
1448 1593
1180 32
21 1556
1285 59
418 1473
1659 1303
1658 1717
547 634
1911 749
751 601
1732 1120
1091 789
1987 934
1922 402
1211 374
2035 216
1647 1993
543 1870
2025 534
1338 1083
827 876
186 45
1421 823
904 452
224 1461
622 511
602 264
66 1490
1248 1445
1069 1335
92 2036
696 248
624 1067
525 750
2281 1745
1751 696
2001 1308
700 2047
141 2149
1342 2356
1020 1677
778 1286
652 1007
2006 1583
1395 302
607 1929
2236 2256
36 628
1422 1284
2322 172
885 1134
158 105
1945 370
663 1457
1832 1666
660 1139
505 1934
1077 1179
570 2130
628 710
99 196
1531 2178
1800 755
2145 2046
1547 1462
1300 1665
2198 157
1088 1485
517 1415
484 982
2326 1206
1100 1964
1773 973
1379 652
157 1999
1273 1183
2100 1479
983 367
351 520
1997 1686
232 826
474 99
2240 1773
1739 941
611 2165
439 512
1775 1970
1766 832
783 668
2353 1943
272 2128
1665 772
209 1115
659 173
1306 99
1694 1480
675 1289
142 1386
12 1733
1841 172
432 1777
1079 1556
562 1243
1965 2257
1998 937
1335 1045
1416 2065
914 1522
2284 1571
383 852
1501 1703
458 1385
998 1087
904 2322
2142 1400
957 1940
1480 1050
361 955
723 490
1339 287
1484 1240
255 962
583 1219
993 164
7 1871
1411 1637
2336 2239
1582 168
1334 1079
556 1608
2323 24
254 1960
2155 1902
946 1864
1445 2124
1748 1481
1524 1607
1456 278
92 1320
2288 560
2130 100
958 1153
2273 2118
925 333
1391 1776
754 1077
1911 120
143 1962
926 2259
1493 1341
785 1109
1457 1892
1709 241
732 1695
1773 393
288 1413
309 1036
1965 96
2338 829
1729 1715
243 2275
1705 161
1588 1601
1254 288
485 608
679 498
2360 1773
643 2079
1004 1488
1038 1989
2045 2300
887 1752
647 978
1736 227
2309 392
729 1172
136 2126
365 218
1451 630
21 1037
1039 2308
1657 136
2216 1913
1573 846
626 1598
1286 1346
1051 1089
2111 1663
2097 210
1380 1840
332 1340
263 2264
1417 49
400 1835
296 702
1131 1349
1181 2355
1687 473
1739 1050
1560 898
792 1923
2144 1040
1221 2194
775 1840
912 850
53 1537
1124 748
1180 881
1267 164
799 781
975 154
260 13
2264 210
677 2122
1689 226
1802 305
621 262
441 938
890 1104
2248 1101
2183 1519
1870 110
1282 1563
694 698
1268 1054
963 2308
644 1697
1382 1253
91 1043
2342 1034
1624 330
1578 184
2137 664
1957 1552
1905 1078
773 1534
2315 1576
893 145
1830 1953
1400 788
82 133
1164 806
1879 1152
688 732
2157 2050
1296 633
628 1919
845 1673
671 1542
932 1215
93 127
248 2064
1429 1362
493 1912
2198 1108
645 1587
2013 971
315 353
18 553
1084 674
1599 998
1563 1399
222 2146
1659 1866
1532 748
769 1945
1156 979
2283 34
469 219
882 211
2040 1224
821 737
2319 1923
1799 1544
84 1021
1652 2244
977 346
168 1505
755 196
2340 1876
1722 1615
1283 995
2232 890
426 983
1520 477
2302 1053
940 2035
415 250
1662 958
867 894
135 2041
1438 260
958 1911
261 2356
1136 1394
600 1880
1246 524
2265 308
101 873
1113 1794
328 963
713 417
2159 1224
67 190
1233 1871
1192 2185
2235 73
1668 1903
945 2360
229 1076
29 2239
1186 782
229 1471
718 2104
1973 904
778 1442
1296 992
1933 1067
364 110
431 495
2069 1349
2082 1046
123 520
938 1626
741 1841
1482 2060
1161 1678
442 692
1815 278
2278 1116
1491 2279
778 2110
68 290
1294 797
1143 2022
1885 2021
96 1412
60 1913
1712 1206
1449 1028
1966 1390
569 659
1581 2302
2202 124
296 2077
290 541
1314 1493
1392 1160
956 151
1827 1587
1934 828
1593 1706
1016 2330
1799 1168
302 842
1761 2134
5 540
973 2247
794 2329
2015 46
2175 741
1822 2164
2068 589
1913 1977
1745 2119
1135 591
2319 59
285 1082
1670 571
1563 586
2152 162
483 1551
1013 848
486 689
795 198
2106 630
317 365
1913 498
1720 691
1803 2057
208 983
506 1372
1585 787
71 760
711 1534
2191 348
1979 943
2043 2292
1557 516
1960 1946
29 131
112 927
80 297
41 1211
1292 473
546 450
348 1742
2135 2073
274 139
1852 1715
1644 2000
1930 1451
1220 2042
1645 2063
459 1268
119 2026
197 2329
480 1060
1553 2348
445 393
407 1768
1288 929
902 1879
1957 2259
1018 417
2247 977
803 1969
1767 1495
868 952
599 689
797 1748
1942 141
1195 1160
717 551
2213 1588
1536 2339
2325 784
1171 69
1626 127
136 614
319 1672
341 143
262 1399
96 1535
2179 2186
246 931
673 1183
908 2129
1545 227
655 2054
1973 980
2223 1323
1295 56
993 1776
1269 2148
1924 420
1118 101
671 1936
407 1523
1730 1067
97 1304
1450 750
672 916
855 300
886 489
1527 813
1317 1985
1597 1960
1016 1234
1959 23
2317 372
2167 2063
1678 2275
892 786
2132 146
788 1177
1127 605
1301 1706
958 754
1230 975
1719 2361
183 714
779 1111
1538 2178
1209 812
999 235
1775 1774
1133 862
2139 350
91 1528
2044 874
551 1727
358 297
1946 1601
164 183
1408 942
848 539
1536 842
1425 146
1412 1151
1549 1740
1774 717
215 332
339 925
1164 728
278 1970
1296 1453
1750 2177
2341 1369
1935 244
2187 1389
1633 704
757 1968
886 480
652 140
1830 1337
2284 2172
1693 491
1583 587
477 1987
292 1279
625 726
653 504
867 2158
1963 1378
666 1144
806 1790
1925 1795
1852 171
535 563
1988 1608
553 2012
2268 20
354 1311
808 2151
824 281
1258 197
2082 24
1407 121
1676 750
879 1515
1169 1749
1392 500
1464 1228
1790 1260
1495 2119
415 784
1310 1343
2129 413
2248 672
2324 2275
1081 2274
2126 1643
1266 308
1368 583
2191 2067
22 2154
2196 885
1049 1707
1054 367
1376 1810
2274 1533
1493 816
1825 1643
1808 737
1612 705
842 2036
2232 1453
767 1514
1496 15
1351 548
2249 846
411 1696
196 1819
273 19
1913 96
1234 2199
92 1205
1642 1885
1091 737
1383 488
390 1273
1075 957
2020 1482
781 2270
1857 2062
2079 2356
1080 2177
2013 1060
2190 1788
1257 281
1579 2042
1647 258
774 649
63 2080
1595 890
729 699
901 936
1079 300
957 1018
285 1445
618 1536
1620 3
419 2052
1770 1253
591 799
1985 1156
1954 688
590 2284
692 534
1184 2278
672 2113
32 1164
473 844
1915 358
2260 2344
724 1137
1900 1682
2353 2312
798 420
2288 415
607 1535
1187 866
1708 2204
1919 62
175 1332
1850 935
2253 1046
1599 2055
929 545
1362 2174
613 1518
1687 567
2186 687
213 563
1154 888
2122 682
480 987
626 433
50 588
362 320
512 893
1389 957
1047 677
1049 36
1340 581
1607 433
1300 1349
369 150
537 1757
445 1791
1276 486
1441 1298
2141 505
1210 489
1038 1446
1331 475
1686 609
990 1174
1781 91
1536 1091
2173 417
619 1060
2109 333
174 916
1269 1164
1367 1817
1672 158
1942 242
1228 155
1605 1345
788 2250
16 960
271 35
911 1267
1954 644
1625 1426
143 874
998 531
646 2038
2153 110
1176 1453
1998 1813
393 275
330 2070
1995 1635
296 1384
1769 2177
2195 651
1154 1666
1277 1483
352 946
2135 388
2291 563
1068 687
2195 1813
2099 1037
530 1382
190 2160
1932 664
523 2127
1550 476
1296 2102
841 2196
989 1626
630 2312
2021 1101
1207 222
130 644
2284 126
1828 1106
1602 153
588 2039
116 580
1786 1296
108 310
1458 1292
2022 1320
870 2007
2331 1942
1206 556
1004 2118
1237 1943
918 1080
2077 137
1972 522
1079 1448
2055 1609
2320 826
451 1839
1586 557
403 238
1357 1701
44 2323
298 1348
555 2035
1199 1564
478 885
1232 322
50 253
930 890
996 363
255 411
1263 795
86 2012
1917 1635
561 2129
1950 1574
1938 984
1364 971
644 533
1485 1310
1567 1977
1855 2041
979 6
1529 1459
1297 59
105 1314
604 990
732 2281
2103 763
1130 1221
623 945
1645 886
1726 632
2173 567
1197 1900
1199 333
19 307
852 894
849 2299
1726 428
795 1606
2326 1444
1743 1831
882 1119
225 2231
387 2171
2016 1291
2064 1695
1587 826
1732 958
1036 1253
2260 2282
2351 868
1628 1392
2183 1411
2112 754
1734 1978
1817 969
383 2007
2317 947
1788 938
2313 1457
2048 818
1830 1070
374 2139
1113 1898
1984 517
317 997
674 210
10 204
781 1821
1530 1570
634 268
1021 1312
2180 726
1578 1027
973 147
570 379
262 1091
1731 623
1550 1357
1311 308
1256 2056
1189 568
284 908
640 324
652 749
1147 266
407 527
1736 2021
2295 360
122 405
360 1102
2003 2142
1290 868
279 1219
934 1566
5 420
1330 1852
552 1191
144 2230
396 542
1788 1438
2313 731
968 989
197 1886
38 907
2260 695
71 1179
909 1739
1773 358
136 928
1509 833
1619 1177
1499 1080
1616 1876
412 529
1532 660
1729 279
437 1388
657 2261
618 175
444 952
1566 2122
234 1007
839 1599
260 46
789 1158
1686 2084
1465 424
798 418
1814 1676
1493 782
721 349
1643 119
1211 703
140 482
1691 276
621 1925
2166 971
290 1078
241 411
599 2330
1881 717
332 1570
2278 254
1535 985
863 1670
2358 243
784 1880
721 2106
790 618
1026 741
1984 76
70 2312
2238 1561
2314 2130
754 669
1948 1502
493 2231
1764 984
1454 2068
3 1626
351 850
1956 1246
1278 709
6 1529
987 1211
1712 134
838 925
1604 2285
646 136
1988 2105
1466 2110
1411 541
1203 491
16 102
2161 1011
866 1697
590 182
1946 1992
2296 2144
806 1716
420 1352
284 126
32 1969
427 1524
684 1543
2336 1589
317 1479
1991 399
2136 1567
1724 1493
1708 1406
79 272
2199 2197
1608 478
379 2266
782 1445
557 2148
1409 616
1600 182
899 134
585 1917
30 1291
2128 2271
1278 603
1751 1425
1338 234
1322 1428
621 1526
1340 1527
345 222
125 1616
1887 440
1100 1941
1525 1064
1227 1412
99 2231
1845 303
96 2091
694 559
577 1675
415 613
1936 1679
2203 1617
2086 2172
340 1076
1391 58
1301 426
1692 85
2219 177
1211 1581
1904 1099
773 1150
256 171
676 1605
1492 2157
2112 1348
2306 1751
883 1202
1047 154
618 2035
1584 2164
1778 1098
2244 669
1347 283
2005 1672
1611 566
1663 1182
1560 1989
1541 1913
504 1062
2345 385
2127 1833
1060 1169
395 1808
2333 665
1807 1579
541 744
233 1035
645 1317
2341 1065
550 1204
301 1120
2125 452
2233 631
386 189
2233 1199
1085 942
2316 1898
208 1757
325 634
2216 1369
2069 113
1469 1478
2184 1093
1920 633
2121 1723
797 929
565 1472
1782 1669
1916 341
1460 1224
786 1101
315 1415
2344 734
526 865
1607 408
1655 1820
1552 504
2233 530
1635 368
2266 707
2092 596
680 2254
1533 1356
2031 1386
1622 1047
856 1501
899 516
1430 59
775 1620
2332 641
655 521
23 1088
1721 529
479 1667
1175 718
32 2187
405 36
941 697
1829 34
120 2284
178 640
1004 1522
2337 413
1210 1488
1358 2337
726 570
2147 390
1368 1356
1056 1013
1688 170
1264 1079
861 336
2020 956
24 908
1819 564
2284 1471
1740 2333
994 2200
232 1287
2091 1137
273 1131
721 1493
1101 2203
1526 1434
2188 1281
893 26
777 1407
1245 1081
937 1600
1834 1157
1726 935
890 612
829 2239
952 1473
693 808
864 159
1610 1908
1617 185
1510 528
1777 564
1074 1008
1382 299
543 314
1606 1811
1206 1537
1011 759
242 231
456 1398
46 435
2292 502
2108 2118
2182 531
1903 1212
571 479
1730 812
1452 2139
354 535
1050 2344
1059 1971
2133 230
1444 856
1168 1450
1751 418
516 1004
1548 2030
1266 49
953 1359
676 2172
1504 1109
903 220
2235 1149
516 2105
2331 202
775 1048
1908 840
1217 706
1773 2058
1069 1838
1201 360
2228 760
1053 2154
1701 2257
2352 2168
39 2296
1569 1600
429 1538
839 470
2144 2112
405 1338
2053 848
631 2338
627 327
2131 2240
930 2252
312 1994
1556 1352
672 1048
1307 390
2337 133
814 1990
1672 621
955 1056
784 837
1763 651
1013 1654
2022 2241
1851 1653
15 467
1773 451
1507 224
1277 226
1313 872
2284 2307
1075 1483
1138 1960
981 849
156 85
2323 73
1057 1359
1463 2260
2237 2156
1678 1735
1687 1607
2201 172
2171 739
668 1586
320 352
1875 2085
98 182
881 519
1953 1682
1003 2287
733 1452
1487 2215
2330 148
231 747
674 2321
749 2124
1174 2047
115 1521
800 773
1024 2224
1995 326
390 164
525 576
1669 827
536 1700
401 2
1722 1357
1856 1460
582 2338
1022 2310
736 1027
2308 575
1589 2277
1484 1349
1799 2218
1925 111
1967 618
282 1821
673 1393
914 1970
1369 71
427 359
1589 1432
1404 1370
444 2216
1351 1280
768 1257
1176 2208
358 1234
1790 889
1056 931
120 1694
1143 1968
860 46
2140 729
1256 660
1352 1835
1496 553
1061 1559
216 1432
2327 1839
1960 343
2085 556
851 1952
1875 2347
87 672
915 1394
1484 1253
131 437
1857 1316
2260 1362
1761 208
1105 1241
2116 1451
1307 1192
268 2349
2277 1685
1325 2359
166 1436
2122 274
1858 101
840 1954
1496 2086
934 1377
137 845
2195 1037
50 1006
2232 406
1974 10
1121 135
913 2331
2081 1576
1870 1965
1499 1891
394 1950
1938 925
2065 1544
1118 1847
2088 294
859 406
636 1624
375 1396
1285 417
553 2003
1873 1668
1743 761
2194 719
1212 2244
151 691
1511 1435
571 1300
332 1338
2110 1443
222 472
315 917
90 1708
399 2336
315 637
1179 1374
879 1964
1582 2176
1286 1075
1136 1314
633 1968
1105 2238
2091 795
2057 300
2036 35
1704 2212
1222 2361
574 703
147 2306
1027 1718
1753 552
1047 1701
540 2121
837 1868
1301 651
538 2254
386 811
1298 1394
100 920
1559 2029
1877 2134
306 934
909 559
2050 520
1211 2166
1997 1654
2245 560
2243 1003
2076 2195
388 28
767 1707
1285 124
94 949
1538 938
665 1488
1522 1038
1940 629
1266 1168
44 921
1179 166
2301 2286
21 821
1295 1343
1959 1999
32 1251
605 2246
267 1201
606 1834
1703 168
1279 556
1464 1051
646 2030
91 963
1276 1602
328 1441
635 1877
1756 421
1753 1181
2252 45
533 1495
1529 70
2199 2217
1415 157
2024 1854
255 1925
437 247
1369 351
1779 227
695 1733
770 683
621 1562
886 595
180 428
1217 1551
1833 1086
1801 884
11 137
1984 1743
94 2199
1449 1620
1994 496
36 101
544 283
1131 1037
1622 61
1150 436
513 164
353 781
851 762
952 2043
955 2027
2003 1064
525 1345
1364 2260
1003 1572
234 2112
1655 1708
504 611
286 275
998 865
1554 919
995 501
2253 1767
330 1653
2318 1342
1730 1059
1938 1471
2198 2063
1396 460
408 375
1823 1497
2351 13
1269 1461
1464 714
1831 152
1154 413
1189 2338
1137 1250
1456 87
1201 505
842 1108
1179 764
26 937
743 1169
1163 985
1899 613
590 1601
1291 494
510 2315
718 452
1189 1142
1355 867
21 2107
2225 1939
1723 2100
151 1418
1852 1677
727 1382
1258 1620
1453 1742
955 1415
2171 381
913 411
1233 2112
2099 884
2154 1842
838 1717
2036 2049
817 240
453 497
101 986
1160 1165
861 31
1605 1854
1726 1776
1099 1031
1007 139
6 2302
753 2353
1100 278
926 888
2281 448
1860 1143
1904 1075
1051 845
2016 1457
1331 1916
1360 950
924 577
2041 1918
2269 428
2060 491
701 330
1856 286
2290 2234
900 347
1169 2170
903 1364
1436 1597
2145 157
1640 2214
911 998
1841 1025
2214 1051
1053 2161
558 313
129 1224
1897 768
1863 319
798 1690
590 764
1117 1829
822 63
821 905
2231 1581
2242 517
1726 626
1973 2019
1023 676
605 846
2202 304
1731 503
1534 2025
246 1204
600 438
1146 2
2124 2138
519 90
366 25
92 2005
316 814
752 1337
1963 228
290 1819
248 890
601 815
692 2242
502 406
1836 1296
573 355
1575 146
775 480
2311 1939
1386 234
1949 658
295 2195
1402 1304
154 576
2212 2027
729 694
1581 1704
581 1812
635 873
2161 1918
1015 2193
467 685
2278 410
1569 668
76 2197
153 1267
60 1040
630 1370
2340 10
1719 766
1542 2315
618 963
413 1630
579 1688
1663 2252
2225 1059
2180 1310
909 2155
2097 205
790 2184
2296 765
239 420
990 1535
1848 1673
1440 1061
1679 209
1581 1893
293 1833
1928 542
2206 1015
1381 215
1508 440
1460 599
947 2232
1451 1123
103 114
2145 1216
299 799
1460 631
1172 896
860 177
1564 802
148 229
1223 1656
746 816
336 2176
1212 1814
474 1504
18 1998
713 878
1524 773
1571 673
997 1035
2335 2357
461 1316
2314 138
1747 2133
948 906
2325 1555
2270 1338
1381 973
824 1850
1063 395
27 1733
436 2098
1428 1173
424 2100
1337 1629
326 889
1153 1945
883 2137
280 2114
303 713
1951 852
923 589
753 1729
1704 1287
80 900
920 704
1552 1204
266 1819
302 124
1093 756
1528 2345
390 847
155 589
850 1325
455 1510
365 1356
2181 392
1824 515
2309 1250
1369 1077
366 2027
1557 993
1323 2184
158 904
801 225
940 1778
1759 520
1322 2345
223 848
840 2154
101 2147
673 328
1820 1975
1915 808
577 931
264 1347
1093 1760
595 2272
71 1716
1246 690
30 2047
1858 340
349 831
2120 89
1591 1069
494 1899
774 1370
1960 2066
794 1687
281 1826
351 989
1089 1679
233 428
515 2134
686 2125
329 1129
470 1227
1024 333
1051 470
2060 2013
2047 943
2261 1749
1804 1633
2080 1976
1195 2148
812 568
1729 929
538 1125
1102 229
1713 2323
1181 2314
77 2193
1626 251
917 2033
2223 1860
1925 1858
2059 11
2172 842
1357 10
276 194
1344 533
411 1788
1352 1462
61 1250
434 1236
2343 828
1735 198
2164 1996
2013 1245
1786 949
1239 789
1807 987
597 2194
563 994
2077 1141
952 1855
1933 1951
913 793
1583 1467
1536 1356
2244 965
1285 1414
346 1038
983 674
2066 768
1786 1043
1775 1846
1737 182
1282 2038
994 859
789 1896
169 1478
2295 2158
1593 1763
475 1706
1433 2163
608 1194
1630 2111
1010 296
980 66
1413 862
460 857
1160 2018
2090 1833
761 1727
11 2308
1105 188
1152 140
1450 1793
131 1153
1153 1389
1037 1392
105 545
2166 2189
253 1665
243 1371
2057 1824
1976 543
3 237
1880 1531
1387 1111
1829 726
2146 976
147 2342
358 1176
1203 785
1697 903
1783 1612
410 1933
1171 1613
61 667
1670 364
471 504
810 2250
271 1659
551 2048
201 1167
730 1989
725 2211
548 773
1958 580
2210 2115
2141 1596
643 1555
177 224
990 1646
522 773
196 1702
1161 2136
1022 1530
1139 2317
3 1645
660 166
257 1593
406 128
1048 275
773 1964
1143 60
2170 1946
535 1355
954 1873
461 431
452 491
2267 774
1724 550
1689 1878
1885 1096
177 2182
1144 1819
2082 2133
1590 1712
2050 2273
629 1389
739 1189
929 547
348 1195
666 1736
1367 2106
541 1941
1815 583
1280 2100
1746 1702
1535 1496
2256 1124
1159 1663
1515 719
1306 1755
1367 2155
863 1522
1782 1983
2251 2082
428 2285
1210 505
1777 1174
1717 1701
129 2353
2356 1893
288 1754
1569 991
1724 6
2110 1388
1905 2097
510 587
1431 1107
2027 237
303 472
1505 328
799 827
1832 358
1651 1245
678 551
518 1983
412 1662
1767 28
1045 367
500 34
2187 432
1222 1927
143 668
669 2046
204 610
131 1215
1614 183
2077 1782
1604 1053
1689 659
2291 1810
534 1317
1898 2128
1229 1120
1328 437
392 2247
333 582
1526 2038
1146 577
1679 1225
2044 2342
1336 488
1263 548
1339 124
2332 2022
1135 15
1044 801
578 1218
207 170
91 730
1830 588
178 1359
2056 2037
1801 2134
791 937
672 1725
419 2062
1248 883
2133 980
564 1428
1253 1474
1692 2299
1552 576
2079 655
37 1887
2172 1526
1742 173
36 2052
2315 59
376 1138
485 977
841 1812
565 591
707 589
1195 1327
718 1818
990 2115
88 925
790 317
570 1919
2003 2060
2317 1911
2122 1903
2288 2302
706 1277
2264 1234
1964 882
2069 1766
423 730
670 806
1175 721
570 384
580 1490
1851 704
47 881
350 1114
457 1810
187 34
1077 1885
2182 2079
1197 1369
636 1065
956 1776
813 168
1639 868
776 1493
1204 383
1549 548
645 370
424 1566
778 1984
749 1545
946 364
315 2017
483 1715
2011 688
1874 1698
964 2036
4 1034
1077 409
2077 2005
1174 2181
642 731
1966 1086
2052 228
1355 138
954 728
377 976
1974 1283
786 265
299 1939
1302 378
941 873
1433 1036
1077 1512
674 1641
1218 407
1715 1956
108 1374
957 606
791 678
2280 219
1801 551
577 900
945 48
1235 1999
1255 638
1789 1405
233 2144
1291 267
2321 1744
816 1836
1193 1116
1312 184
1568 448
308 216
469 1732
2172 1255
2118 1912
1771 1047
600 1966
1074 1023
1900 1393
1613 703
292 2129
2216 536
960 1980
1804 1141
74 1412
1607 1684
1620 705
1839 1151
1693 1157
495 2167
961 901
2131 2190
1464 427
2250 143
79 140
1058 175
242 1214
585 1168
1325 775
903 636
282 1636
570 1378
1434 728
988 1305
423 169
240 1956
1624 2146
763 2279
1983 104
809 1984
1626 52
1041 198
2073 1706
662 204
1146 1230
1418 1358
651 2182
107 1785
556 285
1418 426
1990 636
1627 572
1167 1703
739 1561
1948 1008
1617 644
1305 497
745 961
2110 1644
50 922
884 829
1828 1865
437 707
652 182
2306 302
1024 1701
1200 478
1562 1332
663 1528
2237 1143
206 83
1335 259
1633 436
1474 1460
489 1160
237 2127
1944 277
1274 289
1191 273
1556 244
46 1330
2030 1509
1698 1466
1884 2283
1187 1386
1051 241
2123 1559
134 1584
1069 1439
799 918
785 1813
2124 1665
2266 2006
2093 2156
2164 2253
671 1612
785 1238
153 1019
1201 894
597 1852
2071 987
1833 1462
2315 696
1847 883
1856 2202
600 1251
1461 1677
565 886
1264 958
1401 1005
533 1275
1184 1715
1210 2283
649 223
1342 1465
2058 2228
2073 651
409 338
2269 1477
2220 117
1148 1932
2254 203
2155 2094
1795 2171
1513 893
2209 6
2251 1050
1435 247
1929 341
1555 574
843 2135
559 1668
202 1633
1942 1948
2016 1696
2216 430
1411 1530
705 1141
760 304
1503 1435
2280 1780
998 338
62 1034
120 488
1682 1414
2071 1026
1131 2295
54 518
2144 1095
1747 1717
2264 1395
1535 1415
1939 1628
368 1998
459 985
1969 2231
1995 1716
1746 842
1357 938
1490 2137
171 1706
1315 2362
1253 274
394 1260
269 302
30 140
2120 554
1477 1536
2057 275
1315 1429
158 1057
363 1996
2299 2324
404 305
836 2147
1606 1285
558 2017
1986 497
284 490
1498 1354
918 1053
2117 685
1619 1886
76 84
1511 1997
457 2323
1607 2134
2110 1001
2006 335
1459 398
2203 258
1025 2082
574 2325
351 886
1855 604
460 1587
2343 2059
1140 350
722 1257
402 1096
363 1095
1171 2118
939 134
2051 2014
496 1952
978 2222
437 35
944 1424
1971 373
1369 1608
2236 291
1734 1711
1512 1285
1919 1428
2045 1881
413 1194
1915 2213
367 202
2320 1094
207 2285
2210 1794
1671 2346
1480 1639
389 1965
1861 1869
1171 2337
438 738
556 676
775 2089
827 1703
1990 1783
1788 1252
1967 154
1045 713
1776 669
2175 165
2130 260
884 423
1486 1053
262 864
651 1430
1763 163
1697 1229
2278 2070
374 1267
739 354
1029 1772
1717 1210
2118 2167
85 210
2125 540
767 1342
256 698
1125 2008
1381 780
2157 892
2181 2167
2031 1837
355 2186
1345 2184
551 626
1089 1769
1765 2051
1182 2140
345 745
2180 1682
1989 2174
2339 2180
312 1550
262 2113
2220 1314
1600 122
56 1605
783 1721
695 1526
325 567
643 1696
2219 1223
401 182
1260 263
1452 1135
1376 221
854 2342
10 2025
332 1849
257 559
1530 1696
1725 1718
1001 143
465 953
290 1964
823 1469
261 1626
571 2272
2335 1875
1451 1745
230 1177
481 2182
610 2081
445 2305
2094 1923
2314 1126
604 2202
1549 2088
350 1457
944 1166
734 898
187 1090
1345 2360
926 975
1491 1796
2219 791
600 513
382 1668
1871 793
2215 90
1951 1168
889 328
178 60
1495 1279
1909 1727
1836 605
489 612
1546 702
257 1057
86 1177
265 1747
1261 1992
1608 917
1910 707
2083 886
1622 1778
58 265
1893 1798
627 1832
795 861
464 102
2066 224
119 1856
220 926
981 1080
20 2212
820 1287
1160 733
512 2270
535 1723
1969 366
2299 1575
1276 1124
2348 1746
1062 631
1278 2201
1320 1542
1447 1895
1468 1492
2139 1984
1275 391
1094 1397
723 1114
2102 1855
487 754
1096 2331
1939 2182
868 1814
1348 1969
440 1760
404 1572
98 1587
2342 1847
1770 1919
1325 140
461 2135
2185 1168
2339 2146
1027 611
1410 1889
1120 77
2273 2324
1223 917
314 2077
145 1384
632 1608
315 2320
112 1724
1157 1825
1126 878
1576 123
1311 1785
713 153
1875 1504
1287 1199
70 2122
38 164
572 2228
1399 72
1241 243
187 238
1515 1841
655 1041
1447 1723
556 1703
1809 1358
864 85
794 1843
2089 59
2189 940
1956 2015
1120 1994
191 951
1055 1239
2133 1116
1789 1828
1502 30
935 750
1468 609
2311 632
776 746
603 1159
1143 1693
321 767
374 1452
1874 591
849 1841
836 1717
223 1749
600 1917
852 792
1271 1894
1807 1461
2040 1443
1208 347
1781 949
702 1830
525 822
688 716
907 1414
363 1083
2121 1939
1823 1610
2135 187
374 2251
473 333
374 350
1406 584
1764 672
176 1385
119 213
1463 1418
929 1370
1635 1942
300 422
1133 371
2167 2079
2204 1928
416 1074
487 2215
1123 1632
324 1535
1897 6
1696 842
164 20
2121 1538
1968 506
1551 2288
1270 524
308 1161
1687 1256
1682 942
1308 2331
1532 1479
712 807
1538 709
473 322
1927 1362
2039 1782
1433 1057
279 1006
1711 2005
447 42
1191 1334
847 1544
1593 1600
1176 1638
1671 685
405 1815
1616 2076
656 148
2007 1527
819 486
1510 451
1755 1843
1061 1967
1584 1882
334 1284
389 1635
1973 1506
1488 186
1392 1476
2320 1111
382 1371
1366 1373
1879 889
2187 1737
2013 417
864 804
2280 300
2293 2179
1740 1636
581 549
577 866
1354 1413
1807 333
1698 2028
1813 526
1341 2223
399 888
1796 1388
86 167
1280 2022
1854 1297
1216 2240
689 762
802 2113
732 1259
223 812
1608 2204
2323 2261
431 2247
129 1962
830 1978
1841 1551
383 2153
1911 91
1837 1898
2252 149
268 630
74 541
1810 2254
1115 1517
1993 178
750 2086
254 1463
1662 1732
2145 638
74 116
1976 822
1693 1364
736 1899
1629 1512
1585 2097
179 26
2018 2233
2218 676
181 1103
1867 2310
218 916
816 1528
314 169
468 1232
1679 340
401 171
1888 1421
2360 2069
39 1393
193 1057
1155 2255
1088 1577
665 2090
863 465
56 2256
1121 260
1767 247
1371 2193
1817 1241
601 629
1730 1461
2291 1814
1679 1780
109 1206
1019 1940
357 1396
1690 974
640 663
1239 509
1374 2351
1933 253
1349 642
932 656
1243 1797
953 2318
323 1725
5 84
773 302
2096 656
563 2054
1484 1458
1125 757
502 1515
585 895
1760 1694
1550 272
1924 1429
1564 2195
1260 2121
2229 1595
259 822
1533 235
431 2272
1061 1331
1371 1882
1864 1599
1680 490
914 720
2309 1340
1070 739
967 1719
327 2093
612 545
2047 1246
1950 1774
1257 289
2125 1661
539 214
184 127
510 109
2105 675
884 997
2035 1012
1774 397
294 65
1713 152
1523 106
816 1847
121 1450
682 202
2060 2292
1991 289
691 2042
1993 2210
794 975
2308 1220
2138 648
1047 1494
588 1656
388 2302
298 879
435 1974
1902 1631
586 1254
379 1728
322 1912
139 1275
669 1777
647 875
1959 1329
7 816
1595 1423
203 161
729 2033
264 1249
1299 1824
2276 2254
685 455
2117 1091
39 2251
795 730
1401 1047
1996 277
169 511
23 467
1786 1700
1422 1268
89 1789
2079 1275
1307 1946
1960 1061
200 662
849 401
1466 438
871 969
1645 214
491 369
1113 1454
160 15
1234 640
641 309
956 418
1711 2336
585 1152
1914 1636
2206 1169
290 40
1411 1633
983 1494
1721 887
960 2195
1358 645
261 329
1105 261
1050 753
1379 1921
1196 486
2292 2043
837 1987
633 1536
1121 2170
1538 650
2049 1857
1553 118
775 1180
152 649
14 927
1454 787
889 1499
332 369
165 376
2086 281
1573 1573
299 205
1623 1809
79 1729
7 1841
98 1097
388 1153
1254 1808
311 1979
1254 2000
1786 812
1805 2292
817 289
1071 49
244 1335
868 123
580 37
2332 393
284 2200
1738 33
546 343
110 708
1926 983
2136 1413
887 382
1342 1292
783 1474
1128 595
1524 1820
1407 1851
1900 1630
1969 1167
1131 2020
1230 71
1006 522
1715 248
1935 447
1834 2274
252 1092
1712 900
2156 703
313 1007
780 2087
733 1016
633 1112
193 2263
2246 2018
272 1657
1988 523
609 991
2010 897
813 1590
1307 617
2184 1470
2036 125
1912 2109
1255 1680
1372 435
886 987
4 245
1575 965
1473 45
45 566
1786 1745
1361 2034
1464 1649
1132 1452
21 1141
2220 1468
962 2198
1444 1395
2258 2062
518 965
395 2165
857 1215
979 1697
46 2000
537 1509
2233 37
398 409
1509 1936
2241 1386
113 1450
845 2325
34 1380
1499 1683
2171 223
1272 1983
384 706
586 2349
1968 2277
230 320
901 1700
1341 960
283 137
2088 2136
1540 535
171 1612
1597 1911
1816 410
2047 23
186 97
993 2162
1724 558
1970 22
2199 978
2283 348
1287 1834
546 273
1877 1354
2021 450
2037 671
2176 1620
517 2316
1349 201
758 921
677 863
1756 284
634 200
801 269
491 1926
1864 1391
797 131
2131 1933
1468 1248
490 1092
1805 343
1266 622
1616 1215
