931
62 669
117 614
670 60
723 7
734 927
53 678
402 398
330 325
138 593
450 452
433 431
465 467
336 338
247 207
278 250
906 755
533 538
221 235
315 311
229 225
657 74
898 764
914 747
439 434
781 880
331 320
800 862
581 150
31 699
771 891
803 858
548 550
217 215
591 139
530 532
766 895
787 875
585 146
762 899
189 525
765 897
85 646
89 641
336 334
582 149
779 882
766 896
714 16
756 905
181 179
187 550
794 867
193 525
537 535
149 581
562 169
784 878
890 772
709 21
193 484
82 648
170 561
755 907
747 915
871 790
759 903
374 333
124 606
697 34
743 918
782 880
365 360
537 533
235 222
874 788
388 378
559 171
328 326
242 247
652 78
289 284
61 669
471 481
725 5
703 27
525 188
345 349
530 187
808 854
723 8
177 181
277 273
514 509
425 457
804 858
699 32
3 727
919 742
928 733
301 305
826 836
165 566
676 54
131 599
921 741
900 761
349 354
514 512
440 442
198 200
210 221
60 671
644 87
818 843
541 543
313 311
732 930
604 126
469 459
156 575
406 408
242 237
865 796
457 471
296 294
520 525
544 546
341 355
585 145
628 103
336 373
18 713
18 712
171 560
88 642
79 652
313 315
383 388
196 198
926 735
637 93
525 484
688 42
392 397
443 446
56 675
75 655
229 234
631 100
569 162
127 604
357 359
768 894
108 622
731 931
922 740
806 855
828 834
665 65
564 167
140 591
683 48
672 59
299 301
123 608
179 177
495 497
486 488
204 206
449 454
720 11
320 315
744 918
907 754
320 325
807 854
674 56
393 395
267 269
556 174
21 710
530 525
333 417
457 459
194 196
761 901
400 402
361 365
177 182
105 626
750 911
434 436
326 330
349 353
43 687
391 405
215 219
68 662
55 676
599 132
109 621
77 653
773 888
417 419
771 890
235 207
341 373
867 795
334 374
267 277
251 253
519 514
86 644
577 153
784 877
207 332
406 416
103 627
118 613
116 614
655 76
704 26
635 96
24 707
902 760
124 607
429 431
823 839
126 605
575 155
207 221
260 264
818 844
77 654
812 849
193 206
700 31
908 753
86 645
408 410
488 484
202 200
684 46
164 567
210 214
229 233
864 797
72 659
292 320
798 863
347 345
714 17
668 62
684 47
683 47
625 106
15 716
154 576
792 870
558 172
49 682
269 271
600 131
857 804
50 681
533 535
603 127
148 582
343 341
674 57
519 505
81 649
152 578
111 619
528 526
491 520
297 301
54 677
754 908
258 256
753 909
70 661
284 279
774 887
423 421
249 289
387 385
659 71
442 429
141 590
292 306
419 332
492 505
135 596
429 434
791 871
332 425
680 50
563 167
737 925
930 731
258 254
779 883
859 802
111 620
428 442
919 743
691 40
372 341
816 845
457 428
877 785
706 25
469 464
66 665
849 813
129 602
306 320
361 363
501 505
598 132
448 446
912 749
770 891
291 332
454 442
320 309
539 541
58 673
550 553
434 438
237 247
632 98
406 411
336 340
155 576
721 10
402 397
215 210
365 363
797 865
238 242
543 533
366 355
73 657
872 790
14 717
460 462
612 119
391 377
901 760
415 411
567 163
564 166
231 229
623 107
289 278
94 637
322 324
621 110
555 176
182 186
277 266
158 572
634 97
757 905
836 825
212 210
294 292
874 787
207 291
775 887
193 203
848 813
121 609
533 187
119 611
893 768
873 788
360 355
145 586
611 120
71 660
385 383
780 881
249 247
719 12
698 33
828 833
193 198
680 51
629 101
333 375
161 569
745 916
892 770
415 413
299 297
9 721
106 624
104 627
36 695
547 187
115 616
533 546
689 41
332 420
193 204
806 856
14 716
505 495
906 756
272 277
571 159
805 856
191 193
244 242
560 170
289 287
776 886
341 354
530 528
595 135
592 139
520 522
227 225
296 292
370 372
633 97
757 904
888 774
472 476
748 914
506 519
376 416
566 164
544 533
51 679
589 142
543 539
42 689
660 70
63 668
922 739
583 148
911 751
679 52
100 630
913 748
315 319
494 505
454 450
661 69
692 39
501 503
331 291
206 457
530 188
687 44
783 879
168 563
909 752
433 429
153 578
207 236
84 646
491 505
807 855
910 752
799 862
811 850
393 397
829 833
732 929
264 251
38 693
20 710
383 378
519 491
853 808
570 161
740 921
923 738
177 554
130 600
515 517
136 594
759 902
246 244
320 324
619 112
861 800
29 702
330 320
102 629
794 868
177 550
336 341
617 113
824 837
876 786
713 17
101 630
618 112
729 1
840 821
572 159
306 296
45 685
586 144
224 234
678 52
574 156
177 553
4 726
666 65
481 477
670 61
913 749
580 151
476 474
924 738
175 555
803 859
457 193
470 457
271 267
692 38
583 147
522 524
876 785
509 519
429 439
22 708
649 82
663 68
898 763
284 280
597 133
728 2
819 843
443 448
264 266
926 736
718 12
701 29
30 700
24 706
27 704
23 708
573 158
711 19
217 219
711 20
570 160
763 899
872 789
793 868
279 289
896 765
889 772
93 638
425 421
403 392
278 249
438 436
144 587
92 638
481 476
256 254
842 819
883 778
823 838
76 654
882 780
588 142
735 927
609 122
500 495
44 686
383 379
272 267
417 375
187 182
4 727
693 37
484 486
391 378
653 78
476 471
666 64
593 137
641 90
198 194
916 746
154 577
395 397
423 425
307 320
319 317
92 639
671 59
26 705
640 91
825 837
580 150
317 315
249 207
13 718
483 481
454 456
249 291
105 625
233 231
805 857
301 306
897 764
773 889
845 817
3 728
842 820
656 74
481 193
675 55
369 355
262 264
615 115
847 814
208 210
57 673
429 440
809 853
584 146
690 40
332 457
650 81
94 636
691 39
852 809
640 90
110 620
369 341
169 561
80 651
558 173
309 307
605 125
826 835
519 515
798 864
254 259
736 925
203 198
532 187
547 533
702 28
417 376
355 359
19 712
383 381
95 635
117 613
662 69
742 920
694 36
885 777
402 392
282 280
320 291
847 815
701 30
917 745
796 866
698 32
157 574
138 592
6 724
166 565
628 102
235 224
562 168
722 9
733 929
220 210
215 220
672 58
134 596
658 73
85 645
349 344
703 28
642 89
519 508
656 75
2 729
189 191
597 134
607 123
113 618
920 741
474 472
590 140
812 850
336 374
762 900
22 709
264 278
444 446
152 579
571 160
601 129
686 45
815 846
151 579
247 236
246 242
250 264
118 612
41 690
928 734
530 526
254 264
410 406
224 229
379 381
552 550
411 416
303 301
514 510
462 464
667 64
725 6
193 483
341 370
892 769
587 143
264 259
682 48
810 851
520 524
601 130
824 838
221 208
310 315
264 253
548 187
262 260
34 696
420 425
751 910
172 559
556 175
792 869
489 520
15 715
508 506
758 904
626 104
389 391
667 63
443 454
357 355
782 879
610 121
500 505
53 677
354 344
886 775
338 340
840 822
16 715
184 182
802 860
863 799
347 349
617 114
95 636
834 827
193 471
98 633
212 214
7 724
400 398
107 624
442 456
778 884
903 758
91 639
88 643
573 157
165 565
852 810
389 378
557 173
817 844
821 841
310 320
499 495
443 449
387 383
13 717
651 79
503 505
584 147
481 479
875 786
869 793
931 730
664 67
603 128
99 632
783 878
881 781
568 162
746 915
355 368
120 610
924 737
23 707
222 224
489 491
366 368
10 720
457 427
457 442
376 405
186 184
108 623
83 648
477 479
465 469
351 353
839 822
229 227
198 202
801 860
96 634
816 846
133 598
285 289
277 275
776 885
349 351
730 1
403 405
330 328
33 697
84 647
174 557
332 417
695 35
588 143
177 187
411 413
767 895
488 520
87 643
722 8
884 777
622 109
141 589
631 99
744 917
830 832
427 425
416 405
83 647
851 811
46 685
454 452
664 66
750 912
602 128
893 769
43 688
543 538
492 494
694 37
116 615
365 355
835 827
594 137
894 767
459 470
873 789
240 242
343 354
801 861
122 608
305 303
296 301
287 285
405 392
791 870
377 405
163 568
249 290
176 554
923 739
191 525
663 67
848 814
459 464
820 841
467 469
72 658
136 595
517 519
606 125
238 240
512 510
488 525
499 497
11 719
460 464
275 273
726 5
681 49
25 705
322 320
277 264
35 696
829 832
795 866
457 207
616 114
80 650
284 282
1862
461 10
209 687
187 108
754 787
230 470
879 623
240 810
551 425
469 184
732 398
457 428
560 722
914 339
852 491
509 328
234 840
467 927
629 797
532 106
93 859
748 739
866 840
360 426
272 231
792 460
684 261
903 137
66 463
92 12
742 436
290 198
589 261
477 401
669 796
717 127
600 582
574 930
842 390
904 775
804 601
613 319
502 479
434 198
28 312
5 167
75 193
647 397
135 282
275 501
500 664
150 211
51 332
430 393
255 290
919 570
923 571
930 234
238 721
556 792
103 214
666 468
273 780
438 356
190 481
71 442
651 652
883 403
827 31
480 661
440 190
184 681
816 775
894 158
139 29
513 676
904 191
788 62
164 122
833 724
55 152
451 312
890 569
530 892
252 406
764 273
736 116
27 902
646 707
585 142
354 874
68 162
750 474
290 245
856 332
498 402
366 773
799 122
426 176
237 790
787 3
782 602
771 530
652 530
18 828
359 171
189 781
235 710
386 725
175 255
869 321
300 172
680 164
26 473
927 139
858 559
764 912
921 548
253 265
317 87
114 763
320 546
422 633
83 56
299 463
81 636
310 17
350 213
251 5
843 440
448 257
690 473
597 446
744 257
605 86
138 411
331 169
253 539
73 550
132 316
475 543
538 695
138 111
870 862
732 830
674 332
271 605
754 552
690 181
139 84
202 309
83 727
472 928
74 799
919 907
675 155
58 626
78 557
329 177
546 666
564 427
106 227
165 90
258 22
256 89
757 388
259 662
431 106
66 460
854 281
17 100
48 210
842 432
200 840
485 622
77 216
3 137
813 32
256 280
162 361
242 885
755 334
182 348
737 369
170 431
716 486
824 692
255 514
531 792
844 815
564 780
813 799
503 756
469 164
732 849
309 623
421 52
783 412
216 642
908 102
462 424
106 104
419 463
891 131
348 48
373 423
804 842
139 762
583 810
405 710
780 120
520 113
480 323
198 23
514 393
776 45
451 253
323 655
215 65
809 903
576 378
368 856
73 773
448 286
185 15
372 446
350 842
793 37
710 802
126 136
242 811
119 736
450 140
504 466
279 817
624 464
616 388
72 436
626 799
633 426
80 10
893 197
112 471
6 845
284 880
335 893
193 673
36 214
923 28
525 599
461 554
333 470
521 743
308 714
279 909
342 372
451 50
819 354
459 763
380 485
176 21
876 183
480 721
361 651
358 453
666 829
249 404
360 146
717 440
183 662
660 418
459 282
788 519
342 741
776 544
429 739
930 869
23 657
886 909
152 414
652 245
658 145
838 40
359 300
448 392
478 789
448 827
347 531
895 805
427 895
768 712
222 207
719 378
811 917
430 170
373 57
776 269
646 481
761 194
545 677
187 121
332 282
384 411
707 856
498 609
421 40
473 710
376 325
127 767
416 307
659 438
855 878
851 659
401 37
15 389
715 437
213 25
547 247
163 259
345 749
901 773
40 387
275 254
103 535
616 825
569 369
496 811
303 125
613 77
647 828
382 821
84 663
359 614
650 649
162 420
660 368
849 803
884 779
224 468
542 419
229 887
695 361
129 119
16 746
272 507
542 406
264 85
205 795
809 285
883 706
61 745
811 860
274 853
341 176
647 887
265 797
589 529
487 760
40 894
63 53
905 321
871 783
442 77
413 777
620 115
519 601
241 538
376 843
618 170
631 208
636 337
521 885
832 456
334 193
471 139
82 210
549 811
455 551
37 510
8 13
783 139
625 308
395 190
49 215
596 311
773 255
222 308
111 27
783 856
869 465
732 211
181 824
658 131
255 778
481 879
778 781
633 446
388 490
247 845
365 79
352 37
715 641
472 735
321 437
162 303
847 224
228 465
600 795
692 540
303 624
801 796
219 240
466 282
423 222
686 248
330 551
65 246
637 260
228 505
665 702
386 462
698 644
303 714
355 71
204 916
831 78
698 71
882 634
816 282
180 670
851 618
413 256
474 812
130 759
335 755
820 665
473 256
719 328
696 514
125 330
924 835
246 875
592 262
611 892
181 163
24 521
507 511
719 55
871 117
421 352
160 141
492 656
554 445
6 150
115 364
280 57
193 483
628 907
101 462
629 928
773 588
65 610
455 565
54 674
912 14
447 215
788 581
401 669
152 165
623 921
691 813
233 488
88 464
502 200
320 250
70 74
867 704
843 589
654 900
107 408
814 39
296 51
159 875
357 681
906 842
748 507
817 220
473 771
6 196
168 678
643 45
432 414
577 819
276 384
368 164
396 535
913 813
681 327
743 512
524 217
794 505
479 803
861 504
779 196
734 588
695 697
901 626
563 782
372 586
734 634
350 87
681 264
877 150
379 425
681 880
150 145
82 610
29 795
541 41
371 845
895 625
271 442
793 720
621 646
349 379
813 370
424 465
195 179
547 290
638 281
772 821
861 543
725 594
242 625
162 847
742 222
718 651
863 498
290 145
191 491
433 657
200 151
709 894
212 820
733 821
512 3
666 56
792 358
565 491
747 212
106 86
226 757
170 97
859 210
647 723
309 363
623 140
726 590
187 929
641 922
682 301
218 711
236 403
294 422
792 358
412 231
584 306
467 687
721 632
913 542
649 788
106 736
572 846
655 383
827 572
720 886
198 75
45 407
104 355
664 130
391 893
44 281
128 515
766 633
309 875
151 432
684 427
499 279
160 202
721 666
481 411
618 581
486 343
747 25
315 16
691 96
675 635
237 733
56 459
858 623
184 814
496 829
549 151
205 90
434 469
553 834
426 29
534 82
607 103
771 324
275 293
900 491
132 58
494 903
109 750
568 51
385 353
912 733
114 365
22 709
312 899
862 238
734 3
857 819
27 13
871 751
147 745
43 914
484 170
255 612
897 721
67 414
833 496
489 829
792 68
528 46
146 652
307 679
151 223
394 670
175 119
635 188
514 827
395 675
657 66
678 172
103 134
333 109
708 851
192 460
516 57
378 351
900 659
602 402
608 232
633 575
142 633
390 732
180 608
307 740
120 541
704 238
204 510
715 752
908 489
73 434
351 404
670 912
920 582
505 72
38 755
782 861
454 75
611 691
268 295
617 237
786 173
403 670
205 361
765 340
796 230
587 194
898 44
504 192
159 840
459 688
206 547
71 823
611 568
349 710
440 37
673 45
61 458
892 361
212 103
377 175
598 12
712 30
886 361
359 451
789 443
698 362
349 226
668 5
186 683
173 635
793 158
114 739
454 729
630 643
848 639
590 731
436 414
440 897
449 827
468 234
776 478
606 415
852 809
713 888
102 840
225 469
362 45
274 499
913 915
475 62
134 500
56 215
649 484
548 209
76 554
284 235
751 857
178 327
338 871
129 445
656 177
115 853
125 724
252 13
742 928
707 70
460 160
660 826
564 373
798 255
894 289
842 621
592 253
796 728
455 822
290 104
301 40
422 467
523 649
419 258
267 654
717 753
715 231
856 495
132 207
922 684
498 395
501 280
451 481
474 785
577 174
675 199
263 482
265 430
31 780
404 654
874 50
614 705
168 902
736 439
657 123
365 638
845 566
753 412
696 135
170 677
201 184
383 440
425 127
698 406
671 742
438 148
586 204
356 33
6 875
101 503
766 190
567 517
591 468
563 670
565 732
500 556
201 20
692 161
90 629
834 713
567 844
849 831
435 702
240 324
137 773
381 224
521 493
771 318
901 124
328 576
610 871
842 539
632 590
796 802
186 141
438 139
546 519
533 561
433 64
675 323
633 640
214 367
290 744
789 299
229 41
614 583
281 847
218 751
260 648
232 429
298 606
925 404
664 819
655 371
668 661
91 475
146 532
363 812
177 909
210 5
372 500
592 533
221 856
335 310
494 49
376 481
173 136
104 499
733 302
457 803
726 206
902 138
686 250
858 291
772 463
216 249
16 573
237 255
299 497
896 354
748 253
183 843
446 169
897 644
392 656
143 146
48 11
799 190
233 500
471 547
705 50
516 653
30 194
40 316
869 295
326 630
667 24
455 633
68 198
887 391
627 879
367 593
401 87
506 864
408 196
877 242
862 749
434 766
438 777
417 664
342 135
607 423
211 808
589 666
623 886
761 39
631 721
594 203
552 132
124 111
894 582
378 582
451 159
573 440
929 472
203 125
219 450
780 382
866 394
823 784
817 665
322 665
787 94
136 700
616 800
65 32
312 689
27 30
170 607
118 218
908 407
844 388
275 24
30 25
749 159
529 44
9 763
930 138
768 46
65 343
621 29
129 190
532 563
488 110
873 647
464 248
339 916
781 243
284 276
737 718
183 364
29 205
425 86
479 436
146 459
189 609
106 113
732 466
339 665
147 723
625 386
77 542
535 524
108 207
122 522
408 6
770 667
579 801
802 352
558 734
260 527
168 813
893 220
62 300
537 918
691 13
287 109
868 152
702 590
568 923
435 276
103 441
828 150
751 275
483 360
80 905
276 7
840 865
216 379
638 509
355 85
853 851
564 80
621 663
831 373
625 148
558 279
27 351
185 915
671 744
902 783
674 88
400 364
130 579
463 921
530 552
817 931
377 644
788 540
800 5
202 461
389 29
852 467
57 132
11 896
826 333
377 499
4 713
311 676
402 362
444 908
720 742
615 857
370 166
570 167
89 369
642 186
585 586
406 607
414 398
735 856
139 322
156 896
853 429
303 241
53 647
815 762
590 690
495 292
251 333
357 375
926 480
651 678
398 847
13 97
569 384
93 486
582 372
107 678
764 510
674 451
73 386
276 278
640 897
23 261
652 54
195 592
642 417
373 246
253 611
855 171
720 820
193 65
194 899
496 407
470 700
136 632
462 256
117 793
666 252
733 637
447 658
53 248
156 316
588 67
70 463
473 115
823 162
360 789
128 834
431 608
51 360
307 569
770 812
117 112
906 850
162 385
595 60
79 427
113 556
898 778
891 264
110 346
269 219
128 327
277 666
456 859
186 425
708 251
527 621
714 856
913 11
352 189
850 419
751 559
58 433
753 603
80 43
402 288
161 185
314 374
709 75
97 280
238 383
332 120
73 29
296 830
692 924
239 252
870 214
200 403
885 522
842 549
734 312
914 390
663 911
487 671
239 328
358 925
65 472
202 837
743 669
94 147
306 713
242 492
585 219
223 297
471 317
115 818
12 359
324 544
521 13
208 427
325 61
694 363
159 650
542 456
413 637
680 177
672 55
24 427
576 214
370 435
925 505
218 865
592 186
905 574
843 754
865 201
809 230
834 205
588 369
36 236
513 211
521 38
762 41
680 285
857 576
444 517
744 655
348 893
446 45
279 312
928 336
624 703
608 416
890 695
113 844
254 788
887 721
501 1
758 73
281 158
911 5
358 819
19 115
251 915
743 886
162 356
629 805
186 743
714 29
709 877
78 517
408 793
327 304
806 531
807 20
272 221
197 568
735 26
55 2
460 744
50 753
746 539
547 257
305 84
764 321
443 225
811 532
869 802
399 40
630 243
608 417
647 126
838 501
33 271
850 486
691 49
399 914
656 172
225 601
464 707
168 179
390 157
395 355
482 93
498 669
567 428
140 515
400 203
468 909
615 528
232 286
101 210
613 359
351 518
873 448
343 156
878 153
313 456
778 68
890 301
645 503
443 440
468 117
311 73
863 844
553 501
586 250
555 784
292 769
100 679
48 269
178 66
330 75
449 235
661 340
577 286
297 744
309 339
178 855
694 92
7 388
831 764
878 861
196 502
284 341
711 387
922 213
497 737
236 826
198 640
798 343
156 211
127 370
292 913
848 271
210 451
49 317
640 561
608 779
399 417
375 502
740 682
560 359
656 319
863 91
470 343
154 97
161 623
823 713
282 97
814 689
894 531
43 853
880 194
518 865
150 675
119 425
135 524
630 288
157 147
752 770
550 929
268 187
75 1
645 553
652 353
852 844
201 27
75 158
614 588
282 833
52 644
424 452
26 39
892 629
662 396
314 34
28 703
731 421
11 831
17 875
659 303
245 742
544 480
100 688
3 106
414 460
497 172
736 863
380 552
565 369
527 304
503 111
776 383
860 705
689 744
609 258
724 817
923 146
699 868
46 361
98 399
629 347
511 69
420 449
542 299
668 653
566 833
95 898
732 597
844 90
698 248
247 781
78 235
845 425
305 319
882 918
328 80
808 67
254 278
493 237
316 585
502 816
790 739
838 123
830 311
887 403
561 72
175 647
2 563
186 514
377 817
74 363
870 333
847 901
910 738
720 805
479 19
92 34
140 503
349 692
623 697
781 443
215 530
529 856
756 95
163 816
786 472
222 865
341 776
387 162
415 331
92 147
654 232
35 516
347 154
739 177
364 847
575 776
93 560
287 775
673 33
897 791
178 310
459 494
663 246
415 880
1 497
664 659
411 7
261 853
727 859
213 336
615 223
797 28
588 76
849 40
285 158
50 644
253 515
286 491
14 814
773 861
79 388
227 31
410 552
633 610
82 97
700 354
912 808
355 36
278 857
484 489
431 860
858 466
325 380
89 322
134 410
193 57
131 888
725 874
10 619
437 531
690 285
306 484
597 624
116 585
13 558
615 393
370 363
282 447
121 597
127 234
159 105
321 731
639 559
156 575
366 215
377 363
377 731
832 305
239 250
316 429
278 235
395 345
774 453
791 836
39 272
162 11
347 476
587 920
858 840
411 166
199 199
826 301
887 753
341 659
276 855
817 575
311 440
300 479
553 409
457 42
226 889
141 33
266 56
596 894
39 501
562 555
658 625
262 738
311 798
818 591
771 677
774 159
852 399
778 718
899 835
199 619
808 131
121 774
164 38
102 852
499 847
319 226
839 542
842 186
26 600
309 341
464 360
769 512
446 49
144 807
126 420
254 796
736 814
169 658
388 516
485 821
574 668
653 678
573 612
852 356
123 920
663 513
253 599
362 364
825 150
426 783
817 870
630 199
260 273
657 721
918 345
221 712
558 591
237 878
104 93
351 369
543 629
224 652
634 267
335 124
540 210
103 874
510 605
187 49
766 372
597 340
397 435
807 747
678 829
322 111
775 144
599 291
230 367
822 482
364 860
762 366
331 529
753 199
113 96
742 677
489 899
312 249
643 21
175 135
883 274
236 446
660 470
592 692
462 811
677 138
191 642
504 95
270 578
194 670
838 57
485 48
857 846
651 131
555 839
121 62
119 765
604 592
459 268
460 661
905 839
607 913
81 841
222 482
128 244
196 481
646 745
716 83
126 452
365 161
188 466
787 717
719 229
876 754
421 112
505 682
276 459
722 358
484 619
645 206
630 483
766 627
181 807
801 923
430 538
665 180
551 218
873 17
27 703
485 389
97 663
299 735
223 51
521 635
350 781
532 365
829 430
220 653
14 599
507 298
83 33
46 47
156 701
127 761
653 283
259 363
742 572
651 518
404 884
237 375
865 169
761 849
619 204
609 836
70 866
55 78
381 654
148 767
122 885
595 353
470 230
904 645
221 576
817 312
634 36
322 539
832 563
429 618
605 103
173 251
574 796
278 173
685 268
861 93
856 504
518 96
857 21
489 860
891 10
718 77
456 358
780 520
285 9
351 135
331 121
70 929
473 170
516 849
607 254
857 883
841 127
545 4
116 663
620 153
506 168
275 89
317 420
822 622
494 648
678 421
904 508
434 447
602 211
535 597
92 429
353 99
515 681
900 238
314 423
530 9
595 779
267 857
634 293
217 301
831 353
745 530
832 349
599 631
868 334
193 161
351 644
413 573
755 252
66 392
838 289
354 155
469 619
603 66
813 586
491 122
460 683
427 864
281 115
279 887
677 198
123 316
155 708
95 222
66 554
93 927
577 744
904 503
5 395
531 198
531 605
36 290
901 206
315 353
504 509
577 763
478 561
71 128
40 822
692 446
791 15
65 555
864 674
550 764
34 719
140 742
678 231
166 313
697 332
767 918
761 677
18 381
437 681
557 386
878 301
371 540
698 393
246 558
346 75
862 556
446 205
834 516
549 797
733 331
628 171
516 585
163 343
435 52
511 81
762 745
778 926
226 501
549 585
43 619
917 744
435 701
325 750
14 900
124 115
521 602
1 70
497 468
597 300
97 22
225 408
113 593
158 679
682 673
763 361
580 71
735 161
583 586
437 86
136 705
697 909
734 420
293 282
923 717
618 651
330 105
170 535
769 792
708 780
598 370
692 870
622 671
46 650
845 57
802 814
831 145
139 736
543 507
152 507
127 820
702 809
207 92
393 336
400 389
606 744
36 660
117 656
577 442
432 881
165 125
105 424
794 751
389 752
329 525
412 542
194 510
893 287
792 888
574 14
831 923
510 194
282 444
520 842
783 551
302 696
357 780
586 832
311 598
525 380
242 573
4 86
792 495
848 112
113 281
476 620
800 685
265 532
749 330
51 382
550 529
331 68
756 736
870 911
688 182
401 207
395 24
124 862
171 202
335 572
204 288
102 209
601 312
464 629
