147
143 147
140 3
74 68
75 68
62 60
9 134
93 91
35 107
78 81
76 78
132 11
30 113
7 135
108 34
13 129
87 89
138 4
136 6
39 103
18 125
22 120
71 69
82 85
12 130
39 104
32 110
20 122
26 117
37 105
14 128
93 96
17 125
85 66
36 107
74 69
44 90
38 105
138 5
97 43
45 89
123 19
57 54
82 67
40 43
21 122
19 124
1 141
48 46
57 52
65 60
86 66
117 25
1 142
37 106
52 54
63 65
137 5
8 135
10 133
146 144
78 80
106 36
8 134
110 33
131 12
29 113
118 25
112 30
118 24
33 109
104 38
51 46
82 68
128 15
21 121
4 139
85 83
97 44
59 52
34 109
147 142
59 57
87 45
71 74
51 66
124 18
46 66
3 139
97 90
132 10
81 76
112 31
43 41
14 129
66 60
31 111
62 65
27 116
95 93
87 46
137 6
116 26
20 123
96 91
55 57
111 32
108 35
114 29
40 99
91 97
121 22
45 90
51 49
11 131
143 146
13 130
115 27
9 133
17 126
114 28
52 66
66 82
40 103
51 48
120 23
75 81
140 2
15 127
40 98
59 66
127 16
24 119
73 71
46 86
40 102
101 99
2 141
75 82
23 119
99 102
115 28
16 126
98 43
136 7
294
81 70
143 20
17 44
8 7
69 96
24 40
110 146
34 64
105 22
87 12
17 115
51 127
28 147
109 41
97 15
58 126
46 142
140 2
48 129
31 57
123 117
85 124
121 62
87 82
98 17
22 46
29 78
35 108
32 25
34 67
54 117
43 2
35 24
99 116
48 92
111 44
72 88
140 128
67 43
61 140
138 123
29 136
90 100
39 66
100 38
15 73
25 147
74 76
142 5
1 64
85 87
13 4
53 106
42 8
9 103
66 104
87 49
6 43
21 103
1 51
78 141
130 106
67 135
3 22
27 97
144 132
101 37
54 29
4 3
100 122
21 124
70 74
130 9
6 97
76 134
70 69
48 42
100 108
45 126
87 100
35 60
145 36
6 53
140 90
29 21
112 45
29 138
1 62
114 135
77 55
129 131
46 47
114 79
130 138
89 108
139 36
139 36
74 36
119 16
83 109
28 41
30 78
98 70
46 42
85 22
57 93
23 67
89 132
90 102
134 28
79 139
19 114
99 49
74 21
69 143
129 113
14 49
115 130
47 61
58 115
12 27
85 16
147 111
126 58
66 124
6 71
52 54
37 120
143 39
103 65
6 39
53 106
122 26
27 23
1 37
96 29
69 6
120 135
55 117
118 52
4 128
16 36
145 145
31 59
7 82
117 59
137 117
7 92
78 21
30 131
46 79
1 71
114 76
113 23
27 65
22 9
24 58
143 102
144 139
95 109
29 55
95 135
123 116
87 99
139 10
43 106
60 54
47 16
80 40
30 136
81 85
35 46
101 80
116 101
85 81
120 8
49 11
111 132
33 88
104 70
75 9
101 4
103 137
31 45
139 124
104 85
66 117
96 96
59 58
39 38
61 146
128 92
64 8
59 105
142 17
116 55
84 105
74 95
147 110
14 89
45 64
66 64
37 71
60 141
70 143
109 78
65 55
119 83
98 73
132 35
32 89
105 141
1 41
127 64
60 97
68 64
124 102
10 3
60 57
29 65
140 131
1 87
69 11
80 26
94 49
121 106
137 33
116 36
55 82
94 110
124 139
118 107
43 82
79 5
122 4
144 107
79 2
89 140
54 10
91 77
128 104
80 57
90 141
12 44
34 1
48 126
21 1
99 123
53 47
81 15
94 93
115 84
27 30
40 54
132 13
86 114
107 106
17 10
130 113
139 68
19 87
131 111
102 115
107 114
138 142
115 110
120 14
145 101
32 98
30 56
109 112
127 102
78 49
36 27
28 43
76 54
133 31
74 103
128 47
127 48
88 113
37 144
24 55
20 147
110 46
103 1
74 75
82 123
115 98
30 34
48 30
32 78
26 47
98 48
