1000
1 9606
1 2418
1 5588
1 643
1 2699
1 -3177
1 8555
1 9491
1 -3763
1 -8802
1 6716
1 -3760
1 8866
1 -3908
1 -441
1 3428
1 5781
1 -9399
1 2716
1 -7607
1 -4459
1 -263
1 -8169
1 -1411
1 4271
1 285
1 -2904
1 -5545
1 -1558
1 -2093
1 3229
1 -2651
1 1883
1 -1973
1 -1647
1 -3306
1 4198
1 -3574
1 4201
1 -3156
1 -7995
1 -565
1 -4865
1 2381
1 6466
1 8226
1 6646
1 627
1 -7627
1 -6914
1 -6210
1 3323
1 -6709
1 8065
1 4356
1 -9491
1 -4601
1 9044
1 5445
1 5900
1 -8833
1 10
1 8700
1 4386
1 8054
1 495
1 1551
1 -1625
1 8685
1 -4880
1 -4884
1 -1325
1 6984
1 -8925
1 -8557
1 -538
1 1721
1 -496
1 8616
1 -8912
1 2174
1 3586
1 8971
1 3582
1 111
1 6232
1 -8905
1 9233
1 -4701
1 -7041
1 -5352
1 9294
1 610
1 5453
1 272
1 -6047
1 -6973
1 -7028
1 -5418
1 3539
1 2099
1 -2748
1 -9994
1 8578
1 5657
1 -3157
1 -2083
1 3609
1 3213
1 -9814
1 -6624
1 1017
1 -24
1 -3434
1 -1713
1 8480
1 8914
1 6527
1 -8508
1 400
1 7032
1 -4129
1 -7272
1 6224
1 -4834
1 -4163
1 8375
1 -4378
1 -5963
1 2209
1 -4702
1 4173
1 -34
1 -9803
1 7611
1 7119
1 359
1 -6347
1 -3498
1 -1859
1 -9382
1 9579
1 9375
1 5736
1 5297
1 4448
1 -1113
1 4677
1 478
1 -7284
1 -8797
1 7922
1 -3287
1 5482
1 6364
1 9321
1 -481
1 7721
1 -4559
1 -670
1 2048
1 -1283
1 -1619
1 4595
1 -2399
1 3630
1 -7599
1 -7402
1 5427
1 -8930
1 3827
1 3759
1 501
1 -7775
1 -8098
1 1666
1 3725
1 -9510
1 2382
1 -7423
1 -25
1 5221
1 771
1 7193
1 -3524
1 -8067
1 -7904
1 796
1 2253
1 -5124
1 9351
1 3883
1 -3439
1 6269
1 -4934
1 -2000
1 7783
1 -557
1 1475
1 9177
1 6969
1 9278
1 -7319
1 -4493
1 8135
1 -9829
1 -43
1 1511
1 -7982
1 5290
1 -480
1 393
1 2233
1 4263
1 -5129
1 -9385
1 -738
1 5421
1 -9621
1 -6480
1 -304
1 -3103
1 -8589
1 -7608
1 -4313
1 -2618
1 1928
1 7185
1 -536
1 4006
1 -7351
1 6064
1 9938
1 3966
1 -1008
1 6727
1 4038
1 -3140
1 7429
1 7582
1 -982
1 -3276
1 -952
1 -5245
1 8924
1 2542
1 1970
1 -3245
1 -1394
1 -2537
1 3305
1 1782
1 -8555
1 991
1 2584
1 -3528
1 1986
1 1501
1 955
1 -9995
1 3252
1 7183
1 -8938
1 -4386
1 9517
1 -3821
1 -9210
1 -9130
1 4242
1 3372
1 9810
1 -4780
1 -1309
1 -6218
1 3352
1 3224
1 7323
1 -2503
1 615
1 -591
1 -5312
1 1078
1 8173
1 3173
1 6737
1 -2722
1 -9676
1 -4052
1 -3125
1 4198
1 8426
1 -5531
1 9274
1 -8822
1 -1281
1 -3990
1 6120
1 7580
1 9159
1 6749
1 -5561
1 -8128
1 4996
1 -1208
1 -7820
1 4317
1 -1851
1 6811
1 -9676
1 7997
1 -9731
1 -1733
1 7686
1 9573
1 -280
1 -4302
1 -1153
1 -5400
1 -7533
1 -1848
1 -2530
1 -3165
1 -8536
1 2658
1 -9535
1 -3387
1 -3049
1 -5885
1 4379
1 -3939
1 9557
1 4576
1 -2135
1 7875
1 962
1 -7557
1 -7265
1 9610
1 3105
1 -3216
1 2511
1 -1086
1 -1546
1 2697
1 -8785
1 -164
1 8253
1 5272
1 -861
1 -8308
1 4352
1 9536
1 9086
1 -7771
1 594
1 8778
1 -6879
1 6506
1 -7590
1 -9059
1 -2314
1 9773
1 9748
1 1389
1 8571
1 -3904
1 -1436
1 -660
1 -7409
1 -4118
1 7972
1 7994
1 -5779
1 3543
1 1852
1 -403
1 2064
1 -2528
1 9114
1 -4621
1 8216
1 940
1 7642
1 -3680
1 -3743
1 5524
1 9930
1 -7287
1 1631
1 -4351
1 6604
1 9836
1 -5779
1 -193
1 -5648
1 4715
1 5834
1 -1185
1 1552
1 -7453
1 6174
1 -7339
1 2182
1 -8332
1 1114
1 5858
1 3629
1 -4708
1 82
1 7365
1 6768
1 4890
1 8472
1 -7341
1 7167
1 3205
1 -875
1 -3565
1 2698
1 6716
1 -8203
1 3424
1 -7383
1 2755
1 5348
1 6252
1 -5110
1 -4504
1 -8979
1 -9728
1 -2378
1 -5141
1 4488
1 5852
1 -2049
1 3420
1 -3852
1 -6598
1 1886
1 3036
1 1349
1 6096
1 -1541
1 781
1 -6696
1 2649
1 9872
1 -7060
1 8530
1 -3704
1 -6374
1 -6894
1 -3721
1 7808
1 6401
1 5501
1 -8321
1 -9399
1 2462
1 7911
1 -7165
1 -9561
1 9287
1 4690
1 -7610
1 -1201
1 -4448
1 -1757
1 8633
1 9616
1 2106
1 2497
1 -871
1 3027
1 1813
1 5380
1 -7868
1 -6585
1 -6305
1 -2391
1 -2509
1 -1816
1 7596
1 2345
1 8122
1 3047
1 -7044
1 -6592
1 -7901
1 -3416
1 6983
1 -4025
1 -5191
1 -498
1 7406
1 -2718
1 -8978
1 9220
1 -2833
1 -6746
1 2690
1 -152
1 -5841
1 -661
1 -9492
1 -5775
1 -8705
1 8534
1 2271
1 -8628
1 -1779
1 9737
1 2360
1 -1196
1 607
1 -7203
1 -1854
1 -2573
1 -2258
1 3839
1 2232
1 -63
1 8419
1 8195
1 -9142
1 6458
1 3912
1 4118
1 5365
1 -4606
1 8475
1 6320
1 4727
1 -8838
1 930
1 -6282
1 9070
1 -6391
1 -6613
1 1193
1 7246
1 -5157
1 -8767
1 4706
1 -6373
1 7022
1 6801
1 -4899
1 -764
1 7670
1 -9735
1 8042
1 3947
1 2055
1 2740
1 4766
1 -6893
1 -6913
1 -6921
1 -356
1 552
1 1999
1 6585
1 9951
1 -6729
1 9707
1 -607
1 -4696
1 -1663
1 6584
1 -317
1 4346
1 1989
1 -9121
1 -2766
1 9113
1 -8206
1 -7281
1 -2810
1 2997
1 1384
1 -5172
1 2245
1 2623
1 -8398
1 4172
1 -6542
1 -7896
1 -7901
1 240
1 -5242
1 -2380
1 470
1 -1534
1 618
1 -7220
1 838
1 5657
1 -1987
1 7721
1 -6389
1 6394
1 -7772
1 -5963
1 820
1 4184
1 8981
1 4248
1 6421
1 2428
1 1077
1 7069
1 -5382
1 -328
1 -2406
1 6417
1 -8932
1 -9907
1 7507
1 8524
1 4075
1 2809
1 1544
1 -2333
1 -4709
1 -7368
1 -2327
1 7865
1 -2687
1 8682
1 -6759
1 6745
1 -1217
1 -2011
1 -8667
1 8208
1 9678
1 -937
1 -3438
1 -801
1 -7845
1 4496
1 -5822
1 8111
1 3125
1 -5139
1 5181
1 5716
1 -4833
1 -1955
1 -5439
1 -8571
1 -8196
1 7404
1 1784
1 142
1 -7749
1 -6852
1 -2430
1 -9779
1 -4275
1 -6678
1 -7780
1 1869
1 257
1 8044
1 1405
1 -5304
1 -9676
1 -1668
1 -2981
1 6257
1 9307
1 3714
1 9799
1 2078
1 9462
1 8134
1 1867
1 3514
1 -439
1 -8162
1 8309
1 -139
1 1775
1 239
1 -8923
1 -5686
1 -890
1 6046
1 -5868
1 5115
1 -9424
1 -2134
1 5091
1 -1868
1 -8404
1 -7274
1 -7163
1 -646
1 -3030
1 -4431
1 -8332
1 -5234
1 -8165
1 -4793
1 5594
1 3656
1 3577
1 -8343
1 5384
1 -7656
1 -471
1 5616
1 -6675
1 -577
1 -2679
1 4877
1 851
1 -2126
1 6734
1 -4550
1 -311
1 9617
1 4181
1 9200
1 8803
1 -2736
1 455
1 1567
1 -3334
1 -3157
1 -3866
1 4102
1 -1021
1 7280
1 7939
1 -3027
1 2626
1 -604
1 -5592
1 4095
1 -3525
1 9284
1 9113
1 -9222
1 -6180
1 559
1 -2631
1 -3160
1 -1165
1 -6287
1 4606
1 -5891
1 6270
1 7978
1 7178
1 -8364
1 3819
1 -8158
1 7361
1 5775
1 -8932
1 8364
1 1045
1 -4010
1 -7220
1 -5561
1 -1414
1 8262
1 -9205
1 3412
1 9648
1 -3659
1 -2417
1 -3713
1 -5682
1 -4360
1 5006
1 7445
1 -3891
1 -1354
1 3489
1 5671
1 6076
1 4375
1 1213
1 4248
1 4312
1 -3753
1 -1144
1 -9618
1 -1572
1 970
1 -7073
1 -1565
1 -9152
1 4559
1 5413
1 -4316
1 4101
1 8918
1 -656
1 -6362
1 -3682
1 -5911
1 8883
1 8704
1 8312
1 7999
1 -7623
1 5877
1 -9207
1 -1177
1 -1611
1 5751
1 -3974
1 9408
1 6289
1 -5068
1 6202
1 3545
1 -6933
1 -3658
1 -3870
1 9044
1 -9759
1 7103
1 -37
1 -6566
1 -641
1 6272
1 3061
1 -1733
1 -7764
1 -1976
1 -8361
1 -3551
1 3890
1 4041
1 -6697
1 221
1 3333
1 -3533
1 -4089
1 -7949
1 -3154
1 -5401
1 -9807
1 -4931
1 -6605
1 5810
1 2245
1 -6439
1 8249
1 6443
1 -1336
1 -7547
1 2375
1 -1756
1 6352
1 -7576
1 -520
1 4734
1 3356
1 7100
1 4069
1 6009
1 -3098
1 4711
1 8465
1 8050
1 -7466
1 2394
1 -9642
1 7736
1 1877
1 117
1 4498
1 -4483
1 6756
1 -6088
1 -7676
1 812
1 1876
1 -7590
1 8644
1 8474
1 8399
1 -9160
1 -7904
1 -9896
1 8427
1 2583
1 8957
1 824
1 -3387
1 5987
1 5856
1 -9699
1 9565
1 8205
1 -5322
1 5269
1 -6480
1 2918
1 38
1 -1865
1 -502
1 4146
1 6732
1 8334
1 3469
1 -7204
1 9440
1 -4421
1 8857
1 -5932
1 409
1 7515
1 8437
1 4178
1 -336
1 243
1 6952
1 -7205
1 -6498
1 8930
1 -2802
1 3792
1 -7377
1 -8468
1 2822
1 -9062
1 -483
1 -1177
1 -4784
1 -1279
1 -4671
1 -5348
1 8
1 -1159
1 -8825
1 8415
1 -7574
1 -3461
1 -5134
1 5084
1 -4967
1 -9571
1 -6317
1 1747
1 9764
1 -291
1 6521
1 8754
1 3538
1 1725
1 -5142
1 9301
1 525
1 4039
1 -1213
1 9900
1 -1073
1 -9538
1 9221
1 3847
1 -9535
1 4148
1 -2266
1 -2821
1 6841
1 -9634
1 -2615
1 3206
1 -653
1 5183
1 5713
1 -1997
1 3588
1 5761
1 -1287
1 -3657
1 -2057
1 -1066
1 6485
1 6233
1 3165
1 8375
1 -5519
1 -739
1 132
1 -3819
1 -9565
1 -2627
1 -3179
1 -4148
1 -3669
1 -3823
20
804 318
471 839
575 169
544 877
729 388
610 330
493 605
382 336
967 6
297 366
108 283
341 979
130 134
919 801
623 227
138 118
981 231
323 999
719 48
215 883
