1000
1 -3896
1 9908
1 -7025
1 -9173
1 -5563
1 5456
1 -365
1 8799
1 1576
1 -4566
1 -8496
1 -7114
1 -3006
1 752
1 -2831
1 8729
1 2094
1 8978
1 8727
1 1271
1 -8375
1 339
1 2317
1 -9818
1 7498
1 -5988
1 9256
1 -848
1 4884
1 -8340
1 -6205
1 4793
1 5414
1 3549
1 -6399
1 6502
1 -915
1 1135
1 8796
1 2734
1 7935
1 -7463
1 -8994
1 -9209
1 -3671
1 5577
1 -9041
1 -2468
1 5085
1 3213
1 4852
1 -4329
1 -7747
1 642
1 6671
1 1578
1 3464
1 5056
1 2422
1 -7026
1 7455
1 -5808
1 1667
1 -5630
1 8917
1 3544
1 6816
1 -3034
1 7228
1 7042
1 -8436
1 4196
1 2911
1 7779
1 -9634
1 -4188
1 1547
1 8632
1 -9018
1 2923
1 -4509
1 4043
1 -7792
1 9568
1 213
1 -8575
1 734
1 -8339
1 3222
1 3231
1 -240
1 9817
1 -9530
1 -92
1 -8828
1 8711
1 -4825
1 -9356
1 671
1 -820
1 5837
1 -5591
1 -5437
1 265
1 -3115
1 8437
1 -3209
1 2075
1 -7726
1 -8265
1 -2612
1 8859
1 5250
1 -592
1 -5710
1 -6285
1 -9665
1 1099
1 9783
1 -8836
1 -6778
1 -3912
1 2350
1 -6634
1 -6345
1 -1001
1 7107
1 4584
1 -6972
1 -5571
1 -4358
1 -5922
1 -8953
1 7128
1 7441
1 -5873
1 -2032
1 6928
1 -1914
1 -6977
1 -2985
1 -3377
1 3898
1 3865
1 -6381
1 7804
1 -3947
1 -4407
1 2032
1 2851
1 8005
1 -9246
1 6226
1 -5828
1 701
1 95
1 8932
1 7503
1 6279
1 1596
1 364
1 -6830
1 -5349
1 -4468
1 37
1 -6262
1 -5245
1 -9566
1 -9042
1 3413
1 3574
1 -7174
1 -5980
1 -4171
1 -6300
1 79
1 -3678
1 -9454
1 -5361
1 5484
1 4313
1 -9633
1 9703
1 -9191
1 7775
1 4430
1 -7050
1 7424
1 820
1 -6084
1 8398
1 9820
1 -539
1 -9614
1 -6744
1 8842
1 1217
1 -3579
1 5458
1 -1511
1 4975
1 -3288
1 -87
1 5852
1 2514
1 -7785
1 -9051
1 5897
1 5083
1 2681
1 -8139
1 8244
1 -5144
1 -2263
1 -6835
1 5743
1 -3643
1 2786
1 1470
1 7517
1 -4080
1 8512
1 -3997
1 -807
1 779
1 -5377
1 -4161
1 5497
1 1231
1 -4767
1 -324
1 2392
1 -1009
1 5610
1 1284
1 4528
1 -7983
1 2296
1 5495
1 2471
1 -8488
1 -3972
1 -5675
1 -9224
1 9932
1 -6326
1 4776
1 -5344
1 7666
1 -9745
1 4941
1 -9190
1 -1719
1 655
1 6991
1 9461
1 -4701
1 -9045
1 4896
1 4130
1 -3540
1 -4986
1 3103
1 -5423
1 8859
1 -8162
1 100
1 303
1 1989
1 6200
1 6750
1 -8952
1 3520
1 662
1 -8010
1 -8734
1 -7499
1 4388
1 717
1 7875
1 7946
1 4015
1 -5024
1 -4765
1 1820
1 4871
1 9627
1 8534
1 -8749
1 -636
1 -3304
1 7705
1 293
1 -137
1 8957
1 -4491
1 5110
1 6751
1 -966
1 5173
1 9717
1 -8120
1 6555
1 -6008
1 5371
1 1921
1 -776
1 -8860
1 -2808
1 1722
1 4657
1 -5024
1 1093
1 900
1 -314
1 7884
1 -5565
1 1126
1 9916
1 9544
1 -9150
1 6689
1 4904
1 951
1 -6837
1 5567
1 9901
1 4600
1 -8033
1 2114
1 -353
1 -8404
1 -3588
1 -8434
1 7669
1 6413
1 -6732
1 2151
1 -7668
1 -1899
1 3686
1 9182
1 7022
1 -2462
1 -5057
1 -8665
1 8103
1 232
1 451
1 -2698
1 -5379
1 -6047
1 -1874
1 9524
1 3306
1 1293
1 -9287
1 588
1 -5509
1 -2919
1 -5899
1 4744
1 7935
1 -136
1 -8463
1 3199
1 60
1 -9467
1 3555
1 -6326
1 5791
1 2708
1 -9877
1 -109
1 -4977
1 -8843
1 4642
1 1636
1 -2983
1 5596
1 -4303
1 -3974
1 1532
1 -6511
1 2436
1 -5282
1 -3378
1 -5514
1 -2559
1 -274
1 6958
1 -1690
1 8968
1 -6729
1 3712
1 5247
1 2293
1 -4727
1 8842
1 9109
1 -1999
1 -539
1 50
1 9996
1 8162
1 8195
1 5332
1 2077
1 2544
1 5466
1 8933
1 -4016
1 -1226
1 -5709
1 8378
1 1081
1 2963
1 -1801
1 5382
1 -156
1 -1846
1 3780
1 8673
1 -5471
1 3078
1 2983
1 -8137
1 -9273
1 3610
1 -1063
1 1173
1 4210
1 5690
1 7296
1 5098
1 7481
1 -183
1 4476
1 3836
1 7869
1 -893
1 -5617
1 -7638
1 -2349
1 -3661
1 -719
1 1714
1 8117
1 4900
1 -9376
1 -2378
1 1767
1 3718
1 -3308
1 5192
1 8618
1 -8314
1 -5904
1 -1081
1 -6091
1 4260
1 7023
1 7318
1 3181
1 -4093
1 -2605
1 4546
1 -2905
1 -5200
1 1532
1 1100
1 -4987
1 9135
1 5192
1 2181
1 -5173
1 -8282
1 8170
1 9395
1 1811
1 -1859
1 9954
1 -7232
1 -4000
1 -5032
1 1194
1 -2364
1 -3826
1 -3400
1 -6733
1 -602
1 774
1 -8619
1 -3654
1 4251
1 -1581
1 -2590
1 -7464
1 9729
1 4077
1 9999
1 -8164
1 -2070
1 -1323
1 -3689
1 7208
1 3624
1 3047
1 -5006
1 8058
1 8171
1 6261
1 -9480
1 -9020
1 5995
1 1891
1 -7429
1 -3344
1 5026
1 -2612
1 591
1 -6446
1 -8626
1 692
1 -234
1 1203
1 -2028
1 3832
1 -5663
1 1177
1 -8222
1 7349
1 4112
1 5657
1 -9324
1 -9195
1 -9602
1 3709
1 -8573
1 3492
1 2845
1 -4330
1 -1360
1 -2734
1 1372
1 6304
1 3362
1 -90
1 -3732
1 -2798
1 3616
1 -1036
1 -9964
1 3958
1 -6532
1 2043
1 7666
1 3937
1 -1541
1 2707
1 -8284
1 -1148
1 -7982
1 -9685
1 -9952
1 -5243
1 6681
1 687
1 -2554
1 2346
1 -5682
1 6023
1 -9437
1 8027
1 459
1 3140
1 -9350
1 7225
1 -2426
1 -3599
1 2568
1 7845
1 -5317
1 6275
1 -1710
1 -531
1 -9592
1 912
1 -2943
1 -7981
1 3388
1 5729
1 -628
1 -5178
1 -7740
1 3014
1 -6842
1 6707
1 -5000
1 4110
1 6521
1 3142
1 -3776
1 -2926
1 -9375
1 -8845
1 8430
1 3490
1 -6590
1 -7936
1 -2125
1 -6929
1 -3218
1 -9998
1 -7850
1 -910
1 -1277
1 9798
1 9967
1 8116
1 -7240
1 8607
1 2188
1 -8869
1 -3163
1 8334
1 5639
1 -967
1 2619
1 -7375
1 8323
1 -6063
1 -7123
1 241
1 3635
1 -4591
1 -6978
1 -5396
1 -292
1 -4660
1 -7848
1 -3124
1 -6083
1 -1738
1 8445
1 1149
1 2925
1 4193
1 6048
1 -4636
1 -6009
1 6559
1 -6428
1 -9229
1 6219
1 -7223
1 -5288
1 7144
1 4617
1 -1855
1 5594
1 9856
1 1446
1 -4191
1 1102
1 1374
1 4274
1 4575
1 8012
1 5111
1 -206
1 4561
1 7958
1 -8078
1 -3250
1 -5050
1 3391
1 942
1 -3527
1 1474
1 -7583
1 -9534
1 -5840
1 9493
1 2109
1 -6437
1 8766
1 2289
1 8869
1 -2603
1 -7564
1 -8610
1 -7876
1 -6891
1 6562
1 -7241
1 -8929
1 5933
1 -8609
1 -345
1 8288
1 -7906
1 -187
1 1256
1 -9924
1 -6251
1 4435
1 -1073
1 -3354
1 2573
1 8036
1 -9505
1 4272
1 -9899
1 5127
1 -9722
1 -3442
1 1598
1 -8581
1 5255
1 2985
1 -3623
1 -7561
1 -6604
1 6762
1 7551
1 -6930
1 -9978
1 -5140
1 1290
1 1920
1 -6003
1 -5870
1 8945
1 5929
1 -495
1 -9380
1 3777
1 6855
1 4431
1 -9069
1 -9650
1 2823
1 -5484
1 -3391
1 -1783
1 3245
1 -3958
1 -5251
1 3215
1 9326
1 4162
1 1672
1 8640
1 -9562
1 10000
1 2995
1 7411
1 -2462
1 -6568
1 4484
1 9134
1 -8195
1 2080
1 6083
1 1480
1 2831
1 6501
1 -4373
1 2127
1 6510
1 1102
1 989
1 -895
1 -9104
1 6020
1 -7729
1 6355
1 -766
1 7552
1 -4254
1 9206
1 -8441
1 -7589
1 -3994
1 -1273
1 6053
1 -7270
1 -1424
1 7249
1 -7399
1 382
1 -520
1 7890
1 6733
1 -4377
1 -6404
1 232
1 7313
1 -7733
1 4496
1 -8340
1 -4019
1 8760
1 4546
1 6053
1 9508
1 6119
1 -9612
1 1484
1 -1877
1 6140
1 -5210
1 1349
1 829
1 2051
1 -6577
1 -9506
1 5843
1 -2100
1 8464
1 -9024
1 5693
1 8117
1 3974
1 3893
1 -2208
1 -239
1 4958
1 6845
1 4748
1 -8677
1 6480
1 5408
1 9223
1 -6054
1 7697
1 -8924
1 -3460
1 -5138
1 6853
1 45
1 7353
1 8226
1 8868
1 -1788
1 7830
1 -6445
1 7340
1 -5328
1 1329
1 -8109
1 7139
1 3623
1 7907
1 4789
1 -4574
1 -9140
1 -1510
1 7356
1 -8520
1 4936
1 5534
1 -6898
1 -6075
1 9192
1 2377
1 4502
1 -5041
1 9709
1 -5504
1 9072
1 -4667
1 -1911
1 3387
1 -8570
1 -9910
1 -9595
1 -6577
1 -6692
1 -6361
1 1134
1 9671
1 -5842
1 770
1 -5928
1 -8820
1 -8555
1 -1568
1 -4539
1 -9401
1 2095
1 -5911
1 9082
1 -5881
1 8126
1 9745
1 -8544
1 1253
1 -8022
1 -3007
1 4310
1 -7163
1 -1858
1 -2729
1 5661
1 8983
1 -1594
1 -3852
1 7867
1 -2077
1 7354
1 3944
1 -2897
1 -6763
1 71
1 -5994
1 6699
1 8221
1 2289
1 3281
1 6894
1 4107
1 7287
1 -810
1 -4075
1 -494
1 -5307
1 5467
1 -5419
1 5008
1 -6783
1 -4384
1 -247
1 -756
1 764
1 4981
1 6791
1 8002
1 8646
1 2310
1 -8295
1 7136
1 9848
1 1774
1 -9283
1 -2943
1 4557
1 6769
1 114
1 -9293
1 -8405
1 -9940
1 7957
1 7273
1 63
1 -8009
1 -2773
1 -5817
1 -1189
1 517
1 2288
1 -3150
1 8338
1 -7215
1 -156
1 2317
1 4609
1 9138
1 9148
1 8123
1 6685
1 1233
1 5608
1 -7624
1 6005
1 926
1 7894
1 5561
1 7667
1 -9043
1 -9391
1 5286
1 1564
1 2286
1 6651
1 5257
1 7443
1 2208
1 -1766
1 5792
1 -9630
1 -5913
1 -4768
1 1894
1 -6793
1 -7772
1 4352
1 -5072
1 1654
765 304
16 12
464 546
787 94
459 662
708 377
229 580
70 583
32 344
717 848
317 125
660 688
710 765
399 475
185 163
869 143
740 379
511 700
370 34
819 18
735 530
259 929
981 608
681 963
344 779
310 567
338 717
109 503
413 591
132 80
742 716
533 465
558 839
635 431
747 866
612 743
164 281
236 694
433 58
971 979
572 425
235 568
420 730
664 539
240 765
890 84
428 234
458 881
580 730
275 354
599 865
483 870
447 101
458 5
55 569
33 309
127 833
451 675
779 684
767 742
193 275
843 440
206 663
168 215
985 137
854 433
214 103
74 123
374 552
887 164
176 805
131 903
645 488
665 767
430 806
209 150
642 450
791 628
741 636
414 118
801 718
250 63
87 800
440 259
977 249
582 317
550 715
906 837
96 238
441 506
519 181
670 562
992 316
389 702
456 573
366 191
570 633
54 738
854 382
552 930
