2987
8091
6219
-2797
3414
3389
1313
2792
797
662
1831
-1012
-2802
-2565
4656
-943
-2277
5748
8447
8814
3306
2901
1113
-3736
-1070
6389
4492
1086
6023
7871
9994
3292
7008
-1760
1139
7023
-957
3272
6209
8941
-695
-3437
-2853
-1552
1804
4149
-2
6541
-852
4623
-3934
9236
6007
-4275
5897
-217
-2311
-1341
8967
-3822
-1874
-695
402
4949
8967
-2311
2341
5780
8174
-3802
7321
5895
9101
-3933
4400
2682
-96
-2278
9366
-642
-4513
-1491
-2818
-1881
7110
9895
993
-68
-5000001
-967
4829
-1046
9758
6883
5613
3407
-422
9366
680
-2660
2373
4323
-96
-504
4396
5003
1537
9556
1098
2721
299
6135
4138
6757
-2627
3388
7035
-1724
-2460
1098
-4781
-131
-2036
-636
-3724
9401
9623
-2260
-636
9615
372
-1704
3210
6727
259
6482
-5000001
3446
9101
-3379
-1756
-4019
1730
-4853
6801
325
6094
-125
-604
-2861
175
733
405
8312
6278
5488
1321
2047
-684
6474
8540
1996
1984
3210
7714
5880
-451
4991
9579
9924
-672
2988
1543
119
9930
3221
-3291
116
6592
-4513
6065
230
1709
2800
-598
-2266
4332
-2481
-616
2369
3436
-3368
8895
-3688
2465
-2370
5057
8212
7973
9437
5639
-4627
-286
-3895
2046
-3773
2188
-4905
9346
1177
3295
-183
-1760
706
4020
6695
3259
9800
-3595
3310
-618
-936
5920
-2527
-2815
6203
7020
6406
9623
8343
1596
-3061
-5000001
-3433
-3299
1681
4263
-1649
1117
-3895
-2283
2047
-1866
-1688
-1695
-1825
5565
8824
7875
9678
-60
5968
1596
669
2077
-60
1974
9417
5303
5180
-5000001
1612
8217
6248
4659
2502
5488
-5000001
-3433
8637
6019
-1395
-466
3377
2963
1634
3020
5352
119
-2698
-1045
-3110
3910
-3711
-3018
-2383
5922
9543
8916
1058
1590
4432
-3461
-269
-2928
2948
-421
-1289
-819
8459
8001
7272
9661
4556
5325
538
7005
3745
8260
772
5409
-531
9081
89
9518
-2830
3777
8297
1827
-5000001
716
7960
1005
-601
-2423
9556
-1345
8821
966
3042
-1473
8085
-2331
-960
2442
-421
3437
-2799
5310
2092
8463
-5000001
7081
9918
5178
10
7008
4318
9188
2129
-4303
-613
1590
381
5132
-2569
-5000001
744
9190
634
381
4976
2087
-4252
-360
2000
4548
8490
7610
-1476
9609
-4248
6939
-2875
-1178
-1713
-3459
4543
-2818
7767
7690
-3200
8085
8871
8252
-2979
-1888
451
569
9982
3358
5142
8625
4708
4163
9368
8695
-3121
5841
-3593
9688
5774
7570
1979
-1079
4724
3734
3963
6565
8120
-1016
6505
-1069
-87
-3662
-276
9917
241
1744
2947
8383
-5000001
2485
6272
-1655
2072
7811
5326
2596
773
-431
-4945
5166
7615
6686
8837
1826
-276
7946
1826
-1069
3402
5895
554
2459
6489
4679
8898
2886
5884
-21
-2920
2459
9415
-4952
8699
-221
-2601
374
8847
4679
6666
6254
-5000001
2256
-4759
3179
7778
8813
587
6978
7881
498
9199
2952
167
5992
7421
-3215
6444
-2718
9290
8869
8469
1557
-5000001
5091
6437
-810
-4721
-1624
9758
-1509
6060
7920
8896
-3937
2750
2038
7343
2445
5261
8170
6769
8990
2256
-2955
1557
-1116
167
6189
-1633
7042
-105
9369
6978
6639
-1867
2225
3723
343
-809
-2255
4447
-1094
-1094
-2684
2220
1339
-2852
4449
-1957
3514
8893
6411
266
-1729
8401
6502
-3587
-3234
-4293
4182
-1360
-3138
7747
3449
6017
-3405
3414
-1002
2010
-3022
-133
6369
5828
4288
8467
2886
-2502
-1821
-982
9196
-3365
-4283
5492
1244
-4265
-1179
7558
4365
-3684
2920
6876
-538
-3022
1661
6345
3431
6448
-3203
9368
1449
-5000001
9100
666
-2109
6442
50
916
-1953
-2498
6975
9201
7208
2723
9528
-39
-51
8876
4587
3481
-2579
1417
-4777
4378
4118
2764
247
-626
6015
8838
1543
6508
7367
-2628
341
4834
3437
6043
-1655
-112
1019
723
3703
3635
1542
-3471
-687
3824
-5000001
2617
-51
-1044
-273
7893
-3660
6569
5150
5273
-4561
9747
6154
9677
-1104
7921
2584
9475
8295
3457
7343
70
5115
-1908
-1104
-809
6222
1041
6907
290
-4561
4702
9348
8425
-471
8896
9656
-829
7784
-3912
1162
8862
3328
654
-626
8556
-3571
7917
-107
3328
9192
1825
936
9192
8295
9548
1992
3323
9135
6662
8705
-5000001
8526
-4351
4284
5678
-2121
6687
9389
-2733
-1314
-1408
3438
8711
1162
2445
-933
-3660
-3001
5516
-3134
5104
4720
617
-3482
-4000
2301
6307
6240
68
1954
944
8432
7982
7892
5948
-3749
-5000001
2548
683
-2458
5601
-1797
-3429
5948
-1797
8057
5102
-2466
1020
-451
2912
750
7058
7865
6831
-5000001
5666
-1724
270
1489
-43
4493
3850
-2907
8489
8560
1503
-405
9540
7414
-1454
150
3702
7982
1851
592
7165
3577
6523
-1519
-2154
-3026
8689
-3549
658
1466
5849
-51
1503
-654
4645
8414
-1806
8571
615
-2307
7694
-1138
2552
-1623
-2434
-5000001
-2197
37
307
-3485
108
4238
1643
8093
4266
4294
-3379
-2476
-3122
4120
688
2226
-2588
8493
8493
6118
1550
-5000001
-1805
7949
9088
-2276
-4076
49
2202
-823
7755
5082
-626
3733
1001
6347
1999
6289
5357
8093
9330
-2973
-3818
2009
8542
8852
2593
4518
3481
6484
645
772
4168
8472
286
-3990
2587
3750
3445
-23
8245
3027
3166
6523
5082
3452
6502
7572
-453
-4341
1834
-270
-4278
3435
124
443
3596
6212
4926
5838
1079
-3619
9131
-284
134
7533
7144
8779
-1030
5666
4975
7912
-3996
1814
4855
88
4124
5176
-433
9695
6240
-2985
2574
-4817
9932
120
7095
5450
-139
-1109
-2400
-717
5966
811
4492
6841
3895
2479
-3780
-632
-3749
8284
7196
-4485
7755
-4058
4254
-431
3188
-4213
5697
-1079
948
7914
5045
-5000001
-218
-1703
795
5380
5392
2383
-4257
4720
3495
-979
402
533
5015
-1231
8441
503
4647
-1071
6562
2327
6277
5045
-1331
-1100
8996
7099
